0 20.53890569210414
1 20.02504495628168
2 18.79615976258434
3 17.05078375503773
4 15.867221090911656
5 15.601545532496848
6 15.579741606702717
7 15.562898340968488
8 15.357867476709226
9 14.540420906341453
10 14.018570067486701
11 13.502113120755494
12 13.070454456301292
13 12.761435123481084
14 12.406210783097825
15 12.02080647676764
16 11.741917665218772
17 11.43156503306116
18 11.023166399912503
19 10.840165399903812
20 10.640615681644235
21 10.378267979371246
22 10.160865383636724
23 10.08275091239535
24 9.850179652816607
25 9.66084674852119
26 9.56080500268652
27 9.409635498388221
28 9.32700036008843
29 9.25550183839163
30 9.193993507321483
31 9.170275451806802
32 9.154905030504992
33 9.106454375770136
34 9.039333937313936
35 8.985860586857372
36 8.966028010508621
37 8.919376825589309
38 8.861415546477543
39 8.808209647620984
40 8.768681193600331
41 8.741712707743675
42 8.713704469484236
43 8.685673129777564
44 8.660002505617344
45 8.635728796544008
46 8.612323186799468
47 8.59509074374503
48 8.580162240727596
49 8.563591124629829
50 8.552009570100429
51 8.539441590286701
52 8.529362458175212
53 8.519375760450451
54 8.509629862873938
55 8.500614121808525
56 8.494667024424315
57 8.490597032585729
58 8.484881535862897
59 8.480153381905577
60 8.474502703277082
61 8.470401307427872
62 8.467286966852944
63 8.464593225044856
64 8.46240360930423
65 8.460052770586778
66 8.457814591040743
67 8.45604495009607
68 8.454544517222374
69 8.453172386845434
70 8.451761068237886
71 8.450498958310785
72 8.449506315130527
73 8.44876625320523
74 8.447915645299434
75 8.447173971526874
76 8.446578218272135
77 8.44603017167786
78 8.445514515834825
79 8.44512034074812
80 8.444722865349652
81 8.444298165157644
82 8.443969939255496
83 8.443710832429401
84 8.443424456871286
85 8.443195570579116
86 8.442997527104069
87 8.44280801251404
88 8.442626980201284
89 8.442475874156512
90 8.442354784676654
91 8.4422384298923
92 8.442121907700761
93 8.442017228541895
94 8.441913644811352
95 8.441826523564004
96 8.44175856721633
97 8.441697601053013
98 8.441631942229412
99 8.441575747912013
100 8.441515176594462
101 8.441472799393743
102 8.441426566760763
103 8.441372777178412
104 8.441332205405551
105 8.441297169440302
106 8.441262038597328
107 8.441235243752553
108 8.441206852614298
109 8.441178422294296
110 8.441150995840987
111 8.441130114558758
112 8.441107091227037
113 8.44108217656133
114 8.441064603945803
115 8.441050330090846
116 8.441032725281955
117 8.441016006981767
118 8.441002985844829
119 8.440990497485915
120 8.440976154855646
121 8.440963561119176
122 8.440954462405696
123 8.440945866246485
124 8.440933147627959
125 8.440922234075698
126 8.440913854663734
127 8.440905986572401
128 8.440899944185754
129 8.44089217048053
130 8.440883975247425
131 8.440877566522662
132 8.440872535189142
133 8.440867146631538
134 8.44086137014913
135 8.440855440971438
136 8.440850139381409
137 8.440846305255421
138 8.44084208219148
139 8.440838599255388
140 8.440833854511164
141 8.440829712344492
142 8.440826385999474
143 8.440823237175968
144 8.44082066585811
145 8.440817072588414
146 8.440814459137135
147 8.440812517806007
148 8.440810361679738
149 8.440807654948285
150 8.440804908990357
151 8.440802967134523
152 8.440801363174948
153 8.440799705705466
154 8.440797856286245
155 8.44079628716482
156 8.440794855648711
157 8.44079351920404
158 8.440792091756634
159 8.440790833219282
160 8.440789735798562
161 8.440788853959935
162 8.44078790689501
163 8.440786935063068
164 8.440786113104698
165 8.440785413656721
166 8.440784664226731
167 8.440784003931824
168 8.440783224096345
169 8.440782567543755
170 8.440781981855894
171 8.440781530490575
172 8.44078117128383
173 8.44078074686418
174 8.440780294856014
175 8.44077982326977
176 8.44077945428519
177 8.44077913040347
178 8.440778786243525
179 8.440778468606268
180 8.440778166561051
181 8.440777875792037
182 8.440777638008617
183 8.44077743040017
184 8.440777154822317
185 8.440776932339226
186 8.440776711632537
187 8.44077650494985
188 8.440776347465034
189 8.44077619274028
190 8.440776010231561
191 8.440775881181276
192 8.440775767497252
193 8.440775629972364
194 8.44077550308763
195 8.440775392999647
196 8.440775304997937
197 8.440775202667687
198 8.440775119567306
199 8.440775004769087
200 8.440774923561628
201 8.44077485765458
202 8.440774801997707
203 8.440774726324017
204 8.440774663464216
205 8.440774613040892
206 8.440774558314779
207 8.440774514348917
208 8.440774468218807
209 8.440774427725053
210 8.440774383168035
211 8.440774337147465
212 8.440774304250782
213 8.440774281073928
214 8.440774253290646
215 8.440774224422723
216 8.440774201625423
217 8.440774180707479
218 8.440774156527121
219 8.440774136261124
220 8.44077411837438
221 8.440774103343037
222 8.440774084014238
223 8.440774066044597
224 8.440774052207052
225 8.440774038663237
226 8.440774027964586
227 8.440774018226193
228 8.44077400621354
229 8.440773995325468
230 8.440773985075984
231 8.440773973453659
232 8.44077396401455
233 8.44077395725215
234 8.44077395099247
235 8.440773943203025
236 8.440773936401868
237 8.44077393163924
238 8.440773926782592
239 8.440773922160092
240 8.440773917384924
241 8.440773912103255
242 8.440773908056633
243 8.440773905010616
244 8.440773902520077
245 8.440773899406752
246 8.440773895454024
247 8.440773892494894
248 8.44077389013824
249 8.440773888023005
250 8.440773885021907
251 8.440773882803477
252 8.440773880901615
253 8.440773879276977
254 8.440773877267235
255 8.440773875361243
256 8.44077387392649
257 8.440773872349787
258 8.440773870716443
259 8.440773869501973
260 8.440773868433348
261 8.440773867089568
262 8.44077386605567
263 8.440773864933934
264 8.440773864116203
265 8.440773863264303
266 8.440773862358872
267 8.440773861466903
268 8.440773860720691
269 8.440773860125262
270 8.440773859388882
271 8.440773858737794
272 8.440773857911125
273 8.44077385725751
274 8.440773856795595
275 8.440773856462759
276 8.44077385600304
277 8.440773855533694
278 8.440773855071885
279 8.440773854699703
280 8.4407738543005
281 8.440773853963636
282 8.440773853658206
283 8.440773853334845
284 8.440773853083755
285 8.440773852864828
286 8.440773852658028
287 8.440773852420467
288 8.44077385221358
289 8.440773852056392
290 8.4407738518791
291 8.440773851728077
292 8.44077385158637
293 8.440773851461822
294 8.440773851337116
295 8.440773851213956
296 8.440773851111134
297 8.440773851035518
298 8.440773850958466
299 8.440773850832478
300 8.44077385072165
301 8.440773850642097
302 8.440773850582604
303 8.440773850535754
304 8.440773850476111
305 8.440773850412526
306 8.440773850361682
307 8.440773850309021
308 8.440773850268316
309 8.440773850224774
310 8.440773850174624
311 8.440773850137118
312 8.440773850110192
313 8.440773850085732
314 8.440773850056837
315 8.440773850031007
316 8.440773850004005
317 8.44077384997865
318 8.440773849959797
319 8.44077384993898
320 8.440773849921943
321 8.440773849899587
322 8.4407738498818
323 8.440773849868586
324 8.44077384985433
325 8.440773849835006
326 8.440773849820518
327 8.440773849809702
328 8.440773849795152
329 8.440773849782365
330 8.440773849771846
331 8.440773849764438
332 8.440773849753187
333 8.440773849743175
334 8.440773849735054
335 8.440773849728862
336 8.44077384972203
337 8.440773849714006
338 8.440773849706863
339 8.440773849701687
340 8.440773849697651
341 8.440773849692514
342 8.44077384968845
343 8.440773849684753
344 8.440773849681392
345 8.44077384967786
346 8.440773849674777
347 8.44077384967229
348 8.440773849669553
349 8.4407738496675
350 8.440773849665973
351 8.440773849664017
352 8.440773849662262
353 8.440773849660484
354 8.440773849658592
355 8.440773849656866
356 8.440773849655537
357 8.440773849654422
358 8.44077384965314
359 8.440773849652016
360 8.440773849651036
361 8.4407738496501
362 8.440773849649226
363 8.44077384964826
364 8.440773849647528
365 8.440773849646764
366 8.440773849646076
367 8.440773849645563
368 8.440773849644957
369 8.440773849644263
370 8.440773849643707
371 8.440773849643305
372 8.4407738496429
373 8.440773849642445
374 8.440773849641943
375 8.440773849641587
376 8.440773849641245
377 8.440773849640822
378 8.440773849640513
379 8.440773849640264
380 8.44077384963978
381 8.44077384963941
382 8.440773849639136
383 8.440773849638916
384 8.440773849638697
385 8.440773849638449
386 8.440773849638239
387 8.440773849638022
388 8.440773849637791
389 8.440773849637582
390 8.440773849637415
391 8.440773849637246
392 8.44077384963711
393 8.440773849636932
394 8.440773849636805
395 8.440773849636692
396 8.440773849636527
397 8.440773849636399
398 8.440773849636287
399 8.440773849636159
400 8.440773849636065
401 8.440773849635988
402 8.440773849635896
403 8.440773849635816
404 8.440773849635718
405 8.44077384963564
406 8.440773849635583
407 8.44077384963551
408 8.440773849635454
409 8.440773849635393
410 8.440773849635343
411 8.440773849635292
412 8.440773849635255
413 8.440773849635205
414 8.440773849635152
415 8.440773849635114
416 8.440773849635079
417 8.44077384963504
418 8.440773849635
419 8.44077384963497
420 8.440773849634946
421 8.440773849634919
422 8.44077384963489
423 8.440773849634855
424 8.440773849634814
425 8.440773849634786
426 8.440773849634766
427 8.44077384963475
428 8.44077384963473
429 8.440773849634708
430 8.440773849634693
431 8.440773849634672
432 8.440773849634656
433 8.44077384963464
434 8.440773849634619
435 8.440773849634606
436 8.440773849634594
437 8.44077384963458
438 8.440773849634569
439 8.440773849634557
440 8.440773849634548
441 8.440773849634539
442 8.44077384963453
443 8.440773849634525
444 8.440773849634517
445 8.44077384963451
446 8.440773849634505
447 8.440773849634503
448 8.440773849634498
449 8.440773849634494
450 8.44077384963449
451 8.440773849634487
452 8.440773849634484
453 8.44077384963448
454 8.440773849634477
455 8.440773849634475
456 8.440773849634473
457 8.44077384963447
458 8.440773849634468
459 8.440773849634466
460 8.440773849634462
461 8.440773849634462
462 8.44077384963446
463 8.44077384963446
464 8.440773849634459
465 8.440773849634459
466 8.440773849634457
467 8.440773849634455
468 8.440773849634455
469 8.440773849634455
470 8.440773849634454
471 8.440773849634454
472 8.440773849634454
473 8.440773849634454
474 8.440773849634452
475 8.440773849634452
476 8.440773849634452
477 8.44077384963445
478 8.44077384963445
479 8.44077384963445
480 8.440773849634448
481 8.440773849634448
482 8.440773849634448
483 8.440773849634448
484 8.440773849634448
485 8.440773849634448
486 8.440773849634448
487 8.440773849634448
488 8.440773849634448
489 8.440773849634448
490 8.440773849634448
491 8.440773849634448
492 8.440773849634448
493 8.440773849634448
494 8.440773849634448
495 8.440773849634448
496 8.440773849634448
497 8.440773849634448
498 8.440773849634448
499 8.440773849634448
500 8.440773849634448
501 8.440773849634448
502 8.440773849634448
503 8.440773849634448
504 8.440773849634448
505 8.440773849634448
506 8.440773849634448
507 8.440773849634448
508 8.440773849634448
509 8.440773849634448
510 8.440773849634448
511 8.440773849634448
512 8.440773849634448
513 8.440773849634448
514 8.440773849634448
515 8.440773849634448
516 8.440773849634448
517 8.440773849634448
518 8.440773849634448
519 8.440773849634448
520 8.440773849634448
521 8.440773849634448
522 8.440773849634448
523 8.440773849634448
524 8.440773849634448
525 8.440773849634448
526 8.440773849634448
527 8.440773849634448
528 8.440773849634448
529 8.440773849634448
530 8.440773849634448
531 8.440773849634448
532 8.440773849634448
533 8.440773849634448
534 8.440773849634448
535 8.440773849634448
536 8.440773849634448
537 8.440773849634448
538 8.440773849634448
539 8.440773849634448
540 8.440773849634448
541 8.440773849634448
542 8.440773849634448
543 8.440773849634448
544 8.440773849634448
545 8.440773849634448
546 8.440773849634448
547 8.440773849634448
548 8.440773849634448
549 8.440773849634448
550 8.440773849634448
551 8.440773849634448
552 8.440773849634448
553 8.440773849634448
554 8.440773849634448
555 8.440773849634448
556 8.440773849634448
557 8.440773849634448
558 8.440773849634448
559 8.440773849634448
560 8.440773849634448
561 8.440773849634448
562 8.440773849634448
563 8.440773849634448
564 8.440773849634448
565 8.440773849634448
566 8.440773849634448
567 8.440773849634448
568 8.440773849634448
569 8.440773849634448
570 8.440773849634448
571 8.440773849634448
572 8.440773849634448
573 8.440773849634448
574 8.440773849634448
575 8.440773849634448
576 8.440773849634448
577 8.440773849634448
578 8.440773849634448
579 8.440773849634448
580 8.440773849634448
581 8.440773849634448
582 8.440773849634448
583 8.440773849634448
584 8.440773849634448
585 8.440773849634448
586 8.440773849634448
587 8.440773849634448
588 8.440773849634448
589 8.440773849634448
590 8.440773849634448
591 8.440773849634448
592 8.440773849634448
593 8.440773849634448
594 8.440773849634448
595 8.440773849634448
596 8.440773849634448
597 8.440773849634448
598 8.440773849634448
599 8.440773849634448
600 8.440773849634448
601 8.440773849634448
602 8.440773849634448
603 8.440773849634448
604 8.440773849634448
605 8.440773849634448
606 8.440773849634448
607 8.440773849634448
608 8.440773849634448
609 8.440773849634448
610 8.440773849634448
611 8.440773849634448
612 8.440773849634448
613 8.440773849634448
614 8.440773849634448
615 8.440773849634448
616 8.440773849634448
617 8.440773849634448
618 8.440773849634448
619 8.440773849634448
620 8.440773849634448
621 8.440773849634448
622 8.440773849634448
623 8.440773849634448
624 8.440773849634448
625 8.440773849634448
626 8.440773849634448
627 8.440773849634448
628 8.440773849634448
629 8.440773849634448
630 8.440773849634448
631 8.440773849634448
632 8.440773849634448
633 8.440773849634448
634 8.440773849634448
635 8.440773849634448
636 8.440773849634448
637 8.440773849634448
638 8.440773849634448
639 8.440773849634448
640 8.440773849634448
641 8.440773849634448
642 8.440773849634448
643 8.440773849634448
644 8.440773849634448
645 8.440773849634448
646 8.440773849634448
647 8.440773849634448
648 8.440773849634448
649 8.440773849634448
650 8.440773849634448
651 8.440773849634448
652 8.440773849634448
653 8.440773849634448
654 8.440773849634448
655 8.440773849634448
656 8.440773849634448
657 8.440773849634448
658 8.440773849634448
659 8.440773849634448
660 8.440773849634448
661 8.440773849634448
662 8.440773849634448
663 8.440773849634448
664 8.440773849634448
665 8.440773849634448
666 8.440773849634448
667 8.440773849634448
668 8.440773849634448
669 8.440773849634448
670 8.440773849634448
671 8.440773849634448
672 8.440773849634448
673 8.440773849634448
674 8.440773849634448
675 8.440773849634448
676 8.440773849634448
677 8.440773849634448
678 8.440773849634448
679 8.440773849634448
680 8.440773849634448
681 8.440773849634448
682 8.440773849634448
683 8.440773849634448
684 8.440773849634448
685 8.440773849634448
686 8.440773849634448
687 8.440773849634448
688 8.440773849634448
689 8.440773849634448
690 8.440773849634448
691 8.440773849634448
692 8.440773849634448
693 8.440773849634448
694 8.440773849634448
695 8.440773849634448
696 8.440773849634448
697 8.440773849634448
698 8.440773849634448
699 8.440773849634448
700 8.440773849634448
701 8.440773849634448
702 8.440773849634448
703 8.440773849634448
704 8.440773849634448
705 8.440773849634448
706 8.440773849634448
707 8.440773849634448
708 8.440773849634448
709 8.440773849634448
710 8.440773849634448
711 8.440773849634448
712 8.440773849634448
713 8.440773849634448
714 8.440773849634448
715 8.440773849634448
716 8.440773849634448
717 8.440773849634448
718 8.440773849634448
719 8.440773849634448
720 8.440773849634448
721 8.440773849634448
722 8.440773849634448
723 8.440773849634448
724 8.440773849634448
725 8.440773849634448
726 8.440773849634448
727 8.440773849634448
728 8.440773849634448
729 8.440773849634448
730 8.440773849634448
731 8.440773849634448
732 8.440773849634448
733 8.440773849634448
734 8.440773849634448
735 8.440773849634448
736 8.440773849634448
737 8.440773849634448
738 8.440773849634448
739 8.440773849634448
740 8.440773849634448
741 8.440773849634448
742 8.440773849634448
743 8.440773849634448
744 8.440773849634448
745 8.440773849634448
746 8.440773849634448
747 8.440773849634448
748 8.440773849634448
749 8.440773849634448
750 8.440773849634448
751 8.440773849634448
752 8.440773849634448
753 8.440773849634448
754 8.440773849634448
755 8.440773849634448
756 8.440773849634448
757 8.440773849634448
758 8.440773849634448
759 8.440773849634448
760 8.440773849634448
761 8.440773849634448
762 8.440773849634448
763 8.440773849634448
764 8.440773849634448
765 8.440773849634448
766 8.440773849634448
767 8.440773849634448
768 8.440773849634448
769 8.440773849634448
770 8.440773849634448
771 8.440773849634448
772 8.440773849634448
773 8.440773849634448
774 8.440773849634448
775 8.440773849634448
776 8.440773849634448
777 8.440773849634448
778 8.440773849634448
779 8.440773849634448
780 8.440773849634448
781 8.440773849634448
782 8.440773849634448
783 8.440773849634448
784 8.440773849634448
785 8.440773849634448
786 8.440773849634448
787 8.440773849634448
788 8.440773849634448
789 8.440773849634448
790 8.440773849634448
791 8.440773849634448
792 8.440773849634448
793 8.440773849634448
794 8.440773849634448
795 8.440773849634448
796 8.440773849634448
797 8.440773849634448
798 8.440773849634448
799 8.440773849634448
800 8.440773849634448
801 8.440773849634448
802 8.440773849634448
803 8.440773849634448
804 8.440773849634448
805 8.440773849634448
806 8.440773849634448
807 8.440773849634448
808 8.440773849634448
809 8.440773849634448
810 8.440773849634448
811 8.440773849634448
812 8.440773849634448
813 8.440773849634448
814 8.440773849634448
815 8.440773849634448
816 8.440773849634448
817 8.440773849634448
818 8.440773849634448
819 8.440773849634448
820 8.440773849634448
821 8.440773849634448
822 8.440773849634448
823 8.440773849634448
824 8.440773849634448
825 8.440773849634448
826 8.440773849634448
827 8.440773849634448
828 8.440773849634448
829 8.440773849634448
830 8.440773849634448
831 8.440773849634448
832 8.440773849634448
833 8.440773849634448
834 8.440773849634448
835 8.440773849634448
836 8.440773849634448
837 8.440773849634448
838 8.440773849634448
839 8.440773849634448
840 8.440773849634448
841 8.440773849634448
842 8.440773849634448
843 8.440773849634448
844 8.440773849634448
845 8.440773849634448
846 8.440773849634448
847 8.440773849634448
848 8.440773849634448
849 8.440773849634448
850 8.440773849634448
851 8.440773849634448
852 8.440773849634448
853 8.440773849634448
854 8.440773849634448
855 8.440773849634448
856 8.440773849634448
857 8.440773849634448
858 8.440773849634448
859 8.440773849634448
860 8.440773849634448
861 8.440773849634448
862 8.440773849634448
863 8.440773849634448
864 8.440773849634448
865 8.440773849634448
866 8.440773849634448
867 8.440773849634448
868 8.440773849634448
869 8.440773849634448
870 8.440773849634448
871 8.440773849634448
872 8.440773849634448
873 8.440773849634448
874 8.440773849634448
875 8.440773849634448
876 8.440773849634448
877 8.440773849634448
878 8.440773849634448
879 8.440773849634448
880 8.440773849634448
881 8.440773849634448
882 8.440773849634448
883 8.440773849634448
884 8.440773849634448
885 8.440773849634448
886 8.440773849634448
887 8.440773849634448
888 8.440773849634448
889 8.440773849634448
890 8.440773849634448
891 8.440773849634448
892 8.440773849634448
893 8.440773849634448
894 8.440773849634448
895 8.440773849634448
896 8.440773849634448
897 8.440773849634448
898 8.440773849634448
899 8.440773849634448
900 8.440773849634448
901 8.440773849634448
902 8.440773849634448
903 8.440773849634448
904 8.440773849634448
905 8.440773849634448
906 8.440773849634448
907 8.440773849634448
908 8.440773849634448
909 8.440773849634448
910 8.440773849634448
911 8.440773849634448
912 8.440773849634448
913 8.440773849634448
914 8.440773849634448
915 8.440773849634448
916 8.440773849634448
917 8.440773849634448
918 8.440773849634448
919 8.440773849634448
920 8.440773849634448
921 8.440773849634448
922 8.440773849634448
923 8.440773849634448
924 8.440773849634448
925 8.440773849634448
926 8.440773849634448
927 8.440773849634448
928 8.440773849634448
929 8.440773849634448
930 8.440773849634448
931 8.440773849634448
932 8.440773849634448
933 8.440773849634448
934 8.440773849634448
935 8.440773849634448
936 8.440773849634448
937 8.440773849634448
938 8.440773849634448
939 8.440773849634448
940 8.440773849634448
941 8.440773849634448
942 8.440773849634448
943 8.440773849634448
944 8.440773849634448
945 8.440773849634448
946 8.440773849634448
947 8.440773849634448
948 8.440773849634448
949 8.440773849634448
950 8.440773849634448
951 8.440773849634448
952 8.440773849634448
953 8.440773849634448
954 8.440773849634448
955 8.440773849634448
956 8.440773849634448
957 8.440773849634448
958 8.440773849634448
959 8.440773849634448
960 8.440773849634448
961 8.440773849634448
962 8.440773849634448
963 8.440773849634448
964 8.440773849634448
965 8.440773849634448
966 8.440773849634448
967 8.440773849634448
968 8.440773849634448
969 8.440773849634448
970 8.440773849634448
971 8.440773849634448
972 8.440773849634448
973 8.440773849634448
974 8.440773849634448
975 8.440773849634448
976 8.440773849634448
977 8.440773849634448
978 8.440773849634448
979 8.440773849634448
980 8.440773849634448
981 8.440773849634448
982 8.440773849634448
983 8.440773849634448
984 8.440773849634448
985 8.440773849634448
986 8.440773849634448
987 8.440773849634448
988 8.440773849634448
989 8.440773849634448
990 8.440773849634448
991 8.440773849634448
992 8.440773849634448
993 8.440773849634448
994 8.440773849634448
995 8.440773849634448
996 8.440773849634448
997 8.440773849634448
998 8.440773849634448
999 8.440773849634448
1000 8.440773849634448
1001 8.440773849634448
1002 8.440773849634448
1003 8.440773849634448
1004 8.440773849634448
1005 8.440773849634448
1006 8.440773849634448
1007 8.440773849634448
1008 8.440773849634448
1009 8.440773849634448
1010 8.440773849634448
1011 8.440773849634448
1012 8.440773849634448
1013 8.440773849634448
1014 8.440773849634448
1015 8.440773849634448
1016 8.440773849634448
1017 8.440773849634448
1018 8.440773849634448
1019 8.440773849634448
1020 8.440773849634448
1021 8.440773849634448
1022 8.440773849634448
1023 8.440773849634448
1024 8.440773849634448
1025 8.440773849634448
1026 8.440773849634448
1027 8.440773849634448
1028 8.440773849634448
1029 8.440773849634448
1030 8.440773849634448
1031 8.440773849634448
1032 8.440773849634448
1033 8.440773849634448
1034 8.440773849634448
1035 8.440773849634448
1036 8.440773849634448
1037 8.440773849634448
1038 8.440773849634448
1039 8.440773849634448
1040 8.440773849634448
1041 8.440773849634448
1042 8.440773849634448
1043 8.440773849634448
1044 8.440773849634448
1045 8.440773849634448
1046 8.440773849634448
1047 8.440773849634448
1048 8.440773849634448
1049 8.440773849634448
1050 8.440773849634448
1051 8.440773849634448
1052 8.440773849634448
1053 8.440773849634448
1054 8.440773849634448
1055 8.440773849634448
1056 8.440773849634448
1057 8.440773849634448
1058 8.440773849634448
1059 8.440773849634448
1060 8.440773849634448
1061 8.440773849634448
1062 8.440773849634448
1063 8.440773849634448
1064 8.440773849634448
1065 8.440773849634448
1066 8.440773849634448
1067 8.440773849634448
1068 8.440773849634448
1069 8.440773849634448
1070 8.440773849634448
1071 8.440773849634448
1072 8.440773849634448
1073 8.440773849634448
1074 8.440773849634448
1075 8.440773849634448
1076 8.440773849634448
1077 8.440773849634448
1078 8.440773849634448
1079 8.440773849634448
1080 8.440773849634448
1081 8.440773849634448
1082 8.440773849634448
1083 8.440773849634448
1084 8.440773849634448
1085 8.440773849634448
1086 8.440773849634448
1087 8.440773849634448
1088 8.440773849634448
1089 8.440773849634448
1090 8.440773849634448
1091 8.440773849634448
1092 8.440773849634448
1093 8.440773849634448
1094 8.440773849634448
1095 8.440773849634448
1096 8.440773849634448
1097 8.440773849634448
1098 8.440773849634448
1099 8.440773849634448
1100 8.440773849634448
1101 8.440773849634448
1102 8.440773849634448
1103 8.440773849634448
1104 8.440773849634448
1105 8.440773849634448
1106 8.440773849634448
1107 8.440773849634448
1108 8.440773849634448
1109 8.440773849634448
1110 8.440773849634448
1111 8.440773849634448
1112 8.440773849634448
1113 8.440773849634448
1114 8.440773849634448
1115 8.440773849634448
1116 8.440773849634448
1117 8.440773849634448
1118 8.440773849634448
1119 8.440773849634448
1120 8.440773849634448
1121 8.440773849634448
1122 8.440773849634448
1123 8.440773849634448
1124 8.440773849634448
1125 8.440773849634448
1126 8.440773849634448
1127 8.440773849634448
1128 8.440773849634448
1129 8.440773849634448
1130 8.440773849634448
1131 8.440773849634448
1132 8.440773849634448
1133 8.440773849634448
1134 8.440773849634448
1135 8.440773849634448
1136 8.440773849634448
1137 8.440773849634448
1138 8.440773849634448
1139 8.440773849634448
1140 8.440773849634448
1141 8.440773849634448
1142 8.440773849634448
1143 8.440773849634448
1144 8.440773849634448
1145 8.440773849634448
1146 8.440773849634448
1147 8.440773849634448
1148 8.440773849634448
1149 8.440773849634448
1150 8.440773849634448
1151 8.440773849634448
1152 8.440773849634448
1153 8.440773849634448
1154 8.440773849634448
1155 8.440773849634448
1156 8.440773849634448
1157 8.440773849634448
1158 8.440773849634448
1159 8.440773849634448
1160 8.440773849634448
1161 8.440773849634448
1162 8.440773849634448
1163 8.440773849634448
1164 8.440773849634448
1165 8.440773849634448
1166 8.440773849634448
1167 8.440773849634448
1168 8.440773849634448
1169 8.440773849634448
1170 8.440773849634448
1171 8.440773849634448
1172 8.440773849634448
1173 8.440773849634448
1174 8.440773849634448
1175 8.440773849634448
1176 8.440773849634448
1177 8.440773849634448
1178 8.440773849634448
1179 8.440773849634448
1180 8.440773849634448
1181 8.440773849634448
1182 8.440773849634448
1183 8.440773849634448
1184 8.440773849634448
1185 8.440773849634448
1186 8.440773849634448
1187 8.440773849634448
1188 8.440773849634448
1189 8.440773849634448
1190 8.440773849634448
1191 8.440773849634448
1192 8.440773849634448
1193 8.440773849634448
1194 8.440773849634448
1195 8.440773849634448
1196 8.440773849634448
1197 8.440773849634448
1198 8.440773849634448
1199 8.440773849634448
1200 8.440773849634448
1201 8.440773849634448
1202 8.440773849634448
1203 8.440773849634448
1204 8.440773849634448
1205 8.440773849634448
1206 8.440773849634448
1207 8.440773849634448
1208 8.440773849634448
1209 8.440773849634448
1210 8.440773849634448
1211 8.440773849634448
1212 8.440773849634448
1213 8.440773849634448
1214 8.440773849634448
1215 8.440773849634448
1216 8.440773849634448
1217 8.440773849634448
1218 8.440773849634448
1219 8.440773849634448
1220 8.440773849634448
1221 8.440773849634448
1222 8.440773849634448
1223 8.440773849634448
1224 8.440773849634448
1225 8.440773849634448
1226 8.440773849634448
1227 8.440773849634448
1228 8.440773849634448
1229 8.440773849634448
1230 8.440773849634448
1231 8.440773849634448
1232 8.440773849634448
1233 8.440773849634448
1234 8.440773849634448
1235 8.440773849634448
1236 8.440773849634448
1237 8.440773849634448
1238 8.440773849634448
1239 8.440773849634448
1240 8.440773849634448
1241 8.440773849634448
1242 8.440773849634448
1243 8.440773849634448
1244 8.440773849634448
1245 8.440773849634448
1246 8.440773849634448
1247 8.440773849634448
1248 8.440773849634448
1249 8.440773849634448
1250 8.440773849634448
1251 8.440773849634448
1252 8.440773849634448
1253 8.440773849634448
1254 8.440773849634448
1255 8.440773849634448
1256 8.440773849634448
1257 8.440773849634448
1258 8.440773849634448
1259 8.440773849634448
1260 8.440773849634448
1261 8.440773849634448
1262 8.440773849634448
1263 8.440773849634448
1264 8.440773849634448
1265 8.440773849634448
1266 8.440773849634448
1267 8.440773849634448
1268 8.440773849634448
1269 8.440773849634448
1270 8.440773849634448
1271 8.440773849634448
1272 8.440773849634448
1273 8.440773849634448
1274 8.440773849634448
1275 8.440773849634448
1276 8.440773849634448
1277 8.440773849634448
1278 8.440773849634448
1279 8.440773849634448
1280 8.440773849634448
1281 8.440773849634448
1282 8.440773849634448
1283 8.440773849634448
1284 8.440773849634448
1285 8.440773849634448
1286 8.440773849634448
1287 8.440773849634448
1288 8.440773849634448
1289 8.440773849634448
1290 8.440773849634448
1291 8.440773849634448
1292 8.440773849634448
1293 8.440773849634448
1294 8.440773849634448
1295 8.440773849634448
1296 8.440773849634448
1297 8.440773849634448
1298 8.440773849634448
1299 8.440773849634448
1300 8.440773849634448
1301 8.440773849634448
1302 8.440773849634448
1303 8.440773849634448
1304 8.440773849634448
1305 8.440773849634448
1306 8.440773849634448
1307 8.440773849634448
1308 8.440773849634448
1309 8.440773849634448
1310 8.440773849634448
1311 8.440773849634448
1312 8.440773849634448
1313 8.440773849634448
1314 8.440773849634448
1315 8.440773849634448
1316 8.440773849634448
1317 8.440773849634448
1318 8.440773849634448
1319 8.440773849634448
1320 8.440773849634448
1321 8.440773849634448
1322 8.440773849634448
1323 8.440773849634448
1324 8.440773849634448
1325 8.440773849634448
1326 8.440773849634448
1327 8.440773849634448
1328 8.440773849634448
1329 8.440773849634448
1330 8.440773849634448
1331 8.440773849634448
1332 8.440773849634448
1333 8.440773849634448
1334 8.440773849634448
1335 8.440773849634448
1336 8.440773849634448
1337 8.440773849634448
1338 8.440773849634448
1339 8.440773849634448
1340 8.440773849634448
1341 8.440773849634448
1342 8.440773849634448
1343 8.440773849634448
1344 8.440773849634448
1345 8.440773849634448
1346 8.440773849634448
1347 8.440773849634448
1348 8.440773849634448
1349 8.440773849634448
1350 8.440773849634448
1351 8.440773849634448
1352 8.440773849634448
1353 8.440773849634448
1354 8.440773849634448
1355 8.440773849634448
1356 8.440773849634448
1357 8.440773849634448
1358 8.440773849634448
1359 8.440773849634448
1360 8.440773849634448
1361 8.440773849634448
1362 8.440773849634448
1363 8.440773849634448
1364 8.440773849634448
1365 8.440773849634448
1366 8.440773849634448
1367 8.440773849634448
1368 8.440773849634448
1369 8.440773849634448
1370 8.440773849634448
1371 8.440773849634448
1372 8.440773849634448
1373 8.440773849634448
1374 8.440773849634448
1375 8.440773849634448
1376 8.440773849634448
1377 8.440773849634448
1378 8.440773849634448
1379 8.440773849634448
1380 8.440773849634448
1381 8.440773849634448
1382 8.440773849634448
1383 8.440773849634448
1384 8.440773849634448
1385 8.440773849634448
1386 8.440773849634448
1387 8.440773849634448
1388 8.440773849634448
1389 8.440773849634448
1390 8.440773849634448
1391 8.440773849634448
1392 8.440773849634448
1393 8.440773849634448
1394 8.440773849634448
1395 8.440773849634448
1396 8.440773849634448
1397 8.440773849634448
1398 8.440773849634448
1399 8.440773849634448
1400 8.440773849634448
1401 8.440773849634448
1402 8.440773849634448
1403 8.440773849634448
1404 8.440773849634448
1405 8.440773849634448
1406 8.440773849634448
1407 8.440773849634448
1408 8.440773849634448
1409 8.440773849634448
1410 8.440773849634448
1411 8.440773849634448
1412 8.440773849634448
1413 8.440773849634448
1414 8.440773849634448
1415 8.440773849634448
1416 8.440773849634448
1417 8.440773849634448
1418 8.440773849634448
1419 8.440773849634448
1420 8.440773849634448
1421 8.440773849634448
1422 8.440773849634448
1423 8.440773849634448
1424 8.440773849634448
1425 8.440773849634448
1426 8.440773849634448
1427 8.440773849634448
1428 8.440773849634448
1429 8.440773849634448
1430 8.440773849634448
1431 8.440773849634448
1432 8.440773849634448
1433 8.440773849634448
1434 8.440773849634448
1435 8.440773849634448
1436 8.440773849634448
1437 8.440773849634448
1438 8.440773849634448
1439 8.440773849634448
1440 8.440773849634448
1441 8.440773849634448
1442 8.440773849634448
1443 8.440773849634448
1444 8.440773849634448
1445 8.440773849634448
1446 8.440773849634448
1447 8.440773849634448
1448 8.440773849634448
1449 8.440773849634448
1450 8.440773849634448
1451 8.440773849634448
1452 8.440773849634448
1453 8.440773849634448
1454 8.440773849634448
1455 8.440773849634448
1456 8.440773849634448
1457 8.440773849634448
1458 8.440773849634448
1459 8.440773849634448
1460 8.440773849634448
1461 8.440773849634448
1462 8.440773849634448
1463 8.440773849634448
1464 8.440773849634448
1465 8.440773849634448
1466 8.440773849634448
1467 8.440773849634448
1468 8.440773849634448
1469 8.440773849634448
1470 8.440773849634448
1471 8.440773849634448
1472 8.440773849634448
1473 8.440773849634448
1474 8.440773849634448
1475 8.440773849634448
1476 8.440773849634448
1477 8.440773849634448
1478 8.440773849634448
1479 8.440773849634448
1480 8.440773849634448
1481 8.440773849634448
1482 8.440773849634448
1483 8.440773849634448
1484 8.440773849634448
1485 8.440773849634448
1486 8.440773849634448
1487 8.440773849634448
1488 8.440773849634448
1489 8.440773849634448
1490 8.440773849634448
1491 8.440773849634448
1492 8.440773849634448
1493 8.440773849634448
1494 8.440773849634448
1495 8.440773849634448
1496 8.440773849634448
1497 8.440773849634448
1498 8.440773849634448
1499 8.440773849634448
1500 8.440773849634448
1501 8.440773849634448
1502 8.440773849634448
1503 8.440773849634448
1504 8.440773849634448
1505 8.440773849634448
1506 8.440773849634448
1507 8.440773849634448
1508 8.440773849634448
1509 8.440773849634448
1510 8.440773849634448
1511 8.440773849634448
1512 8.440773849634448
1513 8.440773849634448
1514 8.440773849634448
1515 8.440773849634448
1516 8.440773849634448
1517 8.440773849634448
1518 8.440773849634448
1519 8.440773849634448
1520 8.440773849634448
1521 8.440773849634448
1522 8.440773849634448
1523 8.440773849634448
1524 8.440773849634448
1525 8.440773849634448
1526 8.440773849634448
1527 8.440773849634448
1528 8.440773849634448
1529 8.440773849634448
1530 8.440773849634448
1531 8.440773849634448
1532 8.440773849634448
1533 8.440773849634448
1534 8.440773849634448
1535 8.440773849634448
1536 8.440773849634448
1537 8.440773849634448
1538 8.440773849634448
1539 8.440773849634448
1540 8.440773849634448
1541 8.440773849634448
1542 8.440773849634448
1543 8.440773849634448
1544 8.440773849634448
1545 8.440773849634448
1546 8.440773849634448
1547 8.440773849634448
1548 8.440773849634448
1549 8.440773849634448
1550 8.440773849634448
1551 8.440773849634448
1552 8.440773849634448
1553 8.440773849634448
1554 8.440773849634448
1555 8.440773849634448
1556 8.440773849634448
1557 8.440773849634448
1558 8.440773849634448
1559 8.440773849634448
1560 8.440773849634448
1561 8.440773849634448
1562 8.440773849634448
1563 8.440773849634448
1564 8.440773849634448
1565 8.440773849634448
1566 8.440773849634448
1567 8.440773849634448
1568 8.440773849634448
1569 8.440773849634448
1570 8.440773849634448
1571 8.440773849634448
1572 8.440773849634448
1573 8.440773849634448
1574 8.440773849634448
1575 8.440773849634448
1576 8.440773849634448
1577 8.440773849634448
1578 8.440773849634448
1579 8.440773849634448
1580 8.440773849634448
1581 8.440773849634448
1582 8.440773849634448
1583 8.440773849634448
1584 8.440773849634448
1585 8.440773849634448
1586 8.440773849634448
1587 8.440773849634448
1588 8.440773849634448
1589 8.440773849634448
1590 8.440773849634448
1591 8.440773849634448
1592 8.440773849634448
1593 8.440773849634448
1594 8.440773849634448
1595 8.440773849634448
1596 8.440773849634448
1597 8.440773849634448
1598 8.440773849634448
1599 8.440773849634448
1600 8.440773849634448
1601 8.440773849634448
1602 8.440773849634448
1603 8.440773849634448
1604 8.440773849634448
1605 8.440773849634448
1606 8.440773849634448
1607 8.440773849634448
1608 8.440773849634448
1609 8.440773849634448
1610 8.440773849634448
1611 8.440773849634448
1612 8.440773849634448
1613 8.440773849634448
1614 8.440773849634448
1615 8.440773849634448
1616 8.440773849634448
1617 8.440773849634448
1618 8.440773849634448
1619 8.440773849634448
1620 8.440773849634448
1621 8.440773849634448
1622 8.440773849634448
1623 8.440773849634448
1624 8.440773849634448
1625 8.440773849634448
1626 8.440773849634448
1627 8.440773849634448
1628 8.440773849634448
1629 8.440773849634448
1630 8.440773849634448
1631 8.440773849634448
1632 8.440773849634448
1633 8.440773849634448
1634 8.440773849634448
1635 8.440773849634448
1636 8.440773849634448
1637 8.440773849634448
1638 8.440773849634448
1639 8.440773849634448
1640 8.440773849634448
1641 8.440773849634448
1642 8.440773849634448
1643 8.440773849634448
1644 8.440773849634448
1645 8.440773849634448
1646 8.440773849634448
1647 8.440773849634448
1648 8.440773849634448
1649 8.440773849634448
1650 8.440773849634448
1651 8.440773849634448
1652 8.440773849634448
1653 8.440773849634448
1654 8.440773849634448
1655 8.440773849634448
1656 8.440773849634448
1657 8.440773849634448
1658 8.440773849634448
1659 8.440773849634448
1660 8.440773849634448
1661 8.440773849634448
1662 8.440773849634448
1663 8.440773849634448
1664 8.440773849634448
1665 8.440773849634448
1666 8.440773849634448
1667 8.440773849634448
1668 8.440773849634448
1669 8.440773849634448
1670 8.440773849634448
1671 8.440773849634448
1672 8.440773849634448
1673 8.440773849634448
1674 8.440773849634448
1675 8.440773849634448
1676 8.440773849634448
1677 8.440773849634448
1678 8.440773849634448
1679 8.440773849634448
1680 8.440773849634448
1681 8.440773849634448
1682 8.440773849634448
1683 8.440773849634448
1684 8.440773849634448
1685 8.440773849634448
1686 8.440773849634448
1687 8.440773849634448
1688 8.440773849634448
1689 8.440773849634448
1690 8.440773849634448
1691 8.440773849634448
1692 8.440773849634448
1693 8.440773849634448
1694 8.440773849634448
1695 8.440773849634448
1696 8.440773849634448
1697 8.440773849634448
1698 8.440773849634448
1699 8.440773849634448
1700 8.440773849634448
1701 8.440773849634448
1702 8.440773849634448
1703 8.440773849634448
1704 8.440773849634448
1705 8.440773849634448
1706 8.440773849634448
1707 8.440773849634448
1708 8.440773849634448
1709 8.440773849634448
1710 8.440773849634448
1711 8.440773849634448
1712 8.440773849634448
1713 8.440773849634448
1714 8.440773849634448
1715 8.440773849634448
1716 8.440773849634448
1717 8.440773849634448
1718 8.440773849634448
1719 8.440773849634448
1720 8.440773849634448
1721 8.440773849634448
1722 8.440773849634448
1723 8.440773849634448
1724 8.440773849634448
1725 8.440773849634448
1726 8.440773849634448
1727 8.440773849634448
1728 8.440773849634448
1729 8.440773849634448
1730 8.440773849634448
1731 8.440773849634448
1732 8.440773849634448
1733 8.440773849634448
1734 8.440773849634448
1735 8.440773849634448
1736 8.440773849634448
1737 8.440773849634448
1738 8.440773849634448
1739 8.440773849634448
1740 8.440773849634448
1741 8.440773849634448
1742 8.440773849634448
1743 8.440773849634448
1744 8.440773849634448
1745 8.440773849634448
1746 8.440773849634448
1747 8.440773849634448
1748 8.440773849634448
1749 8.440773849634448
1750 8.440773849634448
1751 8.440773849634448
1752 8.440773849634448
1753 8.440773849634448
1754 8.440773849634448
1755 8.440773849634448
1756 8.440773849634448
1757 8.440773849634448
1758 8.440773849634448
1759 8.440773849634448
1760 8.440773849634448
1761 8.440773849634448
1762 8.440773849634448
1763 8.440773849634448
1764 8.440773849634448
1765 8.440773849634448
1766 8.440773849634448
1767 8.440773849634448
1768 8.440773849634448
1769 8.440773849634448
1770 8.440773849634448
1771 8.440773849634448
1772 8.440773849634448
1773 8.440773849634448
1774 8.440773849634448
1775 8.440773849634448
1776 8.440773849634448
1777 8.440773849634448
1778 8.440773849634448
1779 8.440773849634448
1780 8.440773849634448
1781 8.440773849634448
1782 8.440773849634448
1783 8.440773849634448
1784 8.440773849634448
1785 8.440773849634448
1786 8.440773849634448
1787 8.440773849634448
1788 8.440773849634448
1789 8.440773849634448
1790 8.440773849634448
1791 8.440773849634448
1792 8.440773849634448
1793 8.440773849634448
1794 8.440773849634448
1795 8.440773849634448
1796 8.440773849634448
1797 8.440773849634448
1798 8.440773849634448
1799 8.440773849634448
1800 8.440773849634448
1801 8.440773849634448
1802 8.440773849634448
1803 8.440773849634448
1804 8.440773849634448
1805 8.440773849634448
1806 8.440773849634448
1807 8.440773849634448
1808 8.440773849634448
1809 8.440773849634448
1810 8.440773849634448
1811 8.440773849634448
1812 8.440773849634448
1813 8.440773849634448
1814 8.440773849634448
1815 8.440773849634448
1816 8.440773849634448
1817 8.440773849634448
1818 8.440773849634448
1819 8.440773849634448
1820 8.440773849634448
1821 8.440773849634448
1822 8.440773849634448
1823 8.440773849634448
1824 8.440773849634448
1825 8.440773849634448
1826 8.440773849634448
1827 8.440773849634448
1828 8.440773849634448
1829 8.440773849634448
1830 8.440773849634448
1831 8.440773849634448
1832 8.440773849634448
1833 8.440773849634448
1834 8.440773849634448
1835 8.440773849634448
1836 8.440773849634448
1837 8.440773849634448
1838 8.440773849634448
1839 8.440773849634448
1840 8.440773849634448
1841 8.440773849634448
1842 8.440773849634448
1843 8.440773849634448
1844 8.440773849634448
1845 8.440773849634448
1846 8.440773849634448
1847 8.440773849634448
1848 8.440773849634448
1849 8.440773849634448
1850 8.440773849634448
1851 8.440773849634448
1852 8.440773849634448
1853 8.440773849634448
1854 8.440773849634448
1855 8.440773849634448
1856 8.440773849634448
1857 8.440773849634448
1858 8.440773849634448
1859 8.440773849634448
1860 8.440773849634448
1861 8.440773849634448
1862 8.440773849634448
1863 8.440773849634448
1864 8.440773849634448
1865 8.440773849634448
1866 8.440773849634448
1867 8.440773849634448
1868 8.440773849634448
1869 8.440773849634448
1870 8.440773849634448
1871 8.440773849634448
1872 8.440773849634448
1873 8.440773849634448
1874 8.440773849634448
1875 8.440773849634448
1876 8.440773849634448
1877 8.440773849634448
1878 8.440773849634448
1879 8.440773849634448
1880 8.440773849634448
1881 8.440773849634448
1882 8.440773849634448
1883 8.440773849634448
1884 8.440773849634448
1885 8.440773849634448
1886 8.440773849634448
1887 8.440773849634448
1888 8.440773849634448
1889 8.440773849634448
1890 8.440773849634448
1891 8.440773849634448
1892 8.440773849634448
1893 8.440773849634448
1894 8.440773849634448
1895 8.440773849634448
1896 8.440773849634448
1897 8.440773849634448
1898 8.440773849634448
1899 8.440773849634448
1900 8.440773849634448
1901 8.440773849634448
1902 8.440773849634448
1903 8.440773849634448
1904 8.440773849634448
1905 8.440773849634448
1906 8.440773849634448
1907 8.440773849634448
1908 8.440773849634448
1909 8.440773849634448
1910 8.440773849634448
1911 8.440773849634448
1912 8.440773849634448
1913 8.440773849634448
1914 8.440773849634448
1915 8.440773849634448
1916 8.440773849634448
1917 8.440773849634448
1918 8.440773849634448
1919 8.440773849634448
1920 8.440773849634448
1921 8.440773849634448
1922 8.440773849634448
1923 8.440773849634448
1924 8.440773849634448
1925 8.440773849634448
1926 8.440773849634448
1927 8.440773849634448
1928 8.440773849634448
1929 8.440773849634448
1930 8.440773849634448
1931 8.440773849634448
1932 8.440773849634448
1933 8.440773849634448
1934 8.440773849634448
1935 8.440773849634448
1936 8.440773849634448
1937 8.440773849634448
1938 8.440773849634448
1939 8.440773849634448
1940 8.440773849634448
1941 8.440773849634448
1942 8.440773849634448
1943 8.440773849634448
1944 8.440773849634448
1945 8.440773849634448
1946 8.440773849634448
1947 8.440773849634448
1948 8.440773849634448
1949 8.440773849634448
1950 8.440773849634448
1951 8.440773849634448
1952 8.440773849634448
1953 8.440773849634448
1954 8.440773849634448
1955 8.440773849634448
1956 8.440773849634448
1957 8.440773849634448
1958 8.440773849634448
1959 8.440773849634448
1960 8.440773849634448
1961 8.440773849634448
1962 8.440773849634448
1963 8.440773849634448
1964 8.440773849634448
1965 8.440773849634448
1966 8.440773849634448
1967 8.440773849634448
1968 8.440773849634448
1969 8.440773849634448
1970 8.440773849634448
1971 8.440773849634448
1972 8.440773849634448
1973 8.440773849634448
1974 8.440773849634448
1975 8.440773849634448
1976 8.440773849634448
1977 8.440773849634448
1978 8.440773849634448
1979 8.440773849634448
1980 8.440773849634448
1981 8.440773849634448
1982 8.440773849634448
1983 8.440773849634448
1984 8.440773849634448
1985 8.440773849634448
1986 8.440773849634448
1987 8.440773849634448
1988 8.440773849634448
1989 8.440773849634448
1990 8.440773849634448
1991 8.440773849634448
1992 8.440773849634448
1993 8.440773849634448
1994 8.440773849634448
1995 8.440773849634448
1996 8.440773849634448
1997 8.440773849634448
1998 8.440773849634448
1999 8.440773849634448
2000 8.440773849634448
2001 8.440773849634448
2002 8.440773849634448
2003 8.440773849634448
2004 8.440773849634448
2005 8.440773849634448
2006 8.440773849634448
2007 8.440773849634448
2008 8.440773849634448
2009 8.440773849634448
2010 8.440773849634448
2011 8.440773849634448
2012 8.440773849634448
2013 8.440773849634448
2014 8.440773849634448
2015 8.440773849634448
2016 8.440773849634448
2017 8.440773849634448
2018 8.440773849634448
2019 8.440773849634448
2020 8.440773849634448
2021 8.440773849634448
2022 8.440773849634448
2023 8.440773849634448
2024 8.440773849634448
2025 8.440773849634448
2026 8.440773849634448
2027 8.440773849634448
2028 8.440773849634448
2029 8.440773849634448
2030 8.440773849634448
2031 8.440773849634448
2032 8.440773849634448
2033 8.440773849634448
2034 8.440773849634448
2035 8.440773849634448
2036 8.440773849634448
2037 8.440773849634448
2038 8.440773849634448
2039 8.440773849634448
2040 8.440773849634448
2041 8.440773849634448
2042 8.440773849634448
2043 8.440773849634448
2044 8.440773849634448
2045 8.440773849634448
2046 8.440773849634448
2047 8.440773849634448
2048 8.440773849634448
2049 8.440773849634448
2050 8.440773849634448
2051 8.440773849634448
2052 8.440773849634448
2053 8.440773849634448
2054 8.440773849634448
2055 8.440773849634448
2056 8.440773849634448
2057 8.440773849634448
2058 8.440773849634448
2059 8.440773849634448
2060 8.440773849634448
2061 8.440773849634448
2062 8.440773849634448
2063 8.440773849634448
2064 8.440773849634448
2065 8.440773849634448
2066 8.440773849634448
2067 8.440773849634448
2068 8.440773849634448
2069 8.440773849634448
2070 8.440773849634448
2071 8.440773849634448
2072 8.440773849634448
2073 8.440773849634448
2074 8.440773849634448
2075 8.440773849634448
2076 8.440773849634448
2077 8.440773849634448
2078 8.440773849634448
2079 8.440773849634448
2080 8.440773849634448
2081 8.440773849634448
2082 8.440773849634448
2083 8.440773849634448
2084 8.440773849634448
2085 8.440773849634448
2086 8.440773849634448
2087 8.440773849634448
2088 8.440773849634448
2089 8.440773849634448
2090 8.440773849634448
2091 8.440773849634448
2092 8.440773849634448
2093 8.440773849634448
2094 8.440773849634448
2095 8.440773849634448
2096 8.440773849634448
2097 8.440773849634448
2098 8.440773849634448
2099 8.440773849634448
2100 8.440773849634448
2101 8.440773849634448
2102 8.440773849634448
2103 8.440773849634448
2104 8.440773849634448
2105 8.440773849634448
2106 8.440773849634448
2107 8.440773849634448
2108 8.440773849634448
2109 8.440773849634448
2110 8.440773849634448
2111 8.440773849634448
2112 8.440773849634448
2113 8.440773849634448
2114 8.440773849634448
2115 8.440773849634448
2116 8.440773849634448
2117 8.440773849634448
2118 8.440773849634448
2119 8.440773849634448
2120 8.440773849634448
2121 8.440773849634448
2122 8.440773849634448
2123 8.440773849634448
2124 8.440773849634448
2125 8.440773849634448
2126 8.440773849634448
2127 8.440773849634448
2128 8.440773849634448
2129 8.440773849634448
2130 8.440773849634448
2131 8.440773849634448
2132 8.440773849634448
2133 8.440773849634448
2134 8.440773849634448
2135 8.440773849634448
2136 8.440773849634448
2137 8.440773849634448
2138 8.440773849634448
2139 8.440773849634448
2140 8.440773849634448
2141 8.440773849634448
2142 8.440773849634448
2143 8.440773849634448
2144 8.440773849634448
2145 8.440773849634448
2146 8.440773849634448
2147 8.440773849634448
2148 8.440773849634448
2149 8.440773849634448
2150 8.440773849634448
2151 8.440773849634448
2152 8.440773849634448
2153 8.440773849634448
2154 8.440773849634448
2155 8.440773849634448
2156 8.440773849634448
2157 8.440773849634448
2158 8.440773849634448
2159 8.440773849634448
2160 8.440773849634448
2161 8.440773849634448
2162 8.440773849634448
2163 8.440773849634448
2164 8.440773849634448
2165 8.440773849634448
2166 8.440773849634448
2167 8.440773849634448
2168 8.440773849634448
2169 8.440773849634448
2170 8.440773849634448
2171 8.440773849634448
2172 8.440773849634448
2173 8.440773849634448
2174 8.440773849634448
2175 8.440773849634448
2176 8.440773849634448
2177 8.440773849634448
2178 8.440773849634448
2179 8.440773849634448
2180 8.440773849634448
2181 8.440773849634448
2182 8.440773849634448
2183 8.440773849634448
2184 8.440773849634448
2185 8.440773849634448
2186 8.440773849634448
2187 8.440773849634448
2188 8.440773849634448
2189 8.440773849634448
2190 8.440773849634448
2191 8.440773849634448
2192 8.440773849634448
2193 8.440773849634448
2194 8.440773849634448
2195 8.440773849634448
2196 8.440773849634448
2197 8.440773849634448
2198 8.440773849634448
2199 8.440773849634448
2200 8.440773849634448
2201 8.440773849634448
2202 8.440773849634448
2203 8.440773849634448
2204 8.440773849634448
2205 8.440773849634448
2206 8.440773849634448
2207 8.440773849634448
2208 8.440773849634448
2209 8.440773849634448
2210 8.440773849634448
2211 8.440773849634448
2212 8.440773849634448
2213 8.440773849634448
2214 8.440773849634448
2215 8.440773849634448
2216 8.440773849634448
2217 8.440773849634448
2218 8.440773849634448
2219 8.440773849634448
2220 8.440773849634448
2221 8.440773849634448
2222 8.440773849634448
2223 8.440773849634448
2224 8.440773849634448
2225 8.440773849634448
2226 8.440773849634448
2227 8.440773849634448
2228 8.440773849634448
2229 8.440773849634448
2230 8.440773849634448
2231 8.440773849634448
2232 8.440773849634448
2233 8.440773849634448
2234 8.440773849634448
2235 8.440773849634448
2236 8.440773849634448
2237 8.440773849634448
2238 8.440773849634448
2239 8.440773849634448
2240 8.440773849634448
2241 8.440773849634448
2242 8.440773849634448
2243 8.440773849634448
2244 8.440773849634448
2245 8.440773849634448
2246 8.440773849634448
2247 8.440773849634448
2248 8.440773849634448
2249 8.440773849634448
2250 8.440773849634448
2251 8.440773849634448
2252 8.440773849634448
2253 8.440773849634448
2254 8.440773849634448
2255 8.440773849634448
2256 8.440773849634448
2257 8.440773849634448
2258 8.440773849634448
2259 8.440773849634448
2260 8.440773849634448
2261 8.440773849634448
2262 8.440773849634448
2263 8.440773849634448
2264 8.440773849634448
2265 8.440773849634448
2266 8.440773849634448
2267 8.440773849634448
2268 8.440773849634448
2269 8.440773849634448
2270 8.440773849634448
2271 8.440773849634448
2272 8.440773849634448
2273 8.440773849634448
2274 8.440773849634448
2275 8.440773849634448
2276 8.440773849634448
2277 8.440773849634448
2278 8.440773849634448
2279 8.440773849634448
2280 8.440773849634448
2281 8.440773849634448
2282 8.440773849634448
2283 8.440773849634448
2284 8.440773849634448
2285 8.440773849634448
2286 8.440773849634448
2287 8.440773849634448
2288 8.440773849634448
2289 8.440773849634448
2290 8.440773849634448
2291 8.440773849634448
2292 8.440773849634448
2293 8.440773849634448
2294 8.440773849634448
2295 8.440773849634448
2296 8.440773849634448
2297 8.440773849634448
2298 8.440773849634448
2299 8.440773849634448
2300 8.440773849634448
2301 8.440773849634448
2302 8.440773849634448
2303 8.440773849634448
2304 8.440773849634448
2305 8.440773849634448
2306 8.440773849634448
2307 8.440773849634448
2308 8.440773849634448
2309 8.440773849634448
2310 8.440773849634448
2311 8.440773849634448
2312 8.440773849634448
2313 8.440773849634448
2314 8.440773849634448
2315 8.440773849634448
2316 8.440773849634448
2317 8.440773849634448
2318 8.440773849634448
2319 8.440773849634448
2320 8.440773849634448
2321 8.440773849634448
2322 8.440773849634448
2323 8.440773849634448
2324 8.440773849634448
2325 8.440773849634448
2326 8.440773849634448
2327 8.440773849634448
2328 8.440773849634448
2329 8.440773849634448
2330 8.440773849634448
2331 8.440773849634448
2332 8.440773849634448
2333 8.440773849634448
2334 8.440773849634448
2335 8.440773849634448
2336 8.440773849634448
2337 8.440773849634448
2338 8.440773849634448
2339 8.440773849634448
2340 8.440773849634448
2341 8.440773849634448
2342 8.440773849634448
2343 8.440773849634448
2344 8.440773849634448
2345 8.440773849634448
2346 8.440773849634448
2347 8.440773849634448
2348 8.440773849634448
2349 8.440773849634448
2350 8.440773849634448
2351 8.440773849634448
2352 8.440773849634448
2353 8.440773849634448
2354 8.440773849634448
2355 8.440773849634448
2356 8.440773849634448
2357 8.440773849634448
2358 8.440773849634448
2359 8.440773849634448
2360 8.440773849634448
2361 8.440773849634448
2362 8.440773849634448
2363 8.440773849634448
2364 8.440773849634448
2365 8.440773849634448
2366 8.440773849634448
2367 8.440773849634448
2368 8.440773849634448
2369 8.440773849634448
2370 8.440773849634448
2371 8.440773849634448
2372 8.440773849634448
2373 8.440773849634448
2374 8.440773849634448
2375 8.440773849634448
2376 8.440773849634448
2377 8.440773849634448
2378 8.440773849634448
2379 8.440773849634448
2380 8.440773849634448
2381 8.440773849634448
2382 8.440773849634448
2383 8.440773849634448
2384 8.440773849634448
2385 8.440773849634448
2386 8.440773849634448
2387 8.440773849634448
2388 8.440773849634448
2389 8.440773849634448
2390 8.440773849634448
2391 8.440773849634448
2392 8.440773849634448
2393 8.440773849634448
2394 8.440773849634448
2395 8.440773849634448
2396 8.440773849634448
2397 8.440773849634448
2398 8.440773849634448
2399 8.440773849634448
2400 8.440773849634448
2401 8.440773849634448
2402 8.440773849634448
2403 8.440773849634448
2404 8.440773849634448
2405 8.440773849634448
2406 8.440773849634448
2407 8.440773849634448
2408 8.440773849634448
2409 8.440773849634448
2410 8.440773849634448
2411 8.440773849634448
2412 8.440773849634448
2413 8.440773849634448
2414 8.440773849634448
2415 8.440773849634448
2416 8.440773849634448
2417 8.440773849634448
2418 8.440773849634448
2419 8.440773849634448
2420 8.440773849634448
2421 8.440773849634448
2422 8.440773849634448
2423 8.440773849634448
2424 8.440773849634448
2425 8.440773849634448
2426 8.440773849634448
2427 8.440773849634448
2428 8.440773849634448
2429 8.440773849634448
2430 8.440773849634448
2431 8.440773849634448
2432 8.440773849634448
2433 8.440773849634448
2434 8.440773849634448
2435 8.440773849634448
2436 8.440773849634448
2437 8.440773849634448
2438 8.440773849634448
2439 8.440773849634448
2440 8.440773849634448
2441 8.440773849634448
2442 8.440773849634448
2443 8.440773849634448
2444 8.440773849634448
2445 8.440773849634448
2446 8.440773849634448
2447 8.440773849634448
2448 8.440773849634448
2449 8.440773849634448
2450 8.440773849634448
2451 8.440773849634448
2452 8.440773849634448
2453 8.440773849634448
2454 8.440773849634448
2455 8.440773849634448
2456 8.440773849634448
2457 8.440773849634448
2458 8.440773849634448
2459 8.440773849634448
2460 8.440773849634448
2461 8.440773849634448
2462 8.440773849634448
2463 8.440773849634448
2464 8.440773849634448
2465 8.440773849634448
2466 8.440773849634448
2467 8.440773849634448
2468 8.440773849634448
2469 8.440773849634448
2470 8.440773849634448
2471 8.440773849634448
2472 8.440773849634448
2473 8.440773849634448
2474 8.440773849634448
2475 8.440773849634448
2476 8.440773849634448
2477 8.440773849634448
2478 8.440773849634448
2479 8.440773849634448
2480 8.440773849634448
2481 8.440773849634448
2482 8.440773849634448
2483 8.440773849634448
2484 8.440773849634448
2485 8.440773849634448
2486 8.440773849634448
2487 8.440773849634448
2488 8.440773849634448
2489 8.440773849634448
2490 8.440773849634448
2491 8.440773849634448
2492 8.440773849634448
2493 8.440773849634448
2494 8.440773849634448
2495 8.440773849634448
2496 8.440773849634448
2497 8.440773849634448
2498 8.440773849634448
2499 8.440773849634448
2500 8.440773849634448
2501 8.440773849634448
2502 8.440773849634448
2503 8.440773849634448
2504 8.440773849634448
2505 8.440773849634448
2506 8.440773849634448
2507 8.440773849634448
2508 8.440773849634448
2509 8.440773849634448
2510 8.440773849634448
2511 8.440773849634448
2512 8.440773849634448
2513 8.440773849634448
2514 8.440773849634448
2515 8.440773849634448
2516 8.440773849634448
2517 8.440773849634448
2518 8.440773849634448
2519 8.440773849634448
2520 8.440773849634448
2521 8.440773849634448
2522 8.440773849634448
2523 8.440773849634448
2524 8.440773849634448
2525 8.440773849634448
2526 8.440773849634448
2527 8.440773849634448
2528 8.440773849634448
2529 8.440773849634448
2530 8.440773849634448
2531 8.440773849634448
2532 8.440773849634448
2533 8.440773849634448
2534 8.440773849634448
2535 8.440773849634448
2536 8.440773849634448
2537 8.440773849634448
2538 8.440773849634448
2539 8.440773849634448
2540 8.440773849634448
2541 8.440773849634448
2542 8.440773849634448
2543 8.440773849634448
2544 8.440773849634448
2545 8.440773849634448
2546 8.440773849634448
2547 8.440773849634448
2548 8.440773849634448
2549 8.440773849634448
2550 8.440773849634448
2551 8.440773849634448
2552 8.440773849634448
2553 8.440773849634448
2554 8.440773849634448
2555 8.440773849634448
2556 8.440773849634448
2557 8.440773849634448
2558 8.440773849634448
2559 8.440773849634448
2560 8.440773849634448
2561 8.440773849634448
2562 8.440773849634448
2563 8.440773849634448
2564 8.440773849634448
2565 8.440773849634448
2566 8.440773849634448
2567 8.440773849634448
2568 8.440773849634448
2569 8.440773849634448
2570 8.440773849634448
2571 8.440773849634448
2572 8.440773849634448
2573 8.440773849634448
2574 8.440773849634448
2575 8.440773849634448
2576 8.440773849634448
2577 8.440773849634448
2578 8.440773849634448
2579 8.440773849634448
2580 8.440773849634448
2581 8.440773849634448
2582 8.440773849634448
2583 8.440773849634448
2584 8.440773849634448
2585 8.440773849634448
2586 8.440773849634448
2587 8.440773849634448
2588 8.440773849634448
2589 8.440773849634448
2590 8.440773849634448
2591 8.440773849634448
2592 8.440773849634448
2593 8.440773849634448
2594 8.440773849634448
2595 8.440773849634448
2596 8.440773849634448
2597 8.440773849634448
2598 8.440773849634448
2599 8.440773849634448
2600 8.440773849634448
2601 8.440773849634448
2602 8.440773849634448
2603 8.440773849634448
2604 8.440773849634448
2605 8.440773849634448
2606 8.440773849634448
2607 8.440773849634448
2608 8.440773849634448
2609 8.440773849634448
2610 8.440773849634448
2611 8.440773849634448
2612 8.440773849634448
2613 8.440773849634448
2614 8.440773849634448
2615 8.440773849634448
2616 8.440773849634448
2617 8.440773849634448
2618 8.440773849634448
2619 8.440773849634448
2620 8.440773849634448
2621 8.440773849634448
2622 8.440773849634448
2623 8.440773849634448
2624 8.440773849634448
2625 8.440773849634448
2626 8.440773849634448
2627 8.440773849634448
2628 8.440773849634448
2629 8.440773849634448
2630 8.440773849634448
2631 8.440773849634448
2632 8.440773849634448
2633 8.440773849634448
2634 8.440773849634448
2635 8.440773849634448
2636 8.440773849634448
2637 8.440773849634448
2638 8.440773849634448
2639 8.440773849634448
2640 8.440773849634448
2641 8.440773849634448
2642 8.440773849634448
2643 8.440773849634448
2644 8.440773849634448
2645 8.440773849634448
2646 8.440773849634448
2647 8.440773849634448
2648 8.440773849634448
2649 8.440773849634448
2650 8.440773849634448
2651 8.440773849634448
2652 8.440773849634448
2653 8.440773849634448
2654 8.440773849634448
2655 8.440773849634448
2656 8.440773849634448
2657 8.440773849634448
2658 8.440773849634448
2659 8.440773849634448
2660 8.440773849634448
2661 8.440773849634448
2662 8.440773849634448
2663 8.440773849634448
2664 8.440773849634448
2665 8.440773849634448
2666 8.440773849634448
2667 8.440773849634448
2668 8.440773849634448
2669 8.440773849634448
2670 8.440773849634448
2671 8.440773849634448
2672 8.440773849634448
2673 8.440773849634448
2674 8.440773849634448
2675 8.440773849634448
2676 8.440773849634448
2677 8.440773849634448
2678 8.440773849634448
2679 8.440773849634448
2680 8.440773849634448
2681 8.440773849634448
2682 8.440773849634448
2683 8.440773849634448
2684 8.440773849634448
2685 8.440773849634448
2686 8.440773849634448
2687 8.440773849634448
2688 8.440773849634448
2689 8.440773849634448
2690 8.440773849634448
2691 8.440773849634448
2692 8.440773849634448
2693 8.440773849634448
2694 8.440773849634448
2695 8.440773849634448
2696 8.440773849634448
2697 8.440773849634448
2698 8.440773849634448
2699 8.440773849634448
2700 8.440773849634448
2701 8.440773849634448
2702 8.440773849634448
2703 8.440773849634448
2704 8.440773849634448
2705 8.440773849634448
2706 8.440773849634448
2707 8.440773849634448
2708 8.440773849634448
2709 8.440773849634448
2710 8.440773849634448
2711 8.440773849634448
2712 8.440773849634448
2713 8.440773849634448
2714 8.440773849634448
2715 8.440773849634448
2716 8.440773849634448
2717 8.440773849634448
2718 8.440773849634448
2719 8.440773849634448
2720 8.440773849634448
2721 8.440773849634448
2722 8.440773849634448
2723 8.440773849634448
2724 8.440773849634448
2725 8.440773849634448
2726 8.440773849634448
2727 8.440773849634448
2728 8.440773849634448
2729 8.440773849634448
2730 8.440773849634448
2731 8.440773849634448
2732 8.440773849634448
2733 8.440773849634448
2734 8.440773849634448
2735 8.440773849634448
2736 8.440773849634448
2737 8.440773849634448
2738 8.440773849634448
2739 8.440773849634448
2740 8.440773849634448
2741 8.440773849634448
2742 8.440773849634448
2743 8.440773849634448
2744 8.440773849634448
2745 8.440773849634448
2746 8.440773849634448
2747 8.440773849634448
2748 8.440773849634448
2749 8.440773849634448
2750 8.440773849634448
2751 8.440773849634448
2752 8.440773849634448
2753 8.440773849634448
2754 8.440773849634448
2755 8.440773849634448
2756 8.440773849634448
2757 8.440773849634448
2758 8.440773849634448
2759 8.440773849634448
2760 8.440773849634448
2761 8.440773849634448
2762 8.440773849634448
2763 8.440773849634448
2764 8.440773849634448
2765 8.440773849634448
2766 8.440773849634448
2767 8.440773849634448
2768 8.440773849634448
2769 8.440773849634448
2770 8.440773849634448
2771 8.440773849634448
2772 8.440773849634448
2773 8.440773849634448
2774 8.440773849634448
2775 8.440773849634448
2776 8.440773849634448
2777 8.440773849634448
2778 8.440773849634448
2779 8.440773849634448
2780 8.440773849634448
2781 8.440773849634448
2782 8.440773849634448
2783 8.440773849634448
2784 8.440773849634448
2785 8.440773849634448
2786 8.440773849634448
2787 8.440773849634448
2788 8.440773849634448
2789 8.440773849634448
2790 8.440773849634448
2791 8.440773849634448
2792 8.440773849634448
2793 8.440773849634448
2794 8.440773849634448
2795 8.440773849634448
2796 8.440773849634448
2797 8.440773849634448
2798 8.440773849634448
2799 8.440773849634448
2800 8.440773849634448
2801 8.440773849634448
2802 8.440773849634448
2803 8.440773849634448
2804 8.440773849634448
2805 8.440773849634448
2806 8.440773849634448
2807 8.440773849634448
2808 8.440773849634448
2809 8.440773849634448
2810 8.440773849634448
2811 8.440773849634448
2812 8.440773849634448
2813 8.440773849634448
2814 8.440773849634448
2815 8.440773849634448
2816 8.440773849634448
2817 8.440773849634448
2818 8.440773849634448
2819 8.440773849634448
2820 8.440773849634448
2821 8.440773849634448
2822 8.440773849634448
2823 8.440773849634448
2824 8.440773849634448
2825 8.440773849634448
2826 8.440773849634448
2827 8.440773849634448
2828 8.440773849634448
2829 8.440773849634448
2830 8.440773849634448
2831 8.440773849634448
2832 8.440773849634448
2833 8.440773849634448
2834 8.440773849634448
2835 8.440773849634448
2836 8.440773849634448
2837 8.440773849634448
2838 8.440773849634448
2839 8.440773849634448
2840 8.440773849634448
2841 8.440773849634448
2842 8.440773849634448
2843 8.440773849634448
2844 8.440773849634448
2845 8.440773849634448
2846 8.440773849634448
2847 8.440773849634448
2848 8.440773849634448
2849 8.440773849634448
2850 8.440773849634448
2851 8.440773849634448
2852 8.440773849634448
2853 8.440773849634448
2854 8.440773849634448
2855 8.440773849634448
2856 8.440773849634448
2857 8.440773849634448
2858 8.440773849634448
2859 8.440773849634448
2860 8.440773849634448
2861 8.440773849634448
2862 8.440773849634448
2863 8.440773849634448
2864 8.440773849634448
2865 8.440773849634448
2866 8.440773849634448
2867 8.440773849634448
2868 8.440773849634448
2869 8.440773849634448
2870 8.440773849634448
2871 8.440773849634448
2872 8.440773849634448
2873 8.440773849634448
2874 8.440773849634448
2875 8.440773849634448
2876 8.440773849634448
2877 8.440773849634448
2878 8.440773849634448
2879 8.440773849634448
2880 8.440773849634448
2881 8.440773849634448
2882 8.440773849634448
2883 8.440773849634448
2884 8.440773849634448
2885 8.440773849634448
2886 8.440773849634448
2887 8.440773849634448
2888 8.440773849634448
2889 8.440773849634448
2890 8.440773849634448
2891 8.440773849634448
2892 8.440773849634448
2893 8.440773849634448
2894 8.440773849634448
2895 8.440773849634448
2896 8.440773849634448
2897 8.440773849634448
2898 8.440773849634448
2899 8.440773849634448
2900 8.440773849634448
2901 8.440773849634448
2902 8.440773849634448
2903 8.440773849634448
2904 8.440773849634448
2905 8.440773849634448
2906 8.440773849634448
2907 8.440773849634448
2908 8.440773849634448
2909 8.440773849634448
2910 8.440773849634448
2911 8.440773849634448
2912 8.440773849634448
2913 8.440773849634448
2914 8.440773849634448
2915 8.440773849634448
2916 8.440773849634448
2917 8.440773849634448
2918 8.440773849634448
2919 8.440773849634448
2920 8.440773849634448
2921 8.440773849634448
2922 8.440773849634448
2923 8.440773849634448
2924 8.440773849634448
2925 8.440773849634448
2926 8.440773849634448
2927 8.440773849634448
2928 8.440773849634448
2929 8.440773849634448
2930 8.440773849634448
2931 8.440773849634448
2932 8.440773849634448
2933 8.440773849634448
2934 8.440773849634448
2935 8.440773849634448
2936 8.440773849634448
2937 8.440773849634448
2938 8.440773849634448
2939 8.440773849634448
2940 8.440773849634448
2941 8.440773849634448
2942 8.440773849634448
2943 8.440773849634448
2944 8.440773849634448
2945 8.440773849634448
2946 8.440773849634448
2947 8.440773849634448
2948 8.440773849634448
2949 8.440773849634448
2950 8.440773849634448
2951 8.440773849634448
2952 8.440773849634448
2953 8.440773849634448
2954 8.440773849634448
2955 8.440773849634448
2956 8.440773849634448
2957 8.440773849634448
2958 8.440773849634448
2959 8.440773849634448
2960 8.440773849634448
2961 8.440773849634448
2962 8.440773849634448
2963 8.440773849634448
2964 8.440773849634448
2965 8.440773849634448
2966 8.440773849634448
2967 8.440773849634448
2968 8.440773849634448
2969 8.440773849634448
2970 8.440773849634448
2971 8.440773849634448
2972 8.440773849634448
2973 8.440773849634448
2974 8.440773849634448
2975 8.440773849634448
2976 8.440773849634448
2977 8.440773849634448
2978 8.440773849634448
2979 8.440773849634448
2980 8.440773849634448
2981 8.440773849634448
2982 8.440773849634448
2983 8.440773849634448
2984 8.440773849634448
2985 8.440773849634448
2986 8.440773849634448
2987 8.440773849634448
2988 8.440773849634448
2989 8.440773849634448
2990 8.440773849634448
2991 8.440773849634448
2992 8.440773849634448
2993 8.440773849634448
2994 8.440773849634448
2995 8.440773849634448
2996 8.440773849634448
2997 8.440773849634448
2998 8.440773849634448
2999 8.440773849634448
3000 8.440773849634448
3001 8.440773849634448
3002 8.440773849634448
3003 8.440773849634448
3004 8.440773849634448
3005 8.440773849634448
3006 8.440773849634448
3007 8.440773849634448
3008 8.440773849634448
3009 8.440773849634448
3010 8.440773849634448
3011 8.440773849634448
3012 8.440773849634448
3013 8.440773849634448
3014 8.440773849634448
3015 8.440773849634448
3016 8.440773849634448
3017 8.440773849634448
3018 8.440773849634448
3019 8.440773849634448
3020 8.440773849634448
3021 8.440773849634448
3022 8.440773849634448
3023 8.440773849634448
3024 8.440773849634448
3025 8.440773849634448
3026 8.440773849634448
3027 8.440773849634448
3028 8.440773849634448
3029 8.440773849634448
3030 8.440773849634448
3031 8.440773849634448
3032 8.440773849634448
3033 8.440773849634448
3034 8.440773849634448
3035 8.440773849634448
3036 8.440773849634448
3037 8.440773849634448
3038 8.440773849634448
3039 8.440773849634448
3040 8.440773849634448
3041 8.440773849634448
3042 8.440773849634448
3043 8.440773849634448
3044 8.440773849634448
3045 8.440773849634448
3046 8.440773849634448
3047 8.440773849634448
3048 8.440773849634448
3049 8.440773849634448
3050 8.440773849634448
3051 8.440773849634448
3052 8.440773849634448
3053 8.440773849634448
3054 8.440773849634448
3055 8.440773849634448
3056 8.440773849634448
3057 8.440773849634448
3058 8.440773849634448
3059 8.440773849634448
3060 8.440773849634448
3061 8.440773849634448
3062 8.440773849634448
3063 8.440773849634448
3064 8.440773849634448
3065 8.440773849634448
3066 8.440773849634448
3067 8.440773849634448
3068 8.440773849634448
3069 8.440773849634448
3070 8.440773849634448
3071 8.440773849634448
3072 8.440773849634448
3073 8.440773849634448
3074 8.440773849634448
3075 8.440773849634448
3076 8.440773849634448
3077 8.440773849634448
3078 8.440773849634448
3079 8.440773849634448
3080 8.440773849634448
3081 8.440773849634448
3082 8.440773849634448
3083 8.440773849634448
3084 8.440773849634448
3085 8.440773849634448
3086 8.440773849634448
3087 8.440773849634448
3088 8.440773849634448
3089 8.440773849634448
3090 8.440773849634448
3091 8.440773849634448
3092 8.440773849634448
3093 8.440773849634448
3094 8.440773849634448
3095 8.440773849634448
3096 8.440773849634448
3097 8.440773849634448
3098 8.440773849634448
3099 8.440773849634448
3100 8.440773849634448
3101 8.440773849634448
3102 8.440773849634448
3103 8.440773849634448
3104 8.440773849634448
3105 8.440773849634448
3106 8.440773849634448
3107 8.440773849634448
3108 8.440773849634448
3109 8.440773849634448
3110 8.440773849634448
3111 8.440773849634448
3112 8.440773849634448
3113 8.440773849634448
3114 8.440773849634448
3115 8.440773849634448
3116 8.440773849634448
3117 8.440773849634448
3118 8.440773849634448
3119 8.440773849634448
3120 8.440773849634448
3121 8.440773849634448
3122 8.440773849634448
3123 8.440773849634448
3124 8.440773849634448
3125 8.440773849634448
3126 8.440773849634448
3127 8.440773849634448
3128 8.440773849634448
3129 8.440773849634448
3130 8.440773849634448
3131 8.440773849634448
3132 8.440773849634448
3133 8.440773849634448
3134 8.440773849634448
3135 8.440773849634448
3136 8.440773849634448
3137 8.440773849634448
3138 8.440773849634448
3139 8.440773849634448
3140 8.440773849634448
3141 8.440773849634448
3142 8.440773849634448
3143 8.440773849634448
3144 8.440773849634448
3145 8.440773849634448
3146 8.440773849634448
3147 8.440773849634448
3148 8.440773849634448
3149 8.440773849634448
3150 8.440773849634448
3151 8.440773849634448
3152 8.440773849634448
3153 8.440773849634448
3154 8.440773849634448
3155 8.440773849634448
3156 8.440773849634448
3157 8.440773849634448
3158 8.440773849634448
3159 8.440773849634448
3160 8.440773849634448
3161 8.440773849634448
3162 8.440773849634448
3163 8.440773849634448
3164 8.440773849634448
3165 8.440773849634448
3166 8.440773849634448
3167 8.440773849634448
3168 8.440773849634448
3169 8.440773849634448
3170 8.440773849634448
3171 8.440773849634448
3172 8.440773849634448
3173 8.440773849634448
3174 8.440773849634448
3175 8.440773849634448
3176 8.440773849634448
3177 8.440773849634448
3178 8.440773849634448
3179 8.440773849634448
3180 8.440773849634448
3181 8.440773849634448
3182 8.440773849634448
3183 8.440773849634448
3184 8.440773849634448
3185 8.440773849634448
3186 8.440773849634448
3187 8.440773849634448
3188 8.440773849634448
3189 8.440773849634448
3190 8.440773849634448
3191 8.440773849634448
3192 8.440773849634448
3193 8.440773849634448
3194 8.440773849634448
3195 8.440773849634448
3196 8.440773849634448
3197 8.440773849634448
3198 8.440773849634448
3199 8.440773849634448
3200 8.440773849634448
3201 8.440773849634448
3202 8.440773849634448
3203 8.440773849634448
3204 8.440773849634448
3205 8.440773849634448
3206 8.440773849634448
3207 8.440773849634448
3208 8.440773849634448
3209 8.440773849634448
3210 8.440773849634448
3211 8.440773849634448
3212 8.440773849634448
3213 8.440773849634448
3214 8.440773849634448
3215 8.440773849634448
3216 8.440773849634448
3217 8.440773849634448
3218 8.440773849634448
3219 8.440773849634448
3220 8.440773849634448
3221 8.440773849634448
3222 8.440773849634448
3223 8.440773849634448
3224 8.440773849634448
3225 8.440773849634448
3226 8.440773849634448
3227 8.440773849634448
3228 8.440773849634448
3229 8.440773849634448
3230 8.440773849634448
3231 8.440773849634448
3232 8.440773849634448
3233 8.440773849634448
3234 8.440773849634448
3235 8.440773849634448
3236 8.440773849634448
3237 8.440773849634448
3238 8.440773849634448
3239 8.440773849634448
3240 8.440773849634448
3241 8.440773849634448
3242 8.440773849634448
3243 8.440773849634448
3244 8.440773849634448
3245 8.440773849634448
3246 8.440773849634448
3247 8.440773849634448
3248 8.440773849634448
3249 8.440773849634448
3250 8.440773849634448
3251 8.440773849634448
3252 8.440773849634448
3253 8.440773849634448
3254 8.440773849634448
3255 8.440773849634448
3256 8.440773849634448
3257 8.440773849634448
3258 8.440773849634448
3259 8.440773849634448
3260 8.440773849634448
3261 8.440773849634448
3262 8.440773849634448
3263 8.440773849634448
3264 8.440773849634448
3265 8.440773849634448
3266 8.440773849634448
3267 8.440773849634448
3268 8.440773849634448
3269 8.440773849634448
3270 8.440773849634448
3271 8.440773849634448
3272 8.440773849634448
3273 8.440773849634448
3274 8.440773849634448
3275 8.440773849634448
3276 8.440773849634448
3277 8.440773849634448
3278 8.440773849634448
3279 8.440773849634448
3280 8.440773849634448
3281 8.440773849634448
3282 8.440773849634448
3283 8.440773849634448
3284 8.440773849634448
3285 8.440773849634448
3286 8.440773849634448
3287 8.440773849634448
3288 8.440773849634448
3289 8.440773849634448
3290 8.440773849634448
3291 8.440773849634448
3292 8.440773849634448
3293 8.440773849634448
3294 8.440773849634448
3295 8.440773849634448
3296 8.440773849634448
3297 8.440773849634448
3298 8.440773849634448
3299 8.440773849634448
3300 8.440773849634448
3301 8.440773849634448
3302 8.440773849634448
3303 8.440773849634448
3304 8.440773849634448
3305 8.440773849634448
3306 8.440773849634448
3307 8.440773849634448
3308 8.440773849634448
3309 8.440773849634448
3310 8.440773849634448
3311 8.440773849634448
3312 8.440773849634448
3313 8.440773849634448
3314 8.440773849634448
3315 8.440773849634448
3316 8.440773849634448
3317 8.440773849634448
3318 8.440773849634448
3319 8.440773849634448
3320 8.440773849634448
3321 8.440773849634448
3322 8.440773849634448
3323 8.440773849634448
3324 8.440773849634448
3325 8.440773849634448
3326 8.440773849634448
3327 8.440773849634448
3328 8.440773849634448
3329 8.440773849634448
3330 8.440773849634448
3331 8.440773849634448
3332 8.440773849634448
3333 8.440773849634448
3334 8.440773849634448
3335 8.440773849634448
3336 8.440773849634448
3337 8.440773849634448
3338 8.440773849634448
3339 8.440773849634448
3340 8.440773849634448
3341 8.440773849634448
3342 8.440773849634448
3343 8.440773849634448
3344 8.440773849634448
3345 8.440773849634448
3346 8.440773849634448
3347 8.440773849634448
3348 8.440773849634448
3349 8.440773849634448
3350 8.440773849634448
3351 8.440773849634448
3352 8.440773849634448
3353 8.440773849634448
3354 8.440773849634448
3355 8.440773849634448
3356 8.440773849634448
3357 8.440773849634448
3358 8.440773849634448
3359 8.440773849634448
3360 8.440773849634448
3361 8.440773849634448
3362 8.440773849634448
3363 8.440773849634448
3364 8.440773849634448
3365 8.440773849634448
3366 8.440773849634448
3367 8.440773849634448
3368 8.440773849634448
3369 8.440773849634448
3370 8.440773849634448
3371 8.440773849634448
3372 8.440773849634448
3373 8.440773849634448
3374 8.440773849634448
3375 8.440773849634448
3376 8.440773849634448
3377 8.440773849634448
3378 8.440773849634448
3379 8.440773849634448
3380 8.440773849634448
3381 8.440773849634448
3382 8.440773849634448
3383 8.440773849634448
3384 8.440773849634448
3385 8.440773849634448
3386 8.440773849634448
3387 8.440773849634448
3388 8.440773849634448
3389 8.440773849634448
3390 8.440773849634448
3391 8.440773849634448
3392 8.440773849634448
3393 8.440773849634448
3394 8.440773849634448
3395 8.440773849634448
3396 8.440773849634448
3397 8.440773849634448
3398 8.440773849634448
3399 8.440773849634448
3400 8.440773849634448
3401 8.440773849634448
3402 8.440773849634448
3403 8.440773849634448
3404 8.440773849634448
3405 8.440773849634448
3406 8.440773849634448
3407 8.440773849634448
3408 8.440773849634448
3409 8.440773849634448
3410 8.440773849634448
3411 8.440773849634448
3412 8.440773849634448
3413 8.440773849634448
3414 8.440773849634448
3415 8.440773849634448
3416 8.440773849634448
3417 8.440773849634448
3418 8.440773849634448
3419 8.440773849634448
3420 8.440773849634448
3421 8.440773849634448
3422 8.440773849634448
3423 8.440773849634448
3424 8.440773849634448
3425 8.440773849634448
3426 8.440773849634448
3427 8.440773849634448
3428 8.440773849634448
3429 8.440773849634448
3430 8.440773849634448
3431 8.440773849634448
3432 8.440773849634448
3433 8.440773849634448
3434 8.440773849634448
3435 8.440773849634448
3436 8.440773849634448
3437 8.440773849634448
3438 8.440773849634448
3439 8.440773849634448
3440 8.440773849634448
3441 8.440773849634448
3442 8.440773849634448
3443 8.440773849634448
3444 8.440773849634448
3445 8.440773849634448
3446 8.440773849634448
3447 8.440773849634448
3448 8.440773849634448
3449 8.440773849634448
3450 8.440773849634448
3451 8.440773849634448
3452 8.440773849634448
3453 8.440773849634448
3454 8.440773849634448
3455 8.440773849634448
3456 8.440773849634448
3457 8.440773849634448
3458 8.440773849634448
3459 8.440773849634448
3460 8.440773849634448
3461 8.440773849634448
3462 8.440773849634448
3463 8.440773849634448
3464 8.440773849634448
3465 8.440773849634448
3466 8.440773849634448
3467 8.440773849634448
3468 8.440773849634448
3469 8.440773849634448
3470 8.440773849634448
3471 8.440773849634448
3472 8.440773849634448
3473 8.440773849634448
3474 8.440773849634448
3475 8.440773849634448
3476 8.440773849634448
3477 8.440773849634448
3478 8.440773849634448
3479 8.440773849634448
3480 8.440773849634448
3481 8.440773849634448
3482 8.440773849634448
3483 8.440773849634448
3484 8.440773849634448
3485 8.440773849634448
3486 8.440773849634448
3487 8.440773849634448
3488 8.440773849634448
3489 8.440773849634448
3490 8.440773849634448
3491 8.440773849634448
3492 8.440773849634448
3493 8.440773849634448
3494 8.440773849634448
3495 8.440773849634448
3496 8.440773849634448
3497 8.440773849634448
3498 8.440773849634448
3499 8.440773849634448
3500 8.440773849634448
3501 8.440773849634448
3502 8.440773849634448
3503 8.440773849634448
3504 8.440773849634448
3505 8.440773849634448
3506 8.440773849634448
3507 8.440773849634448
3508 8.440773849634448
3509 8.440773849634448
3510 8.440773849634448
3511 8.440773849634448
3512 8.440773849634448
3513 8.440773849634448
3514 8.440773849634448
3515 8.440773849634448
3516 8.440773849634448
3517 8.440773849634448
3518 8.440773849634448
3519 8.440773849634448
3520 8.440773849634448
3521 8.440773849634448
3522 8.440773849634448
3523 8.440773849634448
3524 8.440773849634448
3525 8.440773849634448
3526 8.440773849634448
3527 8.440773849634448
3528 8.440773849634448
3529 8.440773849634448
3530 8.440773849634448
3531 8.440773849634448
3532 8.440773849634448
3533 8.440773849634448
3534 8.440773849634448
3535 8.440773849634448
3536 8.440773849634448
3537 8.440773849634448
3538 8.440773849634448
3539 8.440773849634448
3540 8.440773849634448
3541 8.440773849634448
3542 8.440773849634448
3543 8.440773849634448
3544 8.440773849634448
3545 8.440773849634448
3546 8.440773849634448
3547 8.440773849634448
3548 8.440773849634448
3549 8.440773849634448
3550 8.440773849634448
3551 8.440773849634448
3552 8.440773849634448
3553 8.440773849634448
3554 8.440773849634448
3555 8.440773849634448
3556 8.440773849634448
3557 8.440773849634448
3558 8.440773849634448
3559 8.440773849634448
3560 8.440773849634448
3561 8.440773849634448
3562 8.440773849634448
3563 8.440773849634448
3564 8.440773849634448
3565 8.440773849634448
3566 8.440773849634448
3567 8.440773849634448
3568 8.440773849634448
3569 8.440773849634448
3570 8.440773849634448
3571 8.440773849634448
3572 8.440773849634448
3573 8.440773849634448
3574 8.440773849634448
3575 8.440773849634448
3576 8.440773849634448
3577 8.440773849634448
3578 8.440773849634448
3579 8.440773849634448
3580 8.440773849634448
3581 8.440773849634448
3582 8.440773849634448
3583 8.440773849634448
3584 8.440773849634448
3585 8.440773849634448
3586 8.440773849634448
3587 8.440773849634448
3588 8.440773849634448
3589 8.440773849634448
3590 8.440773849634448
3591 8.440773849634448
3592 8.440773849634448
3593 8.440773849634448
3594 8.440773849634448
3595 8.440773849634448
3596 8.440773849634448
3597 8.440773849634448
3598 8.440773849634448
3599 8.440773849634448
3600 8.440773849634448
3601 8.440773849634448
3602 8.440773849634448
3603 8.440773849634448
3604 8.440773849634448
3605 8.440773849634448
3606 8.440773849634448
3607 8.440773849634448
3608 8.440773849634448
3609 8.440773849634448
3610 8.440773849634448
3611 8.440773849634448
3612 8.440773849634448
3613 8.440773849634448
3614 8.440773849634448
3615 8.440773849634448
3616 8.440773849634448
3617 8.440773849634448
3618 8.440773849634448
3619 8.440773849634448
3620 8.440773849634448
3621 8.440773849634448
3622 8.440773849634448
3623 8.440773849634448
3624 8.440773849634448
3625 8.440773849634448
3626 8.440773849634448
3627 8.440773849634448
3628 8.440773849634448
3629 8.440773849634448
3630 8.440773849634448
3631 8.440773849634448
3632 8.440773849634448
3633 8.440773849634448
3634 8.440773849634448
3635 8.440773849634448
3636 8.440773849634448
3637 8.440773849634448
3638 8.440773849634448
3639 8.440773849634448
3640 8.440773849634448
3641 8.440773849634448
3642 8.440773849634448
3643 8.440773849634448
3644 8.440773849634448
3645 8.440773849634448
3646 8.440773849634448
3647 8.440773849634448
3648 8.440773849634448
3649 8.440773849634448
3650 8.440773849634448
3651 8.440773849634448
3652 8.440773849634448
3653 8.440773849634448
3654 8.440773849634448
3655 8.440773849634448
3656 8.440773849634448
3657 8.440773849634448
3658 8.440773849634448
3659 8.440773849634448
3660 8.440773849634448
3661 8.440773849634448
3662 8.440773849634448
3663 8.440773849634448
3664 8.440773849634448
3665 8.440773849634448
3666 8.440773849634448
3667 8.440773849634448
3668 8.440773849634448
3669 8.440773849634448
3670 8.440773849634448
3671 8.440773849634448
3672 8.440773849634448
3673 8.440773849634448
3674 8.440773849634448
3675 8.440773849634448
3676 8.440773849634448
3677 8.440773849634448
3678 8.440773849634448
3679 8.440773849634448
3680 8.440773849634448
3681 8.440773849634448
3682 8.440773849634448
3683 8.440773849634448
3684 8.440773849634448
3685 8.440773849634448
3686 8.440773849634448
3687 8.440773849634448
3688 8.440773849634448
3689 8.440773849634448
3690 8.440773849634448
3691 8.440773849634448
3692 8.440773849634448
3693 8.440773849634448
3694 8.440773849634448
3695 8.440773849634448
3696 8.440773849634448
3697 8.440773849634448
3698 8.440773849634448
3699 8.440773849634448
3700 8.440773849634448
3701 8.440773849634448
3702 8.440773849634448
3703 8.440773849634448
3704 8.440773849634448
3705 8.440773849634448
3706 8.440773849634448
3707 8.440773849634448
3708 8.440773849634448
3709 8.440773849634448
3710 8.440773849634448
3711 8.440773849634448
3712 8.440773849634448
3713 8.440773849634448
3714 8.440773849634448
3715 8.440773849634448
3716 8.440773849634448
3717 8.440773849634448
3718 8.440773849634448
3719 8.440773849634448
3720 8.440773849634448
3721 8.440773849634448
3722 8.440773849634448
3723 8.440773849634448
3724 8.440773849634448
3725 8.440773849634448
3726 8.440773849634448
3727 8.440773849634448
3728 8.440773849634448
3729 8.440773849634448
3730 8.440773849634448
3731 8.440773849634448
3732 8.440773849634448
3733 8.440773849634448
3734 8.440773849634448
3735 8.440773849634448
3736 8.440773849634448
3737 8.440773849634448
3738 8.440773849634448
3739 8.440773849634448
3740 8.440773849634448
3741 8.440773849634448
3742 8.440773849634448
3743 8.440773849634448
3744 8.440773849634448
3745 8.440773849634448
3746 8.440773849634448
3747 8.440773849634448
3748 8.440773849634448
3749 8.440773849634448
3750 8.440773849634448
3751 8.440773849634448
3752 8.440773849634448
3753 8.440773849634448
3754 8.440773849634448
3755 8.440773849634448
3756 8.440773849634448
3757 8.440773849634448
3758 8.440773849634448
3759 8.440773849634448
3760 8.440773849634448
3761 8.440773849634448
3762 8.440773849634448
3763 8.440773849634448
3764 8.440773849634448
3765 8.440773849634448
3766 8.440773849634448
3767 8.440773849634448
3768 8.440773849634448
3769 8.440773849634448
3770 8.440773849634448
3771 8.440773849634448
3772 8.440773849634448
3773 8.440773849634448
3774 8.440773849634448
3775 8.440773849634448
3776 8.440773849634448
3777 8.440773849634448
3778 8.440773849634448
3779 8.440773849634448
3780 8.440773849634448
3781 8.440773849634448
3782 8.440773849634448
3783 8.440773849634448
3784 8.440773849634448
3785 8.440773849634448
3786 8.440773849634448
3787 8.440773849634448
3788 8.440773849634448
3789 8.440773849634448
3790 8.440773849634448
3791 8.440773849634448
3792 8.440773849634448
3793 8.440773849634448
3794 8.440773849634448
3795 8.440773849634448
3796 8.440773849634448
3797 8.440773849634448
3798 8.440773849634448
3799 8.440773849634448
3800 8.440773849634448
3801 8.440773849634448
3802 8.440773849634448
3803 8.440773849634448
3804 8.440773849634448
3805 8.440773849634448
3806 8.440773849634448
3807 8.440773849634448
3808 8.440773849634448
3809 8.440773849634448
3810 8.440773849634448
3811 8.440773849634448
3812 8.440773849634448
3813 8.440773849634448
3814 8.440773849634448
3815 8.440773849634448
3816 8.440773849634448
3817 8.440773849634448
3818 8.440773849634448
3819 8.440773849634448
3820 8.440773849634448
3821 8.440773849634448
3822 8.440773849634448
3823 8.440773849634448
3824 8.440773849634448
3825 8.440773849634448
3826 8.440773849634448
3827 8.440773849634448
3828 8.440773849634448
3829 8.440773849634448
3830 8.440773849634448
3831 8.440773849634448
3832 8.440773849634448
3833 8.440773849634448
3834 8.440773849634448
3835 8.440773849634448
3836 8.440773849634448
3837 8.440773849634448
3838 8.440773849634448
3839 8.440773849634448
3840 8.440773849634448
3841 8.440773849634448
3842 8.440773849634448
3843 8.440773849634448
3844 8.440773849634448
3845 8.440773849634448
3846 8.440773849634448
3847 8.440773849634448
3848 8.440773849634448
3849 8.440773849634448
3850 8.440773849634448
3851 8.440773849634448
3852 8.440773849634448
3853 8.440773849634448
3854 8.440773849634448
3855 8.440773849634448
3856 8.440773849634448
3857 8.440773849634448
3858 8.440773849634448
3859 8.440773849634448
3860 8.440773849634448
3861 8.440773849634448
3862 8.440773849634448
3863 8.440773849634448
3864 8.440773849634448
3865 8.440773849634448
3866 8.440773849634448
3867 8.440773849634448
3868 8.440773849634448
3869 8.440773849634448
3870 8.440773849634448
3871 8.440773849634448
3872 8.440773849634448
3873 8.440773849634448
3874 8.440773849634448
3875 8.440773849634448
3876 8.440773849634448
3877 8.440773849634448
3878 8.440773849634448
3879 8.440773849634448
3880 8.440773849634448
3881 8.440773849634448
3882 8.440773849634448
3883 8.440773849634448
3884 8.440773849634448
3885 8.440773849634448
3886 8.440773849634448
3887 8.440773849634448
3888 8.440773849634448
3889 8.440773849634448
3890 8.440773849634448
3891 8.440773849634448
3892 8.440773849634448
3893 8.440773849634448
3894 8.440773849634448
3895 8.440773849634448
3896 8.440773849634448
3897 8.440773849634448
3898 8.440773849634448
3899 8.440773849634448
3900 8.440773849634448
3901 8.440773849634448
3902 8.440773849634448
3903 8.440773849634448
3904 8.440773849634448
3905 8.440773849634448
3906 8.440773849634448
3907 8.440773849634448
3908 8.440773849634448
3909 8.440773849634448
3910 8.440773849634448
3911 8.440773849634448
3912 8.440773849634448
3913 8.440773849634448
3914 8.440773849634448
3915 8.440773849634448
3916 8.440773849634448
3917 8.440773849634448
3918 8.440773849634448
3919 8.440773849634448
3920 8.440773849634448
3921 8.440773849634448
3922 8.440773849634448
3923 8.440773849634448
3924 8.440773849634448
3925 8.440773849634448
3926 8.440773849634448
3927 8.440773849634448
3928 8.440773849634448
3929 8.440773849634448
3930 8.440773849634448
3931 8.440773849634448
3932 8.440773849634448
3933 8.440773849634448
3934 8.440773849634448
3935 8.440773849634448
3936 8.440773849634448
3937 8.440773849634448
3938 8.440773849634448
3939 8.440773849634448
3940 8.440773849634448
3941 8.440773849634448
3942 8.440773849634448
3943 8.440773849634448
3944 8.440773849634448
3945 8.440773849634448
3946 8.440773849634448
3947 8.440773849634448
3948 8.440773849634448
3949 8.440773849634448
3950 8.440773849634448
3951 8.440773849634448
3952 8.440773849634448
3953 8.440773849634448
3954 8.440773849634448
3955 8.440773849634448
3956 8.440773849634448
3957 8.440773849634448
3958 8.440773849634448
3959 8.440773849634448
3960 8.440773849634448
3961 8.440773849634448
3962 8.440773849634448
3963 8.440773849634448
3964 8.440773849634448
3965 8.440773849634448
3966 8.440773849634448
3967 8.440773849634448
3968 8.440773849634448
3969 8.440773849634448
3970 8.440773849634448
3971 8.440773849634448
3972 8.440773849634448
3973 8.440773849634448
3974 8.440773849634448
3975 8.440773849634448
3976 8.440773849634448
3977 8.440773849634448
3978 8.440773849634448
3979 8.440773849634448
3980 8.440773849634448
3981 8.440773849634448
3982 8.440773849634448
3983 8.440773849634448
3984 8.440773849634448
3985 8.440773849634448
3986 8.440773849634448
3987 8.440773849634448
3988 8.440773849634448
3989 8.440773849634448
3990 8.440773849634448
3991 8.440773849634448
3992 8.440773849634448
3993 8.440773849634448
3994 8.440773849634448
3995 8.440773849634448
3996 8.440773849634448
3997 8.440773849634448
3998 8.440773849634448
3999 8.440773849634448
4000 8.440773849634448
