0,-7.0618318694729245
1,-7.771880391219109
2,-8.451180235326664
3,-8.955185888220281
4,-9.139418440206844
5,-9.300865177930818
6,-9.384106594684116
7,-9.509858014864989
8,-9.673829245118846
9,-9.90698566257047
10,-10.153328574724183
11,-10.343395097223778
12,-10.567832456446807
13,-10.804010355461163
14,-11.00947975867285
15,-11.291196944565002
16,-11.336835975121968
17,-11.65426856524723
18,-11.892384142146065
19,-12.013011297028346
20,-12.250148644449386
21,-12.558072681720482
22,-12.853496742308716
23,-13.025528936514721
24,-13.15740319441271
25,-13.450337853787223
26,-13.662766824640412
27,-13.85064806042115
28,-14.18622466295295
29,-14.49669738674641
30,-14.743201006748183
31,-14.893509479966632
32,-15.095778279597177
33,-15.296742589891126
34,-15.458113931075008
35,-15.628562488274504
36,-15.75841037627823
37,-15.905929359485906
38,-16.042934409062806
39,-16.191351756039506
40,-16.302553039372757
41,-16.43868416292378
42,-16.53151399086443
43,-16.595143188461822
44,-16.66808742078836
45,-16.738927814095927
46,-16.79040076192264
47,-16.844437687340534
48,-16.904827575447303
49,-16.951179728856413
50,-16.986696265695628
51,-17.03430436541265
52,-17.07368009043889
53,-17.100387126482808
54,-17.13159354094804
55,-17.169087049971164
56,-17.197043149877352
57,-17.23634998142987
58,-17.25675595675445
59,-17.28098517243939
60,-17.303318864267553
61,-17.319598123601214
62,-17.340182579238828
63,-17.360594530956575
64,-17.37791452372097
65,-17.391626737146442
66,-17.40947164578369
67,-17.42253037820227
68,-17.435599894323428
69,-17.447073650586603
70,-17.457030348183267
71,-17.468960020415583
72,-17.477783028421317
73,-17.49243235080032
74,-17.50468829957388
75,-17.51990195431204
76,-17.543665922739425
77,-17.570636718291674
78,-17.587574083197758
79,-17.599957307792685
80,-17.608075996944642
81,-17.620020407843104
82,-17.629370266891765
83,-17.642265204795272
84,-17.665113386620018
85,-17.683319081145505
86,-17.695794021967636
87,-17.70385312483448
88,-17.71197751774669
89,-17.72046347388779
90,-17.72735516846145
91,-17.74093665812433
92,-17.749513294182787
93,-17.75731587831397
94,-17.767374499600205
95,-17.77670059025342
96,-17.790117745691454
97,-17.798438104510403
98,-17.806531284370145
99,-17.81514374748121
100,-17.824381757400126
101,-17.831406560050024
102,-17.837402260151695
103,-17.843316598942927
104,-17.850985624674347
105,-17.857647235202226
106,-17.862133200906364
107,-17.866747331779774
108,-17.87168027675951
109,-17.875990435319743
110,-17.88041963778619
111,-17.884895514321087
112,-17.887946558521897
113,-17.892111631673213
114,-17.89561277104907
115,-17.900244868069457
116,-17.903037534829597
117,-17.911291343118357
118,-17.9204345259774
119,-17.929721581238034
120,-17.934995919674762
121,-17.939267576003736
122,-17.943571657529404
123,-17.949236473558468
124,-17.952578746842097
125,-17.95638059519674
126,-17.959868696237553
127,-17.961926879591186
128,-17.966653850345228
129,-17.96886627483986
130,-17.97179722931101
131,-17.974528849870865
132,-17.97685352217787
133,-17.97935464133454
134,-17.98140638992016
135,-17.983469421282336
136,-17.98541402910927
137,-17.98754223189259
138,-17.990423556482828
139,-17.993460261640447
140,-17.99839780087243
141,-18.002006549389968
142,-18.008365988731228
143,-18.010848323113986
144,-18.014099829721538
145,-18.016583016254387
146,-18.01999586284491
147,-18.02353622307584
148,-18.026506015759896
149,-18.02887461478097
150,-18.03120305012108
151,-18.033589634641945
152,-18.035614020187165
153,-18.037738041618333
154,-18.039881916743745
155,-18.042137764661152
156,-18.043981455394082
157,-18.045726312911412
158,-18.047818303012395
159,-18.049559614934985
160,-18.05105300133585
161,-18.052448891997027
162,-18.053806002232626
163,-18.055752009251638
164,-18.056805571029937
165,-18.058644762091454
166,-18.060854008021117
167,-18.062551365073134
168,-18.06426042667904
169,-18.06598752751523
170,-18.067301180299875
171,-18.068496284620718
172,-18.069457479699544
173,-18.070837329372942
174,-18.07337879535659
175,-18.074577744029888
176,-18.077597240844717
177,-18.07848306597695
178,-18.07968190577902
179,-18.082521508759665
180,-18.08444183491553
181,-18.086467964949215
182,-18.088189074967225
183,-18.08956253525209
184,-18.090881248498157
185,-18.09212516520986
186,-18.09438329178547
187,-18.096311611043006
188,-18.098654623408247
189,-18.09999656720136
190,-18.101602781765525
191,-18.103101980937367
192,-18.104648735812713
193,-18.105896835265575
194,-18.106867652753056
195,-18.107657745945758
196,-18.108452179273453
197,-18.109889777288547
198,-18.111459261968555
199,-18.11245564299952
200,-18.1133912586755
201,-18.11445297911198
202,-18.11531130260109
203,-18.116181755700214
204,-18.116897570222655
205,-18.118070936369538
206,-18.11893031372929
207,-18.11962694525567
208,-18.12032276125989
209,-18.120975166276093
210,-18.122627958806138
211,-18.124651389801702
212,-18.125882498370817
213,-18.126850943744966
214,-18.12797627382042
215,-18.12873405917706
216,-18.129390255592266
217,-18.13032201116344
218,-18.131159326713078
219,-18.131778928279406
220,-18.13253703708124
221,-18.1338478058109
222,-18.134656330503223
223,-18.13531137839346
224,-18.136423994345858
225,-18.137586864709363
226,-18.13855649115983
227,-18.13971237468086
228,-18.140807953390077
229,-18.14165150181986
230,-18.14278676824216
231,-18.14386976810804
232,-18.14492688011502
233,-18.14577295175887
234,-18.146566531387165
235,-18.147426119975044
236,-18.14814765649425
237,-18.14884711620339
238,-18.14980050592303
239,-18.15106132881747
240,-18.1532064873362
241,-18.15369400010562
242,-18.1551303529335
243,-18.156500366216054
244,-18.157766941368255
245,-18.159169522417674
246,-18.161127466827374
247,-18.162151257921025
248,-18.163217349114095
249,-18.164339771720208
250,-18.165474983704254
251,-18.166365656316863
252,-18.167393959244343
253,-18.16803995556142
254,-18.168711772917998
255,-18.16967219615956
256,-18.170684324443517
257,-18.171711182832574
258,-18.1726134278254
259,-18.173544257906492
260,-18.174046407067802
261,-18.17465451284378
262,-18.175308702869348
263,-18.176001448505126
264,-18.176982343467145
265,-18.17795537311169
266,-18.178888854357005
267,-18.180018336904478
268,-18.180802504072666
269,-18.181473868262362
270,-18.182093376264806
271,-18.1825729987813
272,-18.183111372067934
273,-18.183661542314333
274,-18.18421944482122
275,-18.1846814565663
276,-18.185091864947896
277,-18.185506082006704
278,-18.186131566845052
279,-18.186472667821413
280,-18.18677437695104
281,-18.187310097774418
282,-18.18769190522283
283,-18.18810863484523
284,-18.188567831731355
285,-18.188954667546565
286,-18.189342197192257
287,-18.18969605003027
288,-18.190392123795082
289,-18.190727213674883
290,-18.191331441415578
291,-18.19190107374596
292,-18.192886136142945
293,-18.193493717009908
294,-18.193957843387818
295,-18.19448699339281
296,-18.195020558108762
297,-18.195472718068245
298,-18.195788424575426
299,-18.19620198427998
300,-18.196758960679723
301,-18.19751638563029
302,-18.200097700390735
303,-18.2012649283576
304,-18.201815400547265
305,-18.202070071930333
306,-18.203036928154106
307,-18.20379256733974
308,-18.20442532636069
309,-18.205007084808244
310,-18.205542434727338
311,-18.206144248752143
312,-18.20702422765008
313,-18.207499762679674
314,-18.20798386590511
315,-18.208520780569074
316,-18.20901532469732
317,-18.20945764424027
318,-18.209875723245144
319,-18.21024568593088
320,-18.21056499741409
321,-18.21083382817659
322,-18.211151832184147
323,-18.211994692219648
324,-18.212646734294488
325,-18.213578943012163
326,-18.214288492242538
327,-18.214765784820507
328,-18.215119801055163
329,-18.215609571491004
330,-18.216604999934937
331,-18.21727402315928
332,-18.21777952942074
333,-18.218440683394615
334,-18.21889740150794
335,-18.21963419565814
336,-18.220203076244367
337,-18.22439891522338
338,-18.2272743475674
339,-18.229063152520723
340,-18.23026906810853
341,-18.231352241632237
342,-18.232383429180228
343,-18.233380737628117
344,-18.23409734632901
345,-18.234531974709586
346,-18.235109423731465
347,-18.235640364281924
348,-18.236021049585418
349,-18.23627537809129
350,-18.236673837022245
351,-18.236967877641476
352,-18.237247427324657
353,-18.237530026891225
354,-18.237842757503532
355,-18.23813804373763
356,-18.238383261977685
357,-18.238656570094907
358,-18.239488713342038
359,-18.239662914509136
360,-18.239945785451194
361,-18.24029050776357
362,-18.240527734565923
363,-18.24072449555337
364,-18.240902787697912
365,-18.241050074125223
366,-18.241211613663737
367,-18.241405248212036
368,-18.2415461109729
369,-18.2417363245645
370,-18.241911035178262
371,-18.242043059243276
372,-18.242147937384896
373,-18.242371832601002
374,-18.24249437616612
375,-18.242584773352846
376,-18.24265458028052
377,-18.24274848028811
378,-18.242835336183813
379,-18.24290871090124
380,-18.2430022570744
381,-18.24306535307842
382,-18.243122837035333
383,-18.24374156608766
384,-18.243798662385082
385,-18.244216327380634
386,-18.24461940430104
387,-18.244949549825268
388,-18.24514601176344
389,-18.245714591821997
390,-18.245875079713475
391,-18.24618456932208
392,-18.24655944958515
393,-18.246853308211502
394,-18.24708504634561
395,-18.247403807419957
396,-18.247595080985665
397,-18.247813304350625
398,-18.248076762781405
399,-18.24829445256888
400,-18.248483737578344
401,-18.2486587715088
402,-18.248814686299657
403,-18.24900373524604
404,-18.249290766980177
405,-18.24951555849952
406,-18.24970157392299
407,-18.249839529315537
408,-18.249990004193485
409,-18.250118150812956
410,-18.250231085390194
411,-18.250345073962453
412,-18.25044513426335
413,-18.250541633312263
414,-18.250640136336013
415,-18.25072576869511
416,-18.250804117400847
417,-18.250897507127146
418,-18.250976193325005
419,-18.251047329736277
420,-18.251121135740302
421,-18.251186625222758
422,-18.251247525078504
423,-18.25528424740202
424,-18.27039226089947
425,-18.270442598637192
426,-18.2705007042495
427,-18.27055389463205
428,-18.278151192750975
429,-18.279031645378243
430,-18.27907014070458
431,-18.279102545063008
432,-18.283111312995437
433,-18.284165905593607
434,-18.28459737031414
435,-18.284947060846328
436,-18.286052918765517
437,-18.286156673370797
438,-18.28695794820168
439,-18.28732536070082
440,-18.28755151500521
441,-18.287793726432078
442,-18.288042148150193
443,-18.288373080225437
444,-18.288846575258468
445,-18.292230137325124
446,-18.29258734580268
447,-18.29385120210076
448,-18.294819858464173
449,-18.29563380055099
450,-18.296111529320328
451,-18.296917973170032
452,-18.297649286923196
453,-18.29808113101541
454,-18.298617048896563
455,-18.299269204276467
456,-18.2997283985619
457,-18.300140921087582
458,-18.30051879125527
459,-18.30086886783367
460,-18.301126431779405
461,-18.301485363135324
462,-18.301836559624164
463,-18.302101203505472
464,-18.302325888071667
465,-18.302562037594782
466,-18.30277545044679
467,-18.302950026746238
468,-18.303133556126742
469,-18.303278035771505
470,-18.30343080996537
471,-18.303641115836047
472,-18.303817126444358
473,-18.30402804421234
474,-18.304306993230536
475,-18.304537606014826
476,-18.304717654973217
477,-18.304859742888706
478,-18.304965205262363
479,-18.305103783664798
480,-18.305236388838875
481,-18.30537981191885
482,-18.305499558585797
483,-18.305602321181507
484,-18.306853946238174
485,-18.306939343338748
486,-18.307686719765908
487,-18.308687490384866
488,-18.309530339021467
489,-18.310183297521576
490,-18.31069171066451
491,-18.311912183833467
492,-18.313731520529867
493,-18.315181117358314
494,-18.316276576954497
495,-18.31786569725438
496,-18.31909858282394
497,-18.32009016229604
498,-18.321531033749427
499,-18.322484057085717
500,-18.32337665767312
501,-18.324217994351212
502,-18.325205875200595
503,-18.32608958661981
504,-18.326726303411274
505,-18.327366025677236
506,-18.327827767361693
507,-18.32849852393004
508,-18.329066194266446
509,-18.329509040890137
510,-18.32994687395408
511,-18.33031506703878
512,-18.330726853260646
513,-18.331258923083283
514,-18.3317080516717
515,-18.332235972943455
516,-18.33252149719908
517,-18.332939831619466
518,-18.333325404148866
519,-18.33364236252142
520,-18.33389276849018
521,-18.334115317563374
522,-18.334432297718518
523,-18.335193429098194
524,-18.3357699215146
525,-18.33624677744359
526,-18.336609043766416
527,-18.337127672543588
528,-18.337259772260246
529,-18.3375333456052
530,-18.337824449497766
531,-18.338157785525105
532,-18.338418849820776
533,-18.338646824475465
534,-18.339133857056073
535,-18.339406155484944
536,-18.339649537206775
537,-18.339975773045182
538,-18.340197733183306
539,-18.340357795319992
540,-18.340558134631937
541,-18.34071483668533
542,-18.340876603360055
543,-18.34103708137106
544,-18.34118199582466
545,-18.341295669653242
546,-18.341454641206244
547,-18.341581657698953
548,-18.341678562554808
549,-18.34174938299348
550,-18.341872819460836
551,-18.341950532533044
552,-18.342043203662524
553,-18.342112938628652
554,-18.34217051264664
555,-18.342213102834144
556,-18.342452679215796
557,-18.342497260571676
558,-18.342714891233435
559,-18.342935512593748
560,-18.343074103835356
561,-18.343188512057363
562,-18.343306479724102
563,-18.343396333098795
564,-18.34348559977094
565,-18.34360490355895
566,-18.34371421985727
567,-18.343803634718665
568,-18.343882480545695
569,-18.34401488090636
570,-18.344121111855276
571,-18.344315636581523
572,-18.344409203186324
573,-18.344565515001463
574,-18.344658573974414
575,-18.34474759107848
576,-18.34482460839994
577,-18.344994290254256
578,-18.345042542273557
579,-18.345166457193148
580,-18.34530032680277
581,-18.34538977812665
582,-18.34546199280346
583,-18.345525391902452
584,-18.34561188072415
585,-18.345709562359183
586,-18.345807490631394
587,-18.345877804457736
588,-18.345965485929867
589,-18.346031736827097
590,-18.3460912130706
591,-18.346142967930465
592,-18.346205290641453
593,-18.34626315435507
594,-18.346310325541992
595,-18.346349187902327
596,-18.346387173032458
597,-18.34642667528174
598,-18.346464819419786
599,-18.346498285145113
600,-18.346524496099107
601,-18.34659634773501
602,-18.346622689638775
603,-18.346664592608327
604,-18.346708584962585
605,-18.34685506901803
606,-18.346884136538755
607,-18.34694301835394
608,-18.34700489268436
609,-18.347066581145874
610,-18.347101097527794
611,-18.347135644079223
612,-18.347231822762698
613,-18.347265337206373
614,-18.347347069319788
615,-18.347423914891984
616,-18.347493027363384
617,-18.34752942416872
618,-18.347570351863673
619,-18.34761859858263
620,-18.347662557100143
621,-18.347713602311465
622,-18.34775548350081
623,-18.34780256974676
624,-18.347841130746477
625,-18.347873321612198
626,-18.347981575403782
627,-18.34808178151537
628,-18.348131360062457
629,-18.348164908324783
630,-18.34819025675628
631,-18.348217304005907
632,-18.34825601205843
633,-18.348286823977045
634,-18.34831109811054
635,-18.348328542823182
636,-18.34835071210693
637,-18.348371849061223
638,-18.348388300419497
639,-18.348401982501358
640,-18.348418886347773
641,-18.349408549905192
642,-18.349428724096253
643,-18.34979146648072
644,-18.350194607737688
645,-18.350431541905262
646,-18.35058084844646
647,-18.35067958181974
648,-18.350797468309864
649,-18.351041023697494
650,-18.351278919073042
651,-18.351524635744983
652,-18.351856681372052
653,-18.35208006504412
654,-18.35229696725628
655,-18.352496028050542
656,-18.352625333959786
657,-18.35271041308861
658,-18.352782673234138
659,-18.352909460615592
660,-18.353009710489257
661,-18.35312450221402
662,-18.353208237148564
663,-18.35329166847882
664,-18.353368129258868
665,-18.353429337852763
666,-18.353494990735744
667,-18.35356417819126
668,-18.353615385410997
669,-18.353675626484
670,-18.354497452715567
671,-18.354782322187866
672,-18.354826981494572
673,-18.35511059431531
674,-18.355341259407165
675,-18.35549919432053
676,-18.35559724159619
677,-18.355704166945493
678,-18.35598617345955
679,-18.356329327507606
680,-18.356585491245998
681,-18.356832935002114
682,-18.35705088922033
683,-18.357231096734147
684,-18.35738400227763
685,-18.35806320062982
686,-18.35867240812855
687,-18.359147099547222
688,-18.359631167800387
689,-18.36000158447772
690,-18.36031054880765
691,-18.36059483521923
692,-18.36081457299348
693,-18.361090504541433
694,-18.361487992938596
695,-18.361772679792008
696,-18.362081828144312
697,-18.36229335177119
698,-18.36256880751832
699,-18.3628048618991
700,-18.36297954436556
701,-18.363130200883283
702,-18.363300746921333
703,-18.363483384432918
704,-18.363630663580057
705,-18.36374688741918
706,-18.36387061428713
707,-18.363981007295333
708,-18.364080793961087
709,-18.364176143491672
710,-18.364276543262957
711,-18.364356403834122
712,-18.36441537149475
713,-18.36459208887287
714,-18.3646405303043
715,-18.364715344129095
716,-18.364810081231543
717,-18.364884627152186
718,-18.364954333782613
719,-18.36504465130859
720,-18.365120164782834
721,-18.365178743860636
722,-18.365244828043988
723,-18.365317671820996
724,-18.365381898382374
725,-18.36543952210004
726,-18.36578457599038
727,-18.365978828514127
728,-18.36609856498699
729,-18.36617737491053
730,-18.36624868056517
731,-18.36639030920562
732,-18.366489144220598
733,-18.366573819379187
734,-18.366667472811642
735,-18.366736720738626
736,-18.366812698179395
737,-18.36689008640052
738,-18.366953495163898
739,-18.367053446059536
740,-18.36758126443657
741,-18.367863082343014
742,-18.36800521430379
743,-18.3680732904457
744,-18.368179569865163
745,-18.368281185285866
746,-18.368346104111914
747,-18.368393810637848
748,-18.368466639269613
749,-18.368542799193595
750,-18.36872132299179
751,-18.368859495898967
752,-18.368948174509345
753,-18.36900570146899
754,-18.36906929926197
755,-18.36911808678713
756,-18.36916727077619
757,-18.369224881806158
758,-18.369276342915448
759,-18.369320297685814
760,-18.369356874981836
761,-18.369390076301624
762,-18.36942159305524
763,-18.369447812511865
764,-18.36947059853118
765,-18.369491791279234
766,-18.369510771899854
767,-18.36952631235261
768,-18.369543159149735
769,-18.369557782377377
770,-18.36956958896896
771,-18.369579333628554
772,-18.369589567240247
773,-18.36959812151004
774,-18.369606598490574
775,-18.369614150862436
776,-18.36962056372808
777,-18.369626233026754
778,-18.369631969967337
779,-18.36963727383553
780,-18.369642122022032
781,-18.36964576502111
782,-18.369649357117797
783,-18.36965269915482
784,-18.369655763198107
785,-18.369658437648813
786,-18.36966089057412
787,-18.36966325694491
788,-18.36966560170184
789,-18.369667796525164
790,-18.369669647387468
791,-18.36967142009705
792,-18.36967289678845
793,-18.369674262573923
794,-18.369675447666527
795,-18.369676713077254
796,-18.36967794919388
797,-18.36967912060707
798,-18.3696800083456
799,-18.369680804762215
800,-18.369681632644504
801,-18.369682406806866
802,-18.369755711785825
803,-18.369767023333292
804,-18.36977936526225
805,-18.369808928942863
806,-18.36985352836766
807,-18.36986766921517
808,-18.36988463705149
809,-18.36990552192491
810,-18.36991733512542
811,-18.369932889756047
812,-18.3701565804882
813,-18.370169292843837
814,-18.37021734396341
815,-18.37031328244407
816,-18.370394034179615
817,-18.3704559796792
818,-18.370505031886257
819,-18.37055950042866
820,-18.370617426704232
821,-18.37066301800908
822,-18.370727219077594
823,-18.3708041393392
824,-18.370859471414505
825,-18.37090131586358
826,-18.370932605426493
827,-18.370970990791413
828,-18.37101555116444
829,-18.37104738604867
830,-18.37108706089513
831,-18.37112635760326
832,-18.37115422790018
833,-18.371486508317634
834,-18.371719319485564
835,-18.372008338885472
836,-18.372224597156034
837,-18.372387169016857
838,-18.372517551062845
839,-18.372779697121988
840,-18.37300181178816
841,-18.373083064949874
842,-18.37334570398495
843,-18.37357314564748
844,-18.37417624445506
845,-18.3746574853463
846,-18.37517107003138
847,-18.375510011322255
848,-18.375848451796127
849,-18.376076426302927
850,-18.37624435318853
851,-18.37642186926093
852,-18.376625930571763
853,-18.376778997730632
854,-18.37692051639139
855,-18.37704375374583
856,-18.37715451849615
857,-18.37726709816547
858,-18.37735882763762
859,-18.37745476469137
860,-18.377532111598544
861,-18.37761277209908
862,-18.377688255578448
863,-18.37775097066304
864,-18.377805550402854
865,-18.378036611069756
866,-18.378267480197696
867,-18.378408504077335
868,-18.3784996496178
869,-18.379465394855913
870,-18.379626310510655
871,-18.381602525951326
872,-18.383008185620856
873,-18.383887488630442
874,-18.384765084122296
875,-18.38536667997785
876,-18.38605093634565
877,-18.386947703485017
878,-18.387885317155952
879,-18.3890081284992
880,-18.38997795245166
881,-18.390686972816464
882,-18.39139852568749
883,-18.392096781826282
884,-18.39262744630726
885,-18.393156061164014
886,-18.393695998275103
887,-18.394353798790874
888,-18.394850609132224
889,-18.395204296239953
890,-18.395656636806805
891,-18.39605883094794
892,-18.39638431246852
893,-18.39660683067852
894,-18.396882208284808
895,-18.3971272266453
896,-18.397353003514688
897,-18.397534234420352
898,-18.3977078749372
899,-18.397850771438403
900,-18.39798103755599
901,-18.39813863112506
902,-18.398267204444586
903,-18.398431499035794
904,-18.398594121614156
905,-18.39871162810477
906,-18.40072247689479
907,-18.400793125951633
908,-18.40087351482215
909,-18.401430296572723
910,-18.40187571511004
911,-18.402112154520562
912,-18.40235670997064
913,-18.402584155531432
914,-18.402867577501876
915,-18.403079206213338
916,-18.403314678461513
917,-18.403530681313576
918,-18.40368064950097
919,-18.403829038829652
920,-18.403953571733197
921,-18.404060263235333
922,-18.40416340364199
923,-18.404271033797247
924,-18.404375780812824
925,-18.404454633283542
926,-18.404513637220848
927,-18.4045719150185
928,-18.404629885411527
929,-18.404692839016953
930,-18.404738744270528
931,-18.40477425079871
932,-18.40480709190557
933,-18.404938230428698
934,-18.405121542101828
935,-18.405224380112667
936,-18.405318761380773
937,-18.405374276667736
938,-18.405431759286387
939,-18.405477057070083
940,-18.40551475415424
941,-18.405557444202305
942,-18.405606607623437
943,-18.405648774308172
944,-18.405680185990743
945,-18.405711592885456
946,-18.405742830141886
947,-18.405769963581342
948,-18.405791330243524
949,-18.405828453518755
950,-18.405856719275913
951,-18.40587597525185
952,-18.405889424539126
953,-18.40590106611703
954,-18.405921834458958
955,-18.40593867083184
956,-18.405950436431404
957,-18.405959401626887
958,-18.405965861536068
959,-18.405975945204094
960,-18.405984619925643
961,-18.405990856249105
962,-18.406028954101156
963,-18.40611752061767
964,-18.406172286820908
965,-18.406207037911816
966,-18.40623020200118
967,-18.40626465557458
968,-18.40631458739441
969,-18.406353276162495
970,-18.406379709438724
971,-18.406402061193763
972,-18.406437380311672
973,-18.406469965878205
974,-18.406503530268377
975,-18.406531049108384
976,-18.406562658133378
977,-18.406586655638325
978,-18.40661443520366
979,-18.406644953430867
980,-18.406676562092176
981,-18.40670044228148
982,-18.406723184856727
983,-18.406749983169046
984,-18.406771221417106
985,-18.406815511158047
986,-18.406849796749547
987,-18.406877722289376
988,-18.406903523850982
989,-18.407382089790712
990,-18.40751135898478
991,-18.407534470686176
992,-18.40765659835505
993,-18.407787602392037
994,-18.40791939538465
995,-18.408013328965215
996,-18.408148204587274
997,-18.408524037631313
998,-18.40873886658475
999,-18.408989692277334
1000,-18.40917310187616
1001,-18.409395920089807
1002,-18.409620464376225
1003,-18.40994614763595
1004,-18.410117619208574
1005,-18.41026260246265
1006,-18.410421097784457
1007,-18.410553598414754
1008,-18.410691964164194
1009,-18.410816022759725
1010,-18.410942878321812
1011,-18.411033858012768
1012,-18.411101342959373
1013,-18.41118067170676
1014,-18.41126603211919
1015,-18.41133583977772
1016,-18.411399202517693
1017,-18.411468705935054
1018,-18.41152025043806
1019,-18.41156888770777
1020,-18.41161664589337
1021,-18.411667920324515
1022,-18.41170794291371
1023,-18.41175531063065
1024,-18.41181070244803
1025,-18.411854655809158
1026,-18.41188770266291
1027,-18.41191925130643
1028,-18.411957731438005
1029,-18.412176240478463
1030,-18.412208624271504
1031,-18.41225072620648
1032,-18.412343539240055
1033,-18.412418887118886
1034,-18.412477853501134
1035,-18.41252191368878
1036,-18.412566833317275
1037,-18.412611295766016
1038,-18.41266848167243
1039,-18.412719804288464
1040,-18.412758594042355
1041,-18.412791257853453
1042,-18.412824121318412
1043,-18.412858288098228
1044,-18.412883630754084
1045,-18.412905506428537
1046,-18.41292885128825
1047,-18.41295271711776
1048,-18.412970099900328
1049,-18.412986379201957
1050,-18.4130055084147
1051,-18.413019902938583
1052,-18.41303208641923
1053,-18.413042770713812
1054,-18.413053845190394
1055,-18.41306306108039
1056,-18.413137739323346
1057,-18.413141368588423
1058,-18.413179072746416
1059,-18.413208030462744
1060,-18.413228664923476
1061,-18.413242159442987
1062,-18.413251195361234
1063,-18.413260672141146
1064,-18.413269190304465
1065,-18.413280381162853
1066,-18.41329162535476
1067,-18.41330427210465
1068,-18.413313287785336
1069,-18.413319942727966
1070,-18.41332660372851
1071,-18.41333595699445
1072,-18.413342862694204
1073,-18.413348697597467
1074,-18.41335426300414
1075,-18.413359476986315
1076,-18.413364571535695
1077,-18.41336910414763
1078,-18.41337248824721
1079,-18.413376936136338
1080,-18.413395632788017
1081,-18.41341028108057
1082,-18.413425345114927
1083,-18.41343716106447
1084,-18.413446343783963
1085,-18.413453473857867
1086,-18.413459137674717
1087,-18.413464000894674
1088,-18.413472174871178
1089,-18.413480380645474
1090,-18.41348681769202
1091,-18.413491458400337
1092,-18.41349687703218
1093,-18.413502828692813
1094,-18.413507647920678
1095,-18.413511538370695
1096,-18.413545167724067
1097,-18.41356495137516
1098,-18.41356849544287
1099,-18.41357569192079
1100,-18.413587527179825
1101,-18.413596202924484
1102,-18.413602300478146
1103,-18.413674081062354
1104,-18.41371410887512
1105,-18.41372483818543
1106,-18.41376058274734
1107,-18.413788274118012
1108,-18.413808813815496
1109,-18.413822826854915
1110,-18.413832971785208
1111,-18.413851238998674
1112,-18.413868635823892
1113,-18.41388266568513
1114,-18.41389392439397
1115,-18.413905551761395
1116,-18.413916974683264
1117,-18.41392528765689
1118,-18.413931872203896
1119,-18.413939661657135
1120,-18.41394899627411
1121,-18.413960957346134
1122,-18.413972460511328
1123,-18.413982192081043
1124,-18.41398877985744
1125,-18.413993763476682
1126,-18.41399825366647
1127,-18.414009431992724
1128,-18.414037785156815
1129,-18.41405712900526
1130,-18.414071563504066
1131,-18.414081740572442
1132,-18.414089272971477
1133,-18.41409753218449
1134,-18.414110202790642
1135,-18.41411939322466
1136,-18.414126473874372
1137,-18.41413303155134
1138,-18.414146065005646
1139,-18.414156603618828
1140,-18.41416694037898
1141,-18.414173956951007
1142,-18.414178721086444
1143,-18.414182540881857
1144,-18.414187365590372
1145,-18.414192751041877
1146,-18.414196685977043
1147,-18.414200090771487
1148,-18.414203049425453
1149,-18.414206806821085
1150,-18.41421004112008
1151,-18.414212460781805
1152,-18.414214305197127
1153,-18.4142166354198
1154,-18.41421875885788
1155,-18.41422037411369
1156,-18.41422188718466
1157,-18.414233314028376
1158,-18.41423853276253
1159,-18.414248022772576
1160,-18.414254616790437
1161,-18.41425941651229
1162,-18.41426329382488
1163,-18.414274111059623
1164,-18.414274930993468
1165,-18.414285824092417
1166,-18.41429562898298
1167,-18.41430409858531
1168,-18.41430982493154
1169,-18.41431496386206
1170,-18.41432014985941
1171,-18.414324514506063
1172,-18.414329665379135
1173,-18.414336713186604
1174,-18.414342180581684
1175,-18.41434638021358
1176,-18.414349590655693
1177,-18.414353010646654
1178,-18.414356454544706
1179,-18.414359220812226
1180,-18.414361989200597
1181,-18.41436775721457
1182,-18.414373433892642
1183,-18.414406484099008
1184,-18.41441168073099
1185,-18.41444067340469
1186,-18.414462354658205
1187,-18.414476873041284
1188,-18.414491278619476
1189,-18.41450428248351
1190,-18.41451402392429
1191,-18.414526989522813
1192,-18.414540894700373
1193,-18.414558176322203
1194,-18.414574262740533
1195,-18.414585444011163
1196,-18.414593851588748
1197,-18.414600402513074
1198,-18.41460690644165
1199,-18.414615880101685
1200,-18.414625762709576
1201,-18.414640528541078
1202,-18.41466462855775
1203,-18.41467554480641
1204,-18.414680385115314
1205,-18.414686029442514
1206,-18.414692870641865
1207,-18.41469987667527
1208,-18.414704297596128
1209,-18.414707300878323
1210,-18.414711016410195
1211,-18.41471470256808
1212,-18.41471772285215
1213,-18.414720168220256
1214,-18.41472239463872
1215,-18.414725387095917
1216,-18.41472755439835
1217,-18.414729136136184
1218,-18.41473090649763
1219,-18.41473249732471
1220,-18.41473381839922
1221,-18.41473485750237
1222,-18.414736029734634
1223,-18.414736954276542
1224,-18.414741656252122
1225,-18.41475566081552
1226,-18.41476765087786
1227,-18.414777573546118
1228,-18.414784527718748
1229,-18.414790340340705
1230,-18.41479754676902
1231,-18.414807149785783
1232,-18.41481752571135
1233,-18.41482501213733
1234,-18.414832939652435
1235,-18.414877336688917
1236,-18.414976975450845
1237,-18.414991391280886
1238,-18.41503373699915
1239,-18.415069851353035
1240,-18.415099697534878
1241,-18.415146716336583
1242,-18.415171030819696
1243,-18.415180533456454
1244,-18.415193656389533
1245,-18.41521828761659
1246,-18.415242398081563
1247,-18.415260124844266
1248,-18.41529443714971
1249,-18.415354104394034
1250,-18.415400574770754
1251,-18.415437450993785
1252,-18.415475430412034
1253,-18.41550441288275
1254,-18.41553042672855
1255,-18.4155673631475
1256,-18.415598232025996
1257,-18.415630284241754
1258,-18.41567196793253
1259,-18.415705958935728
1260,-18.415735548913577
1261,-18.415756213806954
1262,-18.415775442830085
1263,-18.415796623295208
1264,-18.415816322962645
1265,-18.41583440184103
1266,-18.4158545660153
1267,-18.415869641905484
1268,-18.415880194034987
1269,-18.415892794652514
1270,-18.41590434193134
1271,-18.415917160978335
1272,-18.41593071486752
1273,-18.41594390967253
1274,-18.415954241944725
1275,-18.415961626123835
1276,-18.41596785753119
1277,-18.415975895807343
1278,-18.415982497686674
1279,-18.4159898234425
1280,-18.41599597771292
1281,-18.416022973551605
1282,-18.416027591561587
1283,-18.416046663204217
1284,-18.416060381216507
1285,-18.416137235756988
1286,-18.41624164391342
1287,-18.41626903397685
1288,-18.416317618313844
1289,-18.416378175753582
1290,-18.416422347010784
1291,-18.416455486929024
1292,-18.416478431885892
1293,-18.41650621091393
1294,-18.41654234775998
1295,-18.41657291414875
1296,-18.41660724190557
1297,-18.416639333608025
1298,-18.416668197419817
1299,-18.416693501812137
1300,-18.41671179804975
1301,-18.416727031376745
1302,-18.416746111774923
1303,-18.416786407163727
1304,-18.416810745867842
1305,-18.416826024451595
1306,-18.416836336257713
1307,-18.416853850961353
1308,-18.41686874638106
1309,-18.41688207899444
1310,-18.416894439923308
1311,-18.41690683512252
1312,-18.41691778016407
1313,-18.416927389251082
1314,-18.41699549650797
1315,-18.417093542087265
1316,-18.417147775120036
1317,-18.417179159594966
1318,-18.41722370720929
1319,-18.417248567800417
1320,-18.417273602058003
1321,-18.417295522681734
1322,-18.417315298424175
1323,-18.41734547971861
1324,-18.417405226992376
1325,-18.417448579685193
1326,-18.4174846055667
1327,-18.41751134249539
1328,-18.4175362495289
1329,-18.417559842705902
1330,-18.41758185971386
1331,-18.417610486589982
1332,-18.41763223872511
1333,-18.417649757953257
1334,-18.41766910912249
1335,-18.417684022392297
1336,-18.41769800157728
1337,-18.41771324495007
1338,-18.41772626830762
1339,-18.417842588592045
1340,-18.417850608067155
1341,-18.417900123065497
1342,-18.417947174686173
1343,-18.417976572056173
1344,-18.417998908961273
1345,-18.418013379251597
1346,-18.418029944807714
1347,-18.418045492158576
1348,-18.41806107337195
1349,-18.4180796069643
1350,-18.418095071470255
1351,-18.418105877697176
1352,-18.418113061612686
1353,-18.418118931230847
1354,-18.418125815794266
1355,-18.41813238916969
1356,-18.418142441119674
1357,-18.418170249979788
1358,-18.4181885913895
1359,-18.418198940644324
1360,-18.41820529705977
1361,-18.41820980441203
1362,-18.41821256151017
1363,-18.418216442279427
1364,-18.418219666246944
1365,-18.41822247048301
1366,-18.418227192063117
1367,-18.41823004650341
1368,-18.418233516253814
1369,-18.418236189706317
1370,-18.41823832773949
1371,-18.418240215731544
1372,-18.418241897001604
1373,-18.418243276926635
1374,-18.418244761786788
1375,-18.418246121451823
1376,-18.41824736810948
1377,-18.418441438767374
1378,-18.418442271278742
1379,-18.41851102585193
1380,-18.41856227574152
1381,-18.418577536029996
1382,-18.418578019247022
1383,-18.41858076714792
1384,-18.418586991286414
1385,-18.418600611569506
1386,-18.41861588428303
1387,-18.41863157093087
1388,-18.41864043097826
1389,-18.41864998810147
1390,-18.418656433741617
1391,-18.41866238941823
1392,-18.418668559825395
1393,-18.41867356836524
1394,-18.418679248453195
1395,-18.41868333508958
1396,-18.418686176795852
1397,-18.418689710841637
1398,-18.418693413401755
1399,-18.418695959721415
1400,-18.418697669638046
1401,-18.418699416937827
1402,-18.418701481177212
1403,-18.418703865079475
1404,-18.418705590422228
1405,-18.41870680741386
1406,-18.418707708373766
1407,-18.418708686175794
1408,-18.418709781233808
1409,-18.41871081786841
1410,-18.418711784706282
1411,-18.418712551412998
1412,-18.418713201630602
1413,-18.418713836881736
1414,-18.41871433493886
1415,-18.418714981280637
1416,-18.41871549787747
1417,-18.41871595056712
1418,-18.418716285028967
1419,-18.418716606658016
1420,-18.418716900481467
1421,-18.418717177340746
1422,-18.41871740167306
1423,-18.418717641450716
1424,-18.41871785393893
1425,-18.41871802345195
1426,-18.4187182191627
1427,-18.418718363255095
1428,-18.418718484153626
1429,-18.41871858875681
1430,-18.418718742320735
1431,-18.41871886572429
1432,-18.418718973669392
1433,-18.418719050175483
1434,-18.418719103946053
1435,-18.418719172242753
1436,-18.418719251899063
1437,-18.41871931584723
1438,-18.418719374496273
1439,-18.418719423965786
1440,-18.418719461542686
1441,-18.41871950539134
1442,-18.418719545643462
1443,-18.4187195761933
1444,-18.41871960588633
1445,-18.418719635276613
1446,-18.41871967097178
1447,-18.418719698119396
1448,-18.418719717455463
1449,-18.418719735185572
1450,-18.418719753242133
1451,-18.418719767500647
1452,-18.418719786240285
1453,-18.41871980073498
1454,-18.418719812139283
1455,-18.418727124775987
1456,-18.418767599116634
1457,-18.418799571342596
1458,-18.41882123248029
1459,-18.418836041045672
1460,-18.418846234046164
1461,-18.418853287605167
1462,-18.4188646857203
1463,-18.418898562837022
1464,-18.419951577237118
1465,-18.420657033172503
1466,-18.421134247874534
1467,-18.421456109788245
1468,-18.42167527125938
1469,-18.421825615716262
1470,-18.422099374064036
1471,-18.422464457957574
1472,-18.422759944215972
1473,-18.423037659932994
1474,-18.423288153336767
1475,-18.423462368934146
1476,-18.423587467925113
1477,-18.423728414431164
1478,-18.423869660839888
1479,-18.424072708120605
1480,-18.424250044095743
1481,-18.424371366487755
1482,-18.42452956822134
1483,-18.424640644145878
1484,-18.424717083244655
1485,-18.424840787413963
1486,-18.424935249554128
1487,-18.425040016711986
1488,-18.425185949864954
1489,-18.425287224404954
1490,-18.425357622295643
1491,-18.42541147530828
1492,-18.425513183165542
1493,-18.425610094377284
1494,-18.425684378406675
1495,-18.425744162016233
1496,-18.425814218329855
1497,-18.425894578645284
1498,-18.425954900957883
1499,-18.425997777124625
1500,-18.426052821896672
1501,-18.42610548156382
1502,-18.426142809979712
1503,-18.426197630320683
1504,-18.426249202047316
1505,-18.42628696458159
1506,-18.42631334531068
1507,-18.42634647972509
1508,-18.42638471909201
1509,-18.42641543715017
1510,-18.426437633520532
1511,-18.42646370775739
1512,-18.42648401660417
1513,-18.426504103188652
1514,-18.426529900933357
1515,-18.426551306260976
1516,-18.42658666155834
1517,-18.4266115469508
1518,-18.426629051479118
1519,-18.42664164604181
1520,-18.42666205773636
1521,-18.42667854567761
1522,-18.426695609526128
1523,-18.4267116607009
1524,-18.426723455424572
1525,-18.426734458149394
1526,-18.4267505808128
1527,-18.426767505539736
1528,-18.426783509686707
1529,-18.426796303406856
1530,-18.426810596398685
1531,-18.42682224313312
1532,-18.426830408047046
1533,-18.426838497416067
1534,-18.42684827056729
1535,-18.42685762651447
1536,-18.42686725168152
1537,-18.42687566277239
1538,-18.426881832609162
1539,-18.426887527626967
1540,-18.426894096408823
1541,-18.42689941646312
1542,-18.426906060200306
1543,-18.42691172624976
1544,-18.426915965665152
1545,-18.426918965915117
1546,-18.426922847890744
1547,-18.426927353558355
1548,-18.426930873778165
1549,-18.426934940201697
1550,-18.426939926030876
1551,-18.42694370501112
1552,-18.426946390404293
1553,-18.42694830429597
1554,-18.426951514088973
1555,-18.42695412623488
1556,-18.426956661682315
1557,-18.42695849568768
1558,-18.42696049670877
1559,-18.42696233993774
1560,-18.426964322265135
1561,-18.426965857986733
1562,-18.426966990187235
1563,-18.42696865447268
1564,-18.426969939871572
1565,-18.42697084268144
1566,-18.42697180944112
1567,-18.426972800107023
1568,-18.4269737006516
1569,-18.426974345121025
1570,-18.426975316189296
1571,-18.426976219344702
1572,-18.42697689239965
1573,-18.42697737776024
1574,-18.42697801915697
1575,-18.42697858010847
1576,-18.426979069643025
1577,-18.426979522561044
1578,-18.426979889303535
1579,-18.426980402236428
1580,-18.4269809401676
1581,-18.42698133448976
1582,-18.426981624149626
1583,-18.426981914901052
1584,-18.42698219422045
1585,-18.426982502905386
1586,-18.4269828103827
1587,-18.42698303310102
1588,-18.427006143031342
1589,-18.42706847090998
1590,-18.427090094724015
1591,-18.427108149398887
1592,-18.42713271880609
1593,-18.427154753870997
1594,-18.42717393297404
1595,-18.427188210831503
1596,-18.42720529041827
1597,-18.427226066002728
1598,-18.427240603071407
1599,-18.42725890697283
1600,-18.42727448272626
1601,-18.42728792785674
1602,-18.427303522182534
1603,-18.42731556475843
1604,-18.427325426929066
1605,-18.42733614993167
1606,-18.427347026279882
1607,-18.427355762267066
1608,-18.427362275585853
1609,-18.427374567136027
1610,-18.427385045574486
1611,-18.427393436225497
1612,-18.42739949528814
1613,-18.42740557399745
1614,-18.42741197806787
1615,-18.427417126215776
1616,-18.427421419174202
1617,-18.42742631876727
1618,-18.427430061446138
1619,-18.427434184685705
1620,-18.427458439096647
1621,-18.42749956125331
1622,-18.427555832903124
1623,-18.42758877928024
1624,-18.427619797723093
1625,-18.42765259289302
1626,-18.427677218555807
1627,-18.427702958950015
1628,-18.427725168128116
1629,-18.427749767274474
1630,-18.427771227248815
1631,-18.42779252237472
1632,-18.42781364442661
1633,-18.427829048794823
1634,-18.427842011595015
1635,-18.427853453924133
1636,-18.42786605636819
1637,-18.427876847543835
1638,-18.427885848451403
1639,-18.42789804180803
1640,-18.428131362570493
1641,-18.42827636036172
1642,-18.42837932726585
1643,-18.428451377860924
1644,-18.428513640243043
1645,-18.428554029056958
1646,-18.42863931654262
1647,-18.428742098264387
1648,-18.42882934565765
1649,-18.42890187719031
1650,-18.42899338200221
1651,-18.429057895962515
1652,-18.429103127668963
1653,-18.429149359655266
1654,-18.429211951460704
1655,-18.42925679814929
1656,-18.429296968672574
1657,-18.429328484734768
1658,-18.42950821355379
1659,-18.429574811060945
1660,-18.42969522424205
1661,-18.429774564318993
1662,-18.429855159763086
1663,-18.429897366909657
1664,-18.429953154963293
1665,-18.430014879561057
1666,-18.43006688540147
1667,-18.43010865850764
1668,-18.43014964287701
1669,-18.430199449837353
1670,-18.43023920732854
1671,-18.43026860838751
1672,-18.430291788397604
1673,-18.43031945875076
1674,-18.430348261489147
1675,-18.430370440435905
1676,-18.43055051525955
1677,-18.430649133259788
1678,-18.430688674017638
1679,-18.430739525539718
1680,-18.430836198722247
1681,-18.430904229690622
1682,-18.431085376191138
1683,-18.43142493388603
1684,-18.43175068369176
1685,-18.431983537568986
1686,-18.432156040451734
1687,-18.432311767410418
1688,-18.432431461164892
1689,-18.43253734714373
1690,-18.432747763063706
1691,-18.432923515113405
1692,-18.433071703467018
1693,-18.43323972934539
1694,-18.433367393287018
1695,-18.433459779256157
1696,-18.433545773306573
1697,-18.43366443514649
1698,-18.43375091717625
1699,-18.4338140389059
1700,-18.43391743064153
1701,-18.433994885555087
1702,-18.43405073228694
1703,-18.43411526890709
1704,-18.434169921765037
1705,-18.4342174967606
1706,-18.434319714514682
1707,-18.434394391607164
1708,-18.434448206250476
1709,-18.434487138123515
1710,-18.43453401331013
1711,-18.43459012677561
1712,-18.434630590248158
1713,-18.434675613063657
1714,-18.43471202175419
1715,-18.43475507616029
1716,-18.434800001517438
1717,-18.434843496334086
1718,-18.434875285827612
1719,-18.434897899872382
1720,-18.434940159054666
1721,-18.434972750040767
1722,-18.434995835699013
1723,-18.4350228703632
1724,-18.435048487956667
1725,-18.435071016099283
1726,-18.43509177366307
1727,-18.435111042973976
1728,-18.435129019207334
1729,-18.435146106517433
1730,-18.435168218448517
1731,-18.435183992096324
1732,-18.4351953867177
1733,-18.4352113099715
1734,-18.43522994321746
1735,-18.435243258611813
1736,-18.43525274121844
1737,-18.4352617774283
1738,-18.435271464993203
1739,-18.435282013255282
1740,-18.435290138021124
1741,-18.435299839707792
1742,-18.435309804293997
1743,-18.435316838614863
1744,-18.435321821326227
1745,-18.435325990534697
1746,-18.435332395223558
1747,-18.43534017764439
1748,-18.435348308443164
1749,-18.435354058569846
1750,-18.435358174632086
1751,-18.435361099873578
1752,-18.435366723829826
1753,-18.435372811996768
1754,-18.435378372033117
1755,-18.43538576293324
1756,-18.435395977558585
1757,-18.435405750673418
1758,-18.435411989268243
1759,-18.435442523281363
1760,-18.435451332239893
1761,-18.435477814982942
1762,-18.435517880763978
1763,-18.43556055444112
1764,-18.43558837573992
1765,-18.435606902563105
1766,-18.435626096320767
1767,-18.43564591291227
1768,-18.435661977849715
1769,-18.43567729725213
1770,-18.435697696538586
1771,-18.435714772233915
1772,-18.43572673372673
1773,-18.435736935636978
1774,-18.435751951813725
1775,-18.435763316118287
1776,-18.43577291998106
1777,-18.44024064901867
1778,-18.44024999317232
1779,-18.44332687087853
1780,-18.44740622696786
1781,-18.450348644278062
1782,-18.452093569190534
1783,-18.453100320888982
1784,-18.45489045844077
1785,-18.456613457757978
1786,-18.457939098774528
1787,-18.458702683719014
1788,-18.459033456156156
1789,-18.45931351311491
1790,-18.45987411101974
1791,-18.460326995098185
1792,-18.46060463503407
1793,-18.460810751220777
1794,-18.4610407146778
1795,-18.461244456044792
1796,-18.46140968135164
1797,-18.461666572866584
1798,-18.461889814505216
1799,-18.462066349732932
1800,-18.462190018460003
1801,-18.462282750108333
1802,-18.46239791967118
1803,-18.46250901175817
1804,-18.46258557631252
1805,-18.462638520274407
1806,-18.462702401749443
1807,-18.46276671708239
1808,-18.46283086950392
1809,-18.462886250570204
1810,-18.462929912653838
1811,-18.462960246579364
1812,-18.462981716994975
1813,-18.463006895984606
1814,-18.46303737120622
1815,-18.46305850449988
1816,-18.46307334243567
1817,-18.463089242222647
1818,-18.46310481779186
1819,-18.463118171885398
1820,-18.463133003823785
1821,-18.46314346865047
1822,-18.463150847910004
1823,-18.4631572952901
1824,-18.46316426371234
1825,-18.463170232039428
1826,-18.46317478793604
1827,-18.463180511219434
1828,-18.463184821639576
1829,-18.46318792744221
1830,-18.4631915035524
1831,-18.46319466695491
1832,-18.463197315793654
1833,-18.46320016701229
1834,-18.46320273265797
1835,-18.463204541293756
1836,-18.46320610305859
1837,-18.463208288830597
1838,-18.463209899382207
1839,-18.463211064960657
1840,-18.463212044353426
1841,-18.463213264123947
1842,-18.46321415140645
1843,-18.463215184838123
1844,-18.463216015087923
1845,-18.463216640695787
1846,-18.463217111746996
1847,-18.463217720751132
1848,-18.463218245208356
1849,-18.46321876151809
1850,-18.463219136215915
1851,-18.46321955669095
1852,-18.463219896309322
1853,-18.46322019378904
1854,-18.4632205078871
1855,-18.463220753600744
1856,-18.463221056334774
1857,-18.463221270941464
1858,-18.463221453590894
1859,-18.46322168059921
1860,-18.463221841005986
1861,-18.4632220131709
1862,-18.46322218341675
1863,-18.463222326459253
1864,-18.463222430522283
1865,-18.463222596718847
1866,-18.463222738825966
1867,-18.463222842437077
1868,-18.463222965088544
1869,-18.463223059787367
1870,-18.463223134608505
1871,-18.46322320770929
1872,-18.46322327106987
1873,-18.463223344032517
1874,-18.463223414046
1875,-18.463223476587185
1876,-18.46322352049475
1877,-18.46322356507472
1878,-18.463228402152914
1879,-18.46322865015177
1880,-18.463228690021598
1881,-18.463229335312462
1882,-18.46322994424054
1883,-18.463230254005783
1884,-18.463230419965214
1885,-18.46323063750322
1886,-18.4632309362952
1887,-18.463231149312588
1888,-18.46323129788184
1889,-18.463231455071483
1890,-18.463231592070397
1891,-18.463231768908837
1892,-18.463231924747145
1893,-18.463232044006848
1894,-18.46323213367943
1895,-18.463232277155136
1896,-18.46323238025063
1897,-18.46323247533155
1898,-18.463232569773755
1899,-18.463232661526366
1900,-18.463232734720652
1901,-18.463232788701934
1902,-18.463232841090804
1903,-18.46323292184861
1904,-18.4632329782063
1905,-18.46323302203457
1906,-18.463233077912744
1907,-18.463233127995075
1908,-18.46323316415391
1909,-18.463233189624063
1910,-18.463233212133954
1911,-18.46323324437665
1912,-18.463233272813195
1913,-18.4632333013274
1914,-18.46323332277815
1915,-18.46323333962327
1916,-18.46323335650441
1917,-18.463233372391276
1918,-18.46323338670943
1919,-18.463233398096573
1920,-18.46323340788875
1921,-18.4632334183487
1922,-18.463233427746324
1923,-18.463233435440387
1924,-18.46323344198759
1925,-18.46323344955189
1926,-18.463233455369696
1927,-18.463233462269184
1928,-18.463233467701063
1929,-18.463233472619287
1930,-18.463233476114905
1931,-18.463233479128352
1932,-18.463233484207624
1933,-18.46323348844486
1934,-18.46323349167941
1935,-18.463233494659285
1936,-18.463233498141676
1937,-18.463233500865606
1938,-18.463233503092628
1939,-18.46323350501164
1940,-18.46323350705044
1941,-18.46323350964228
1942,-18.46323351160679
1943,-18.463233513173332
1944,-18.463233515386037
1945,-18.463233516970607
1946,-18.463233518239726
1947,-18.463234560186972
1948,-18.463236798736776
1949,-18.463238227815673
1950,-18.463239160678075
1951,-18.463239780958432
1952,-18.463240199271542
1953,-18.463240752200825
1954,-18.463241390466024
1955,-18.46324196363374
1956,-18.463242610124215
1957,-18.463243046258647
1958,-18.463243508112473
1959,-18.463244087754376
1960,-18.46324448289443
1961,-18.46324475455609
1962,-18.463245087938486
1963,-18.463245363042997
1964,-18.463245672142474
1965,-18.463245904216457
1966,-18.463246065437335
1967,-18.463246177765043
1968,-18.463246396720255
1969,-18.463246575671985
1970,-18.463246700626243
1971,-18.46324684438036
1972,-18.463246951086862
1973,-18.46324734518835
1974,-18.463248145638218
1975,-18.4632489294684
1976,-18.46324950240042
1977,-18.463249899968265
1978,-18.46325018550522
1979,-18.46325038803376
1980,-18.4632507539949
1981,-18.463256779482137
1982,-18.46326192424301
1983,-18.46326516007303
1984,-18.463267246951336
1985,-18.46326942902743
1986,-18.463273816675855
1987,-18.463276847699316
1988,-18.46327893427227
1989,-18.46328071585667
1990,-18.46328371324801
1991,-18.463285769427575
1992,-18.463289256972043
1993,-18.463292539424636
1994,-18.463295068457406
1995,-18.463297031322316
1996,-18.46329867741893
1997,-18.46330054876088
1998,-18.463302198931025
1999,-18.46330423083806
2000,-18.463306216488437
2001,-18.463307760367602
2002,-18.463309319025267
2003,-18.463310709759295
2004,-18.463311859726353
2005,-18.463313074887935
2006,-18.463314160877193
2007,-18.463314923119903
2008,-18.463315581596476
2009,-18.46331675586666
2010,-18.463317590533844
2011,-18.463318507406672
2012,-18.46331935714583
2013,-18.463319953368234
2014,-18.463320370723604
2015,-18.46332091036936
2016,-18.46332140093695
2017,-18.463321891014793
2018,-18.463322294832217
2019,-18.463322628950454
2020,-18.463322898918843
2021,-18.463323183757435
2022,-18.463323433095628
2023,-18.463323672496887
2024,-18.46332396128182
2025,-18.463332752696925
2026,-18.463413927569373
2027,-18.463461501462614
2028,-18.463492482884767
2029,-18.46351532954452
2030,-18.463538214219444
2031,-18.463545946624436
2032,-18.463567635665964
2033,-18.463594018090195
2034,-18.463620095293955
2035,-18.463638155702316
2036,-18.463651000313135
2037,-18.463670977995427
2038,-18.46368492844152
2039,-18.463698266634665
2040,-18.464313056735534
2041,-18.47436757041288
2042,-18.4743783211709
2043,-18.474389184297177
2044,-18.478103499500765
2045,-18.47811366576396
2046,-18.4784454825967
2047,-18.47890009253859
2048,-18.47926578842468
2049,-18.479933211485424
2050,-18.47993978663555
2051,-18.48038693758942
2052,-18.480485539567912
2053,-18.480490107898575
2054,-18.48059485141027
2055,-18.48076841682667
2056,-18.480855350444624
2057,-18.480867092754135
2058,-18.480898886182413
2059,-18.48093109856455
2060,-18.480936026681327
2061,-18.480952824041516
2062,-18.480986516825272
2063,-18.481005499574245
2064,-18.48101782970101
2065,-18.48102803006319
2066,-18.481043189777758
2067,-18.4810543965616
2068,-18.481067620365362
2069,-18.48107810844608
2070,-18.481087131537347
2071,-18.481094918985125
2072,-18.481102191136277
2073,-18.48111988479673
2074,-18.481130656664114
2075,-18.481137219018944
2076,-18.48115402936707
2077,-18.48117708781341
2078,-18.48120151767129
2079,-18.48122062906066
2080,-18.48123553468437
2081,-18.481247222954593
2082,-18.481257053955776
2083,-18.48127066408967
2084,-18.48128995980181
2085,-18.481306637906254
2086,-18.481318277476767
2087,-18.48132799983922
2088,-18.481335872965783
2089,-18.48137709992881
2090,-18.481385038599186
2091,-18.48140354390574
2092,-18.481425627814772
2093,-18.481443403445102
2094,-18.48145652510512
2095,-18.48146650874352
2096,-18.481477475466413
2097,-18.481488347908662
2098,-18.48150173052628
2099,-18.481511766787964
2100,-18.481522948103876
2101,-18.4815323914382
2102,-18.48153969212171
2103,-18.481545291744656
2104,-18.48155115009037
2105,-18.481556836316077
2106,-18.481562864698414
2107,-18.48156810341247
2108,-18.48157217028215
2109,-18.481575234699328
2110,-18.481578592791422
2111,-18.48158163804184
2112,-18.481584173534447
2113,-18.481586636151846
2114,-18.48158907428416
2115,-18.48159099102798
2116,-18.48159251194246
2117,-18.481594138498824
2118,-18.481595821619898
2119,-18.481597222120435
2120,-18.48159844343596
2121,-18.481599591507322
2122,-18.481600900239798
2123,-18.481602756618194
2124,-18.481603199626385
2125,-18.481604754095237
2126,-18.481605960155296
2127,-18.48160683462719
2128,-18.481607625724507
2129,-18.48160843188832
2130,-18.481609089943433
2131,-18.481609683328113
2132,-18.48161302557197
2133,-18.48161624534711
2134,-18.481620275442417
2135,-18.48162313976122
2136,-18.481625421133614
2137,-18.48162703140672
2138,-18.4816282053389
2139,-18.481630860228712
2140,-18.48163350271
2141,-18.481635378629885
2142,-18.481636722576646
2143,-18.481638343346894
2144,-18.48163971798763
2145,-18.481641678862854
2146,-18.481643054756436
2147,-18.48164411705843
2148,-18.481644899838255
2149,-18.48164592513391
2150,-18.48164713190392
2151,-18.481648091028617
2152,-18.481648918983478
2153,-18.481649523361348
2154,-18.481650126261876
2155,-18.481650754253224
2156,-18.481651557221696
2157,-18.48165222674175
2158,-18.481652727745768
2159,-18.481653144131304
2160,-18.481653637150544
2161,-18.481654024999163
2162,-18.48165444627892
2163,-18.481654760455477
2164,-18.481655112257766
2165,-18.48165537515358
2166,-18.48165563868365
2167,-18.481655890543742
2168,-18.48165609305457
2169,-18.48165628416729
2170,-18.481656490645392
2171,-18.48165667649163
2172,-18.481656813657484
2173,-18.481656952615086
2174,-18.481657090987472
2175,-18.481657221830353
2176,-18.481657357418523
2177,-18.481657492652236
2178,-18.48165761516065
2179,-18.481657727975186
2180,-18.481657821767172
2181,-18.481657919808722
2182,-18.481657996461195
2183,-18.481658071055566
2184,-18.481658137421093
2185,-18.481658199238495
2186,-18.481751062254187
2187,-18.481803597521846
2188,-18.481824063253647
2189,-18.481870661379
2190,-18.481914376109252
2191,-18.481944079580032
2192,-18.481964445366064
2193,-18.48199037166114
2194,-18.482018941976147
2195,-18.482051635260493
2196,-18.482091306129274
2197,-18.48212926043723
2198,-18.48215575177571
2199,-18.482174262738635
2200,-18.48219557980318
2201,-18.482217739883513
2202,-18.482234483853496
2203,-18.4822519408523
2204,-18.482271360936018
2205,-18.482286552033433
2206,-18.482297176404586
2207,-18.482316818215953
2208,-18.48233363721888
2209,-18.48234540112223
2210,-18.482363291674858
2211,-18.482377540559053
2212,-18.482392315420643
2213,-18.482405205720546
2214,-18.482415556066215
2215,-18.482429906891305
2216,-18.48243994550726
2217,-18.482446969117905
2218,-18.482455693480336
2219,-18.482462312029856
2220,-18.48247250991089
2221,-18.48249302347688
2222,-18.482508932959536
2223,-18.48252267228717
2224,-18.482531731703208
2225,-18.482543956446296
2226,-18.482552940042577
2227,-18.482558958186093
2228,-18.4825687004647
2229,-18.48257961375274
2230,-18.482587567554464
2231,-18.48259979591269
2232,-18.482905916622013
2233,-18.482914197174818
2234,-18.48294118342266
2235,-18.483057487529386
2236,-18.483133508394314
2237,-18.483184016480248
2238,-18.483218305165774
2239,-18.483288177594734
2240,-18.48334280023065
2241,-18.483406116931246
2242,-18.483456012032164
2243,-18.483525408449292
2244,-18.483581529625237
2245,-18.483620996869142
2246,-18.483664750826645
2247,-18.483724852367832
2248,-18.483787154885686
2249,-18.48410433551023
2250,-18.484356037754274
2251,-18.484614801407925
2252,-18.484766528395898
2253,-18.4848838195773
2254,-18.484988480873497
2255,-18.485057273304996
2256,-18.485123860993774
2257,-18.485220116810996
2258,-18.48529595097919
2259,-18.485383396300215
2260,-18.485462172812557
2261,-18.48551758657122
2262,-18.485555763362303
2263,-18.485588967862938
2264,-18.48563257195401
2265,-18.485675055923952
2266,-18.485713500573524
2267,-18.48574060769301
2268,-18.485762191367314
2269,-18.485788372284013
2270,-18.485813791941133
2271,-18.48583558570366
2272,-18.485851524086026
2273,-18.485866008694945
2274,-18.485886327230002
2275,-18.485906803190844
2276,-18.48592751997322
2277,-18.485943811728518
2278,-18.48595554685206
2279,-18.485966659298928
2280,-18.48598448574977
2281,-18.485999570426017
2282,-18.486010476221747
2283,-18.486018447518816
2284,-18.486029245821094
2285,-18.48604082792486
2286,-18.486050756494357
2287,-18.486057884041376
2288,-18.486063288783843
2289,-18.486070914758265
2290,-18.486078674263492
2291,-18.4860845972489
2292,-18.4860894810677
2293,-18.486094358451535
2294,-18.486099241851587
2295,-18.48610316606736
2296,-18.486107536147127
2297,-18.486112817001747
2298,-18.486116558030577
2299,-18.486119184846284
2300,-18.486123199256287
2301,-18.48612745709844
2302,-18.48613065953179
2303,-18.486132927821487
2304,-18.486135000868227
2305,-18.486137823674405
2306,-18.486140211037107
2307,-18.4861422138522
2308,-18.48614463796987
2309,-18.486146607276403
2310,-18.486148000543217
2311,-18.486149263091274
2312,-18.486150837916185
2313,-18.486152010213765
2314,-18.48615294101716
2315,-18.486154339495855
2316,-18.48615542091527
2317,-18.486156422505644
2318,-18.486157228816936
2319,-18.486158035535528
2320,-18.486158705127448
2321,-18.48615937639005
2322,-18.486160145929727
2323,-18.486160801384305
2324,-18.48616126392693
2325,-18.486161716765206
2326,-18.48616206746336
2327,-18.486162465808
2328,-18.48616283043276
2329,-18.48616312512023
2330,-18.486163418574343
2331,-18.48616366772878
2332,-18.48616399838159
2333,-18.486164265003143
2334,-18.486164465639828
2335,-18.486164615599094
2336,-18.486164759237177
2337,-18.48616494454539
2338,-18.48616510486836
2339,-18.48616527074078
2340,-18.48616539109734
2341,-18.486165587064864
2342,-18.486165735621473
2343,-18.486165845649946
2344,-18.486165929433824
2345,-18.486166011731186
2346,-18.486166125235933
2347,-18.48616621454075
2348,-18.486166286401716
2349,-18.486166358516858
2350,-18.48616644920802
2351,-18.48616651451842
2352,-18.486166574217247
2353,-18.48616664556085
2354,-18.486166717390397
2355,-18.48616676821241
2356,-18.486166819632775
2357,-18.486166885683158
2358,-18.486166934813532
2359,-18.486166971161065
2360,-18.4861670067866
2361,-18.48616704771252
2362,-18.48616707716303
2363,-18.486167104427878
2364,-18.48616713871884
2365,-18.486167169109695
2366,-18.486167191498883
2367,-18.48616721202053
2368,-18.486167234333088
2369,-18.486167253313706
2370,-18.48616727313982
2371,-18.48616729683983
2372,-18.486167313483502
2373,-18.486167327232334
2374,-18.486167351224765
2375,-18.486167368621704
2376,-18.486171880796686
2377,-18.486193782738603
2378,-18.48620947815193
2379,-18.4862264317487
2380,-18.48623984999027
2381,-18.486249581143507
2382,-18.486257689349365
2383,-18.486265213770267
2384,-18.48627468529153
2385,-18.486285571708603
2386,-18.486298529461767
2387,-18.486306903885975
2388,-18.486314915114338
2389,-18.486323363368463
2390,-18.486329777059137
2391,-18.48633635225224
2392,-18.486341955598263
2393,-18.486349234667653
2394,-18.486356249630617
2395,-18.48636112228112
2396,-18.48636495195525
2397,-18.486368128664747
2398,-18.486372190626632
2399,-18.486375792151453
2400,-18.486378918272326
2401,-18.486381281087365
2402,-18.486383651417142
2403,-18.48638579929657
2404,-18.48638798297651
2405,-18.486389600935045
2406,-18.486391205650133
2407,-18.486392524594592
2408,-18.486394117482632
2409,-18.486395242445532
2410,-18.486396096759748
2411,-18.486397074958955
2412,-18.486397969959622
2413,-18.486398771912018
2414,-18.486399549989226
2415,-18.486400169495575
2416,-18.48640070802116
2417,-18.48640130614787
2418,-18.48640188588702
2419,-18.486402323419046
2420,-18.486402684780657
2421,-18.48640312035913
2422,-18.486403528651667
2423,-18.48640385952665
2424,-18.486404164175074
2425,-18.486404439671833
2426,-18.486404721841403
2427,-18.48640492580395
2428,-18.486405117886147
2429,-18.48640533212478
2430,-18.486405516659556
2431,-18.486405725975025
2432,-18.48640589201757
2433,-18.486406031575267
2434,-18.486406161608077
2435,-18.486406308521573
2436,-18.486406445748482
2437,-18.486440320671154
2438,-18.486581978372794
2439,-18.486687777605386
2440,-18.486753508398223
2441,-18.486795438042893
2442,-18.486829535244187
2443,-18.486853187009743
2444,-18.48690384715211
2445,-18.486959156407025
2446,-18.487004327845668
2447,-18.487044508618098
2448,-18.487072127659612
2449,-18.487103841397715
2450,-18.48713285026117
2451,-18.487154964234158
2452,-18.487180846723565
2453,-18.487207109066052
2454,-18.4872255839371
2455,-18.487241067808792
2456,-18.48726289574506
2457,-18.487279793492878
2458,-18.487292118788858
2459,-18.487300698564532
2460,-18.487315402696144
2461,-18.487328770726222
2462,-18.487338761741565
2463,-18.48734638496002
2464,-18.48735642742419
2465,-18.48736612345249
2466,-18.4873733203482
2467,-18.48737842714535
2468,-18.487387417163326
2469,-18.487394975327273
2470,-18.487400505160842
2471,-18.487488584964872
2472,-18.48774885807741
2473,-18.487921370476673
2474,-18.488037406100066
2475,-18.488116617194425
2476,-18.488183598335464
2477,-18.488295446881477
2478,-18.488365043031113
2479,-18.488441012876315
2480,-18.488515869780652
2481,-18.488595448986924
2482,-18.488663646511448
2483,-18.4887571315604
2484,-18.48883506736272
2485,-18.4889264506567
2486,-18.488990597653004
2487,-18.489078751951745
2488,-18.489131385034877
2489,-18.489245249694935
2490,-18.489354412915738
2491,-18.489440788873125
2492,-18.489513477926643
2493,-18.48957549520594
2494,-18.489677401053573
2495,-18.489820555758726
2496,-18.489943263037993
2497,-18.49004259943478
2498,-18.49013288160016
2499,-18.490252681586888
2500,-18.490383960755867
2501,-18.490512389707508
2502,-18.490664942535567
2503,-18.490799352278614
2504,-18.490902573306037
2505,-18.490988594504795
2506,-18.491111067915266
2507,-18.491221412608713
2508,-18.491303820675203
2509,-18.491574850996617
2510,-18.491707016274965
2511,-18.491796113487325
2512,-18.491955558446307
2513,-18.49207051507057
2514,-18.492208327177178
2515,-18.492315238890924
2516,-18.492387492322994
2517,-18.492444390885687
2518,-18.492542004265083
2519,-18.492643458084103
2520,-18.492722280770902
2521,-18.492789713167422
2522,-18.492850519095324
2523,-18.492927857992907
2524,-18.492990075003387
2525,-18.49304886292341
2526,-18.493119649433616
2527,-18.493178652335985
2528,-18.493223002927838
2529,-18.493254156373904
2530,-18.493290121359653
2531,-18.493333530765824
2532,-18.493371443332272
2533,-18.493404386590022
2534,-18.493430727823192
2535,-18.493455609301872
2536,-18.4934829844531
2537,-18.49350453247534
2538,-18.493526409228014
2539,-18.493545979894385
2540,-18.493564979958936
2541,-18.493578474037804
2542,-18.493598276181494
2543,-18.49361405572632
2544,-18.493625236298108
2545,-18.493633102646122
2546,-18.493644324034236
2547,-18.493655944006765
2548,-18.493667785891603
2549,-18.49367620768923
2550,-18.493682410470992
2551,-18.493690807271275
2552,-18.493700486602688
2553,-18.4937078148588
2554,-18.49371328348118
2555,-18.49371713765424
2556,-18.493721324992695
2557,-18.49372643889695
2558,-18.49373032160748
2559,-18.49373371911197
2560,-18.493737716519135
2561,-18.493743084827184
2562,-18.493746925975138
2563,-18.493749623494473
2564,-18.493751570128097
2565,-18.493754076299595
2566,-18.49375648019051
2567,-18.493758384729936
2568,-18.493760629927504
2569,-18.493762440109393
2570,-18.49376515066207
2571,-18.493767902552424
2572,-18.49376984536431
2573,-18.493771227817252
2574,-18.4937724275171
2575,-18.4937743794684
2576,-18.4937757718931
2577,-18.493776794103464
2578,-18.493778265865778
2579,-18.493779476482935
2580,-18.49382557199554
2581,-18.493912181198084
2582,-18.493937297180235
2583,-18.493986727017578
2584,-18.494060963159928
2585,-18.494113474075863
2586,-18.494149664448347
2587,-18.494175104192756
2588,-18.494199808778415
2589,-18.49423232371857
2590,-18.49427121066934
2591,-18.494382407135678
2592,-18.494410204765014
2593,-18.494437036218276
2594,-18.49448605679386
2595,-18.494531846796107
2596,-18.494563317957454
2597,-18.494589039230675
2598,-18.49462196417915
2599,-18.494650711568436
2600,-18.49467996563437
2601,-18.494701641460228
2602,-18.494731898586924
2603,-18.494756388934793
2604,-18.49477784553268
2605,-18.494795324318332
2606,-18.49481448139726
2607,-18.494831748743803
2608,-18.49484641416013
2609,-18.49486121318061
2610,-18.494879222919828
2611,-18.494895361917358
2612,-18.494908503313038
2613,-18.494918260610874
2614,-18.494927393294187
2615,-18.494939037217414
2616,-18.494949199433982
2617,-18.494958011267883
2618,-18.494966182501162
2619,-18.494974076692646
2620,-18.494981535682186
2621,-18.494987422315706
2622,-18.494995095509168
2623,-18.495001177987742
2624,-18.495005609629303
2625,-18.495010216098795
2626,-18.49501599628501
2627,-18.49502113133423
2628,-18.495024830825187
2629,-18.4950274210325
2630,-18.49503084117873
2631,-18.495034187541926
2632,-18.495037164850547
2633,-18.496553848106952
2634,-18.49655610144448
2635,-18.496557926839113
2636,-18.49717889323969
2637,-18.505092504825104
2638,-18.509165245146736
2639,-18.511701417629002
2640,-18.51170279997057
2641,-18.513351957078612
2642,-18.513604465044093
2643,-18.514363184281635
2644,-18.514575328863973
2645,-18.515708664211008
2646,-18.51570946267423
2647,-18.51619485417357
2648,-18.516195734098588
2649,-18.516528664156176
2650,-18.51680650894826
2651,-18.516956627017738
2652,-18.51708390818875
2653,-18.51717503874759
2654,-18.517321011399805
2655,-18.517461975068954
2656,-18.51759113281323
2657,-18.517682318661247
2658,-18.517761373045595
2659,-18.517854056866238
2660,-18.518450328542897
2661,-18.518801731227008
2662,-18.519589250212675
2663,-18.520128695896123
2664,-18.520388449227106
2665,-18.520565903766187
2666,-18.520914284378428
2667,-18.521326102870187
2668,-18.521638171976992
2669,-18.521938795454687
2670,-18.522283226516667
2671,-18.522556596610457
2672,-18.52276028140061
2673,-18.523005196521744
2674,-18.523229266005938
2675,-18.52339904509525
2676,-18.523532661107023
2677,-18.523665388369256
2678,-18.523832508938018
2679,-18.52396102566693
2680,-18.524066437245345
2681,-18.524164649314585
2682,-18.524249073931518
2683,-18.52433350327827
2684,-18.52441363725425
2685,-18.524484420260464
2686,-18.524545058086428
2687,-18.524606362621075
2688,-18.524654193079737
2689,-18.524711633335965
2690,-18.52475574181995
2691,-18.52479510861224
2692,-18.52484194222276
2693,-18.524877276066857
2694,-18.524908612004158
2695,-18.524943982517858
2696,-18.524973416211097
2697,-18.524995537903763
2698,-18.5250225158452
2699,-18.52504351076482
2700,-18.525061333290015
2701,-18.525076475538963
2702,-18.525098632409378
2703,-18.525117284015575
2704,-18.525131338932965
2705,-18.52514499907389
2706,-18.525162090076
2707,-18.52517490781055
2708,-18.525184614847475
2709,-18.52519429685589
2710,-18.525204923715712
2711,-18.525212813923943
2712,-18.525222125544627
2713,-18.525232407746902
2714,-18.525240168655248
2715,-18.525246280141765
2716,-18.525254436960537
2717,-18.525261596681933
2718,-18.52526680181056
2719,-18.525273162546956
2720,-18.525277741922753
2721,-18.52528189757711
2722,-18.52528628280829
2723,-18.525290403052058
2724,-18.52529468012382
2725,-18.52529960230147
2726,-18.525303217838996
2727,-18.5253088352866
2728,-18.52531366520124
2729,-18.52531738009339
2730,-18.525320006886094
2731,-18.525322598418906
2732,-18.52532617505362
2733,-18.525328794525183
2734,-18.52533126793266
2735,-18.5253335110847
2736,-18.525465936982883
2737,-18.525683748822434
2738,-18.52588158418542
2739,-18.526003365484723
2740,-18.526098225733868
2741,-18.52616652880551
2742,-18.526231762675987
2743,-18.526275005224342
2744,-18.52633590863804
2745,-18.52644521750737
2746,-18.526554536755594
2747,-18.52664711587026
2748,-18.526711564226616
2749,-18.5267613326672
2750,-18.526817151667174
2751,-18.526882827665784
2752,-18.52694550151199
2753,-18.526994897109667
2754,-18.527029330254038
2755,-18.527076193457653
2756,-18.52712814883467
2757,-18.527169866570556
2758,-18.527199210792038
2759,-18.52722545086307
2760,-18.52725711777113
2761,-18.527298298369654
2762,-18.527331815299053
2763,-18.527355484961042
2764,-18.527372331066655
2765,-18.527397563573928
2766,-18.527430426736363
2767,-18.527453673638398
2768,-18.527469980054263
2769,-18.527481435088685
2770,-18.527498559741808
2771,-18.52751456774546
2772,-18.527531692506514
2773,-18.527562796272818
2774,-18.527635168766324
2775,-18.527673002559734
2776,-18.52770913927039
2777,-18.527748876031673
2778,-18.52777865632102
2779,-18.527798291142787
2780,-18.527816659463284
2781,-18.52784038281252
2782,-18.527865319348834
2783,-18.527892772660344
2784,-18.527918807374917
2785,-18.527939565073172
2786,-18.52795431293123
2787,-18.527973103372478
2788,-18.527991327204344
2789,-18.528006884684597
2790,-18.528018414491836
2791,-18.528027972202786
2792,-18.528040437331764
2793,-18.52805135445546
2794,-18.52806273895727
2795,-18.5280718145131
2796,-18.528078577169662
2797,-18.528085494482287
2798,-18.52809189729034
2799,-18.528098656644328
2800,-18.528104340501766
2801,-18.528109823993773
2802,-18.528114639764038
2803,-18.528118161127736
2804,-18.52812203188303
2805,-18.528125300451528
2806,-18.528129061243103
2807,-18.528132237697054
2808,-18.528134960281385
2809,-18.528136908237155
2810,-18.528139606530335
2811,-18.528141510991585
2812,-18.52814299258911
2813,-18.528144961091456
2814,-18.528146747006
2815,-18.528148792929976
2816,-18.52815035446417
2817,-18.52815158924454
2818,-18.528152555373048
2819,-18.528153581503144
2820,-18.52815477993241
2821,-18.528155912461138
2822,-18.528157239061294
2823,-18.52815825818768
2824,-18.52815912925655
2825,-18.528159740476603
2826,-18.528160408933374
2827,-18.528161146057666
2828,-18.528161781151937
2829,-18.528162268026296
2830,-18.528162729610532
2831,-18.52816343985016
2832,-18.528163965155695
2833,-18.528164401332102
2834,-18.52816474102593
2835,-18.528165027672944
2836,-18.52816537287064
2837,-18.52816568170618
2838,-18.528166001422328
2839,-18.528166271605226
2840,-18.52816651593175
2841,-18.528166723028455
2842,-18.52816744834398
2843,-18.528376302060874
2844,-18.52851822289555
2845,-18.52861532670429
2846,-18.52868228616325
2847,-18.52872860826866
2848,-18.528760770417314
2849,-18.52882793043599
2850,-18.528892612676184
2851,-18.528979072824864
2852,-18.529043664275047
2853,-18.529088410390383
2854,-18.529121491587055
2855,-18.52916340655593
2856,-18.529206181980474
2857,-18.52925226031168
2858,-18.529284506486224
2859,-18.529326957789195
2860,-18.52935747967717
2861,-18.52937884173837
2862,-18.52940334367499
2863,-18.529453747746093
2864,-18.529489046799714
2865,-18.52951376056807
2866,-18.529531066227786
2867,-18.529550000385406
2868,-18.529574505145508
2869,-18.52959879741017
2870,-18.529616155097756
2871,-18.529662512551983
2872,-18.52970075345726
2873,-18.529728288882673
2874,-18.529754610508682
2875,-18.52979108802653
2876,-18.52982025741808
2877,-18.5298400270834
2878,-18.5298642646575
2879,-18.529889758419486
2880,-18.529914432430964
2881,-18.529935323219483
2882,-18.52995696511681
2883,-18.529974513384158
2884,-18.529988762011904
2885,-18.53000765107632
2886,-18.53002066351017
2887,-18.53003247342712
2888,-18.530043302785497
2889,-18.530052222659002
2890,-18.530063530493496
2891,-18.530072223559824
2892,-18.530079553004736
2893,-18.53016916400228
2894,-18.530186195147184
2895,-18.53025612175825
2896,-18.530290414632173
2897,-18.530306222946844
2898,-18.530323739406242
2899,-18.53035376620513
2900,-18.53037342013186
2901,-18.530388091350538
2902,-18.53041221041385
2903,-18.53043071362678
2904,-18.53045087148934
2905,-18.530466688543772
2906,-18.53048153615608
2907,-18.530495609979063
2908,-18.530510687976406
2909,-18.53052837640714
2910,-18.530540665889216
2911,-18.530549465206484
2912,-18.530561927170634
2913,-18.530572566109893
2914,-18.530582982057823
2915,-18.530590428408097
2916,-18.53059717289613
2917,-18.530602462279457
2918,-18.530611236926948
2919,-18.53061840006531
2920,-18.53062372050389
2921,-18.5306276055174
2922,-18.530631194749763
2923,-18.5306361424952
2924,-18.53064101563022
2925,-18.530644927028515
2926,-18.530647752835954
2927,-18.53064977050407
2928,-18.530652159812742
2929,-18.530654611981507
2930,-18.530669382344843
2931,-18.53068067122285
2932,-18.530686204376128
2933,-18.53068916978237
2934,-18.530691563857086
2935,-18.530698675478334
2936,-18.53070483473172
2937,-18.530709036643465
2938,-18.53071292103363
2939,-18.530716072076814
2940,-18.530720163794243
2941,-18.530723551989162
2942,-18.530727734707572
2943,-18.53073159351593
2944,-18.530734507868196
2945,-18.530736746147515
2946,-18.530738709025748
2947,-18.53074175266565
2948,-18.530744038143002
2949,-18.530745705645113
2950,-18.530747410026095
2951,-18.530749200791448
2952,-18.530750730666202
2953,-18.530752123169712
2954,-18.530753253770392
2955,-18.530754313792254
2956,-18.530755426365605
2957,-18.53075633696211
2958,-18.530757457615234
2959,-18.53075836595341
2960,-18.530759466245673
2961,-18.530760363092266
2962,-18.530761014369148
2963,-18.530761543524854
2964,-18.530762102464028
2965,-18.530762640891837
2966,-18.53076316685734
2967,-18.530763666733268
2968,-18.530764142789568
2969,-18.53076448623562
2970,-18.530764839415397
2971,-18.530765217759285
2972,-18.530765550670843
2973,-18.530765830522444
2974,-18.530766131756007
2975,-18.530766527194398
2976,-18.530766851469608
2977,-18.53076943440872
2978,-18.53077052594711
2979,-18.530770714398365
2980,-18.530771369114778
2981,-18.5308075516889
2982,-18.530823578690576
2983,-18.53082413836872
2984,-18.530831593266576
2985,-18.5308414020079
2986,-18.530849602453348
2987,-18.53085631644097
2988,-18.530860886414633
2989,-18.530866461481416
2990,-18.53087296420682
2991,-18.53087945338875
2992,-18.530883986036688
2993,-18.530889096020356
2994,-18.530893010201154
2995,-18.530896824707362
2996,-18.5309003342857
2997,-18.53090341648876
2998,-18.530905665615403
2999,-18.530907568433577
3000,-18.530909766356917
3001,-18.530911661569096
3002,-18.530913178164646
3003,-18.530914698036828
3004,-18.530915897289592
3005,-18.53091675777061
3006,-18.530917708763816
3007,-18.530918537451512
3008,-18.530919338095625
3009,-18.530927273628638
3010,-18.530932170134903
3011,-18.530933611017982
3012,-18.53093549364107
3013,-18.530938781864357
3014,-18.53094137935815
3015,-18.530943281687218
3016,-18.530944590673357
3017,-18.53094664904048
3018,-18.530948683353497
3019,-18.530950763407986
3020,-18.530952905288864
3021,-18.530954431053967
3022,-18.53095564055318
3023,-18.530956782141114
3024,-18.530957990263342
3025,-18.53095917287531
3026,-18.530960000408637
3027,-18.530960644582958
3028,-18.53096152736062
3029,-18.530962341415833
3030,-18.530962925014254
3031,-18.53096347598969
3032,-18.530963929075675
3033,-18.530964271985322
3034,-18.53096464228579
3035,-18.530965024375885
3036,-18.530965452036018
3037,-18.53096576293067
3038,-18.530965985737893
3039,-18.530966206073305
3040,-18.530966410121753
3041,-18.530966672721853
3042,-18.530966864693003
3043,-18.5309670020268
3044,-18.5309671040448
3045,-18.53096725908693
3046,-18.530967400060764
3047,-18.530967501643705
3048,-18.530967578358858
3049,-18.530967694513873
3050,-18.530967817885514
3051,-18.530967906611934
3052,-18.53096797065154
3053,-18.53096808860854
3054,-18.530968186028108
3055,-18.530968254638157
3056,-18.530968304754854
3057,-18.530968353011986
3058,-18.53096842924528
3059,-18.530968522605793
3060,-18.530968588342898
3061,-18.530968635290858
3062,-18.530968685906494
3063,-18.530968723674494
3064,-18.530968774125235
3065,-18.530968839245656
3066,-18.530983603772082
3067,-18.530983635758
3068,-18.530984735612737
3069,-18.530989718452403
3070,-18.530992585958998
3071,-18.530994289394616
3072,-18.531275297776606
3073,-18.53207992149992
3074,-18.53273469966162
3075,-18.533252982771046
3076,-18.533640635304106
3077,-18.53389420170478
3078,-18.53405803907292
3079,-18.534179177869888
3080,-18.534507340008776
3081,-18.534849471244662
3082,-18.53506138206365
3083,-18.535195035731707
3084,-18.535380704946117
3085,-18.535531124167523
3086,-18.535626777204005
3087,-18.53569940627461
3088,-18.535773507672353
3089,-18.53583277193886
3090,-18.535893172155887
3091,-18.535957211139177
3092,-18.5360082799407
3093,-18.53603627371605
3094,-18.536052258762385
3095,-18.5360617666176
3096,-18.536074024680314
3097,-18.53608369382302
3098,-18.53609086897264
3099,-18.53609496794307
3100,-18.53609937941258
3101,-18.53610299795918
3102,-18.53610541994187
3103,-18.536107646902018
3104,-18.53610945122396
3105,-18.536111042849306
3106,-18.536113311193116
3107,-18.53611489475028
3108,-18.536116312873297
3109,-18.53611745216536
3110,-18.53611876408247
3111,-18.536120099017804
3112,-18.53612105009714
3113,-18.536122003218722
3114,-18.536122821378346
3115,-18.536123739176546
3116,-18.536124688116068
3117,-18.536125346776522
3118,-18.53612581159367
3119,-18.536126269019167
3120,-18.53612685616816
3121,-18.536127360138224
3122,-18.536127808384528
3123,-18.536128279216268
3124,-18.536128643023428
3125,-18.536128930508294
3126,-18.536129193457505
3127,-18.536129441581572
3128,-18.536129683280553
3129,-18.5361298975265
3130,-18.53613011063534
3131,-18.53613030523857
3132,-18.5361304894059
3133,-18.5361306241599
3134,-18.5361307393001
3135,-18.536130870902742
3136,-18.536131005725682
3137,-18.536131126024202
3138,-18.536131262807196
3139,-18.536131370104005
3140,-18.53613145254784
3141,-18.536131535731876
3142,-18.536131615840155
3143,-18.536131685156825
3144,-18.536131752333812
3145,-18.5361318185161
3146,-18.536131877390023
3147,-18.53613199858562
3148,-18.536133311986024
3149,-18.536133978654767
3150,-18.536134462379955
3151,-18.53613476035822
3152,-18.536134952373835
3153,-18.536135088956254
3154,-18.53613527485415
3155,-18.536135515939762
3156,-18.53613566932162
3157,-18.536136300974874
3158,-18.536136699316295
3159,-18.536136955004896
3160,-18.53613712107113
3161,-18.5361372309713
3162,-18.536137344055597
3163,-18.536137464057287
3164,-18.536137624297428
3165,-18.536137756374128
3166,-18.536137923847214
3167,-18.536138039718427
3168,-18.536138123933842
3169,-18.536138262029684
3170,-18.536138367518713
3171,-18.53613844495676
3172,-18.536138499127244
3173,-18.53613858760406
3174,-18.53613865183928
3175,-18.536138720589143
3176,-18.536138771930116
3177,-18.53613880855892
3178,-18.536138841727254
3179,-18.536138872333897
3180,-18.53613890839653
3181,-18.53613893821216
3182,-18.53613895985891
3183,-18.536138980858077
3184,-18.536139009069718
3185,-18.53613902956399
3186,-18.536139044239913
3187,-18.536139058939845
3188,-18.53613907420764
3189,-18.536139092523953
3190,-18.537964398443286
3191,-18.537964408352288
3192,-18.538853819045983
3193,-18.539729319701525
3194,-18.540278352163746
3195,-18.540948428541643
3196,-18.541432651338052
3197,-18.541761778013147
3198,-18.542065658424086
3199,-18.542611788816675
3200,-18.543137415568797
3201,-18.543673770000325
3202,-18.544166877380153
3203,-18.544743211067676
3204,-18.54514466574169
3205,-18.545424542181387
3206,-18.545692208238016
3207,-18.5460077562268
3208,-18.546411620964918
3209,-18.5467364493071
3210,-18.546962674607208
3211,-18.547125957201395
3212,-18.547437337838137
3213,-18.54767171073022
3214,-18.547849654831023
3215,-18.548053337023777
3216,-18.548261738632416
3217,-18.548479442914672
3218,-18.548681924475936
3219,-18.548857643668
3220,-18.548979859082337
3221,-18.5491115357044
3222,-18.54933761612618
3223,-18.549494564136115
3224,-18.549603766988927
3225,-18.549679878355455
3226,-18.549805477405634
3227,-18.549918874646156
3228,-18.54999786681067
3229,-18.550105421440552
3230,-18.550263375378787
3231,-18.550373144463926
3232,-18.550449584359022
3233,-18.55050289446831
3234,-18.550575636110377
3235,-18.550650204468138
3236,-18.550738763581602
3237,-18.550800471588484
3238,-18.55086051913887
3239,-18.55091103147919
3240,-18.550967481942674
3241,-18.551019592210647
3242,-18.551077532363976
3243,-18.551132031459588
3244,-18.551170059808513
3245,-18.55119662002836
3246,-18.55122679733297
3247,-18.55126350604786
3248,-18.551295907220897
3249,-18.551318543266163
3250,-18.5513366276954
3251,-18.551355830315092
3252,-18.55137738738301
3253,-18.551397154984457
3254,-18.55141450983646
3255,-18.551432396453176
3256,-18.55144770195815
3257,-18.551462030537518
3258,-18.551472051351244
3259,-18.551484933553926
3260,-18.551497689065123
3261,-18.551506610587445
3262,-18.551515980478744
3263,-18.551527816875538
3264,-18.5515360959539
3265,-18.551542837688455
3266,-18.551554813703653
3267,-18.55156683240716
3268,-18.551575238818177
3269,-18.55158112002924
3270,-18.551585235271663
3271,-18.55159272139503
3272,-18.5515981857878
3273,-18.551602389777464
3274,-18.551608022129418
3275,-18.551613645490892
3276,-18.551617580359498
3277,-18.551620334039608
3278,-18.55162424783199
3279,-18.551627932985937
3280,-18.551630511953398
3281,-18.551633762562403
3282,-18.551636186506773
3283,-18.551638491721075
3284,-18.551640504159952
3285,-18.55164199284443
3286,-18.551678590268537
3287,-18.551800557290594
3288,-18.551886429519797
3289,-18.551934640299507
3290,-18.551968507992914
3291,-18.551992848665236
3292,-18.55204179723859
3293,-18.552112534324472
3294,-18.552144799734652
3295,-18.55220163294043
3296,-18.552256405569715
3297,-18.552293736611308
3298,-18.552317746331948
3299,-18.55233702352861
3300,-18.552369820548083
3301,-18.552396178067106
3302,-18.552419437154946
3303,-18.552438405846424
3304,-18.552458856127938
3305,-18.552472903461247
3306,-18.552487492824003
3307,-18.552501847696426
3308,-18.552512713839285
3309,-18.552525525347455
3310,-18.552535119947972
3311,-18.5525441250669
3312,-18.552552827949118
3313,-18.552561338383068
3314,-18.5525675440161
3315,-18.55257192489577
3316,-18.552812459734284
3317,-18.552877489932325
3318,-18.553078630079465
3319,-18.553214855310348
3320,-18.553307215064326
3321,-18.55337044212858
3322,-18.553414249971574
3323,-18.553523156193457
3324,-18.553614165098896
3325,-18.553677777800083
3326,-18.55375269180139
3327,-18.553815986350877
3328,-18.55386074211034
3329,-18.553929754119757
3330,-18.55399904307982
3331,-18.5540460761929
3332,-18.554084572896066
3333,-18.554125474867327
3334,-18.554170348888814
3335,-18.554211468584917
3336,-18.554240371262342
3337,-18.554265900174354
3338,-18.554292748946402
3339,-18.5543164605496
3340,-18.55434168384942
3341,-18.55435944318389
3342,-18.55437672667341
3343,-18.55439306143437
3344,-18.554407092498995
3345,-18.554421463989154
3346,-18.554436738514884
3347,-18.55444913063627
3348,-18.554460615278813
3349,-18.554468890198994
3350,-18.554477830052942
3351,-18.554490243454197
3352,-18.55450214198061
3353,-18.554510514307232
3354,-18.554516385231388
3355,-18.554523833479042
3356,-18.554530956994395
3357,-18.554536422445818
3358,-18.554545055121295
3359,-18.55455509550907
3360,-18.554562341023615
3361,-18.554567910015646
3362,-18.554572141104206
3363,-18.554578814528558
3364,-18.55458340157333
3365,-18.55458711303404
3366,-18.554591009517996
3367,-18.5545938972628
3368,-18.55459740546885
3369,-18.554600455293862
3370,-18.554603140580333
3371,-18.554605355160096
3372,-18.5546073218359
3373,-18.554609641862143
3374,-18.55461264038686
3375,-18.554615062627576
3376,-18.55461678518602
3377,-18.554618349065368
3378,-18.554620700578077
3379,-18.55462232543481
3380,-18.554623441211792
3381,-18.554624353431603
3382,-18.554625743761076
3383,-18.554626839453093
3384,-18.55462780608027
3385,-18.554628596406214
3386,-18.554629607337695
3387,-18.554630795805153
3388,-18.554631630827597
3389,-18.554632229273054
3390,-18.554632884204135
3391,-18.554633422791245
3392,-18.554633895287218
3393,-18.55463442103176
3394,-18.554634897774626
3395,-18.55463527920106
3396,-18.554635726123475
3397,-18.55463607694027
3398,-18.554636525893503
3399,-18.554645318337233
3400,-18.55465259785543
3401,-18.5546568541911
3402,-18.554659504845358
3403,-18.554661373105482
3404,-18.554665535141048
3405,-18.55466964671387
3406,-18.55467235014153
3407,-18.55467428644761
3408,-18.55467733461904
3409,-18.55468066509136
3410,-18.5546830007241
3411,-18.554684724059097
3412,-18.554687020514304
3413,-18.554689437759464
3414,-18.554691123111702
3415,-18.554692391324004
3416,-18.554694170885497
3417,-18.55469542727836
3418,-18.55469670502753
3419,-18.554697777395265
3420,-18.55469859683457
3421,-18.554699565927685
3422,-18.55470032444069
3423,-18.554700860084413
3424,-18.554701682831702
3425,-18.554702282665332
3426,-18.554702749358928
3427,-18.55470322140739
3428,-18.554703572906956
3429,-18.55470390936676
3430,-18.554704352610614
3431,-18.554704695469276
3432,-18.554704937482164
3433,-18.554705120157905
3434,-18.554705466310924
3435,-18.554705714519415
3436,-18.554705914465565
3437,-18.55470605467371
3438,-18.55470623153913
3439,-18.55470637733661
3440,-18.554706525941242
3441,-18.554706687954827
3442,-18.554706840754868
3443,-18.554706974588992
3444,-18.55470706952705
3445,-18.5547071700989
3446,-18.55470729318622
3447,-18.554707383233097
3448,-18.554707459979454
3449,-18.554707522618454
3450,-18.55470759844441
3451,-18.554707659793326
3452,-18.554707726290413
3453,-18.554707778282825
3454,-18.55470785654019
3455,-18.55470792117816
3456,-18.554707966740846
3457,-18.554708011200137
3458,-18.554708069639428
3459,-18.55470811543381
3460,-18.554708147652914
3461,-18.554708184760447
3462,-18.554708231041825
3463,-18.5547082656849
3464,-18.55470829988406
3465,-18.55470833216019
3466,-18.554708356878507
3467,-18.55470838777547
3468,-18.554708409830447
3469,-18.554708427985894
3470,-18.55470844606996
3471,-18.554708467284865
3472,-18.55470848334336
3473,-18.55470850326328
3474,-18.55470851999218
3475,-18.55470853273938
3476,-18.554708542915183
3477,-18.554708555341303
3478,-18.5547085646357
3479,-18.554708574048718
3480,-18.554708580874603
3481,-18.554708592543623
3482,-18.554708601211914
3483,-18.554708615540864
3484,-18.554708625891113
3485,-18.55470863316134
3486,-18.55470863857963
3487,-18.55470864346676
3488,-18.554708651254863
3489,-18.554708656829696
3490,-18.554708662432198
3491,-18.554708667363197
3492,-18.554708672674714
3493,-18.5547086767036
3494,-18.55470868014766
3495,-18.554708684611935
3496,-18.55470868774237
3497,-18.554708690952705
3498,-18.554708694634886
3499,-18.55470869757708
3500,-18.554708699737386
3501,-18.5547087014939
3502,-18.554708704488622
3503,-18.554708706609063
3504,-18.554708708464716
3505,-18.55470871091496
3506,-18.554708712662045
3507,-18.55470871434294
3508,-18.55470871584976
3509,-18.55470871787443
3510,-18.554708719928378
3511,-18.554708806735466
3512,-18.554709068884716
3513,-18.554709305395402
3514,-18.554709468121356
3515,-18.55470958048902
3516,-18.554709658751953
3517,-18.554709738865736
3518,-18.554709842855384
3519,-18.55470999040654
3520,-18.5547100928595
3521,-18.554710164135756
3522,-18.554710278235305
3523,-18.554710379174463
3524,-18.554710470879847
3525,-18.55471053493612
3526,-18.55471059077266
3527,-18.554710660205068
3528,-18.55471071661203
3529,-18.55471077196025
3530,-18.55471081147967
3531,-18.554710869620727
3532,-18.554710911861562
3533,-18.554710944422776
3534,-18.554710972146903
3535,-18.554711013697545
3536,-18.554711044748842
3537,-18.55471106677826
3538,-18.554711096237824
3539,-18.5547111287128
3540,-18.554711151416317
3541,-18.554711167336972
3542,-18.55471119167168
3543,-18.554711209362484
3544,-18.5547112217677
3545,-18.554711236767915
3546,-18.554711253358256
3547,-18.55471126498136
3548,-18.554711273541606
3549,-18.554711284039577
3550,-18.55471129531244
3551,-18.554711309368336
3552,-18.55471131923015
3553,-18.554711326160223
3554,-18.554711331011006
3555,-18.554711339033407
3556,-18.55471134544281
3557,-18.554711351628033
3558,-18.554711355978046
3559,-18.554711361385166
3560,-18.554711366256434
3561,-18.55471137095372
3562,-18.55471137453571
3563,-18.554711377712458
3564,-18.554711382625804
3565,-18.554711386082555
3566,-18.554711388505826
3567,-18.554711390202048
3568,-18.554711392581922
3569,-18.554711394608198
3570,-18.55471139658251
3571,-18.554711398177623
3572,-18.554711399834634
3573,-18.554711401264267
3574,-18.55471140305601
3575,-18.55471140505772
3576,-18.55471140658481
3577,-18.554711407656715
3578,-18.554711408416882
3579,-18.55471140960886
3580,-18.554711410565904
3581,-18.554711411459117
3582,-18.554711412303398
3583,-18.554711413068226
3584,-18.554711413934704
3585,-18.554711414988773
3586,-18.5547114157268
3587,-18.554711416246345
3588,-18.554711416612665
3589,-18.554711417061412
3590,-18.554711417538886
3591,-18.554711417941988
3592,-18.55471141844996
3593,-18.554711418885866
3594,-18.554711419191737
3595,-18.55471141946579
3596,-18.55471141967231
3597,-18.554711419981516
3598,-18.554711420259505
3599,-18.55471142045413
3600,-18.55471142059094
3601,-18.554711420779014
3602,-18.55471142100339
3603,-18.554711421161254
3604,-18.55471142128872
3605,-18.55471142149637
3606,-18.55471142164272
3607,-18.55471142174582
3608,-18.55474982363113
3609,-18.554772143573235
3610,-18.554782809766717
3611,-18.554787847142606
3612,-18.554790183337047
3613,-18.554799142522832
3614,-18.5548040353714
3615,-18.554809321811174
3616,-18.554812662603457
3617,-18.554814520959155
3618,-18.55481738008024
3619,-18.554820324986267
3620,-18.55482223490598
3621,-18.55485261056489
3622,-18.554852610597305
3623,-18.554871179471192
3624,-18.554882303906048
3625,-18.55488644249524
3626,-18.554889981901507
3627,-18.554892313884118
3628,-18.554895118632338
3629,-18.554897295913566
3630,-18.554900695421555
3631,-18.55490485403318
3632,-18.554908213826536
3633,-18.554909846143175
3634,-18.55491272529258
3635,-18.55491556974774
3636,-18.554917490746774
3637,-18.55491879924727
3638,-18.55492054517929
3639,-18.55492261015531
3640,-18.554924002649045
3641,-18.554925180544945
3642,-18.55492609096759
3643,-18.554926726941893
3644,-18.554927678379368
3645,-18.554928373774946
3646,-18.554928996526538
3647,-18.554929507421036
3648,-18.554929945173264
3649,-18.554930392352006
3650,-18.554930699833395
3651,-18.554931129816843
3652,-18.55493143486461
3653,-18.554931647738997
3654,-18.55493187681514
3655,-18.554932059940757
3656,-18.554932239097162
3657,-18.554932464106425
3658,-18.554932621212743
3659,-18.554932730991542
3660,-18.554932812055444
3661,-18.55493295634194
3662,-18.554933059370345
3663,-18.55493313143231
3664,-18.55493319424547
3665,-18.55493325174186
3666,-18.554933323686566
3667,-18.55493338838219
3668,-18.55493343581516
3669,-18.554934433828212
3670,-18.55493700173109
3671,-18.55493941241395
3672,-18.55494107656195
3673,-18.554942247704407
3674,-18.554943071099014
3675,-18.55494364536982
3676,-18.554945004745502
3677,-18.55494743030664
3678,-18.555020839546778
3679,-18.55527934763819
3680,-18.555478304774173
3681,-18.555602402669138
3682,-18.555681681996855
3683,-18.555739778702442
3684,-18.555782374472145
3685,-18.555868630299965
3686,-18.555943814594794
3687,-18.556009508857322
3688,-18.556101455332346
3689,-18.55617882390677
3690,-18.55623308798009
3691,-18.55629209735654
3692,-18.556355095605735
3693,-18.55639926737177
3694,-18.55643820829386
3695,-18.556489850936764
3696,-18.556535145741012
3697,-18.55657760016523
3698,-18.55662154372696
3699,-18.556674938977103
3700,-18.556723047171786
3701,-18.55675669298065
3702,-18.556793767320645
3703,-18.556822305311684
3704,-18.556845076159224
3705,-18.5568752536498
3706,-18.556899670913914
3707,-18.55692067555772
3708,-18.556939568963184
3709,-18.55695515876794
3710,-18.55697448180425
3711,-18.556993129313
3712,-18.55700651146518
3713,-18.55702191442163
3714,-18.557039195137936
3715,-18.557051301048894
3716,-18.55705977579637
3717,-18.557071958422927
3718,-18.557083356303956
3719,-18.557095898909626
3720,-18.557105178638764
3721,-18.557111674409988
3722,-18.557116726456112
3723,-18.557125245888287
3724,-18.557134355036855
3725,-18.557211463601604
3726,-18.557267559598483
3727,-18.557299389583452
3728,-18.557321856681074
3729,-18.557337253923503
3730,-18.55736312619427
3731,-18.557397817969395
3732,-18.557425657659806
3733,-18.55744565025218
3734,-18.557461081897223
3735,-18.55747873555769
3736,-18.557494034864465
3737,-18.557505439187878
3738,-18.557521562813964
3739,-18.55753473086248
3740,-18.557552291560384
3741,-18.557565098072477
3742,-18.55757584893792
3743,-18.55758362079888
3744,-18.55759279536268
3745,-18.557599495298792
3746,-18.557608543597663
3747,-18.55761555846112
3748,-18.55762085892833
3749,-18.55762788759383
3750,-18.5576341368864
3751,-18.55763908286944
3752,-18.557643042860963
3753,-18.55764647946382
3754,-18.557651089654357
3755,-18.55765437094836
3756,-18.557657914700197
3757,-18.55766059191668
3758,-18.557662781800346
3759,-18.557664506041835
3760,-18.55766715336177
3761,-18.55766910992857
3762,-18.55767086831086
3763,-18.557672388265026
3764,-18.557673512666177
3765,-18.55767475826156
3766,-18.557676198156987
3767,-18.55767722988772
3768,-18.55767797518153
3769,-18.55767906499127
3770,-18.55768013515267
3771,-18.557680922694445
3772,-18.55768149455368
3773,-18.557682059775328
3774,-18.557682893103408
3775,-18.557683492712773
3776,-18.557683976509303
3777,-18.557684545058066
3778,-18.557684994485157
3779,-18.55768546667426
3780,-18.55768593350301
3781,-18.55768633664545
3782,-18.55768671053374
3783,-18.55768703261756
3784,-18.557687310083775
3785,-18.55768764295459
3786,-18.55768788982352
3787,-18.557688081175325
3788,-18.557688331719422
3789,-18.557688548361096
3790,-18.55768875087176
3791,-18.557688963205386
3792,-18.55768914221205
3793,-18.557689267546426
3794,-18.557689387189534
3795,-18.557689514108425
3796,-18.55768963276074
3797,-18.55768973530775
3798,-18.557689858912237
3799,-18.557689963425812
3800,-18.557690044057257
3801,-18.557690110310606
3802,-18.5576901741464
3803,-18.55769026782029
3804,-18.557690346432334
3805,-18.557690401473817
3806,-18.557690447776814
3807,-18.55769048327503
3808,-18.55769053023104
3809,-18.55769057276366
3810,-18.557690619363502
3811,-18.55769065925331
3812,-18.557690688841774
3813,-18.557690716263323
3814,-18.55769075214363
3815,-18.55769077984501
3816,-18.557690805191896
3817,-18.55769083651642
3818,-18.557690859388757
3819,-18.55769087844386
3820,-18.55769089664191
3821,-18.557690916703844
3822,-18.557690935022087
3823,-18.55769094947407
3824,-18.557690969186527
3825,-18.557690983987182
3826,-18.557690995475046
3827,-18.55769100670822
3828,-18.557691019513268
3829,-18.55769103480189
3830,-18.557691046035302
3831,-18.55769105563915
3832,-18.55769106475818
3833,-18.557691072572464
3834,-18.557691081781822
3835,-18.55769109029522
3836,-18.55769109647014
3837,-18.557691101693003
3838,-18.557691107055835
3839,-18.55769111166112
3840,-18.557691116881546
3841,-18.557691121139307
3842,-18.557691125721096
3843,-18.557691129259716
3844,-18.557691132238087
3845,-18.557691135814572
3846,-18.557691138909686
3847,-18.557691141197616
3848,-18.557691143885883
3849,-18.557691146626784
3850,-18.557691149030127
3851,-18.557691151171582
3852,-18.557691153117332
3853,-18.55769115492144
3854,-18.557691156986678
3855,-18.55769115909656
3856,-18.557691160573533
3857,-18.557691161665414
3858,-18.55769116337682
3859,-18.557691164915305
3860,-18.55769116622915
3861,-18.557691167155383
3862,-18.55769116829299
3863,-18.557691169274953
3864,-18.55769117049713
3865,-18.55769117144273
3866,-18.55769117212382
3867,-18.557691173217034
3868,-18.557691174097453
3869,-18.557691174748175
3870,-18.557691175246635
3871,-18.55769117574695
3872,-18.557691176345656
3873,-18.55769117687254
3874,-18.5576911774143
3875,-18.557691177915935
3876,-18.557691178291105
3877,-18.557691178593693
3878,-18.557691179037977
3879,-18.557691179381727
3880,-18.557691179658015
3881,-18.557691179953267
3882,-18.557691180201328
3883,-18.557691180426087
3884,-18.557691180665923
3885,-18.557691180872343
3886,-18.557691181071373
3887,-18.557691181313754
3888,-18.557691181510457
3889,-18.55769118165226
3890,-18.55769118183152
3891,-18.557691181966543
3892,-18.557691182096907
3893,-18.55769118221819
3894,-18.55769118231513
3895,-18.55769118244428
3896,-18.557691182545412
3897,-18.55769118262455
3898,-18.557691182739607
3899,-18.557691182837406
3900,-18.55769118291551
3901,-18.557691182977045
3902,-18.557691183028158
3903,-18.557691183116486
3904,-18.55769118318393
3905,-18.55769118323952
3906,-18.557691183295045
3907,-18.557691183373226
3908,-18.557691183433533
3909,-18.55769118347898
3910,-18.55769118351086
3911,-18.557691183554276
3912,-18.557691183600866
3913,-18.557691183641985
3914,-18.557691183692068
3915,-18.55769118373416
3916,-18.55769118376516
3917,-18.557691183786872
3918,-18.557691183811137
3919,-18.557691183835505
3920,-18.55769118386173
3921,-18.557691183883062
3922,-18.55769118390219
3923,-18.557691183917953
3924,-18.557691183938704
3925,-18.557691183957157
3926,-18.557691183970473
3927,-18.55769118398067
3928,-18.557691183993995
3929,-18.557691184004668
3930,-18.557691184015994
3931,-18.55769118402704
3932,-18.557691184035342
3933,-18.55769118404235
3934,-18.5576911840516
3935,-18.55769118405934
3936,-18.557691184065256
3937,-18.55769118407297
3938,-18.55769118408028
3939,-18.557691184085567
3940,-18.557691184089716
3941,-18.557691184093827
3942,-18.55769118409922
3943,-18.55769118410367
3944,-18.557691184106787
3945,-18.557691184109594
3946,-18.557691184112844
3947,-18.557691184115917
3948,-18.557691184118745
3949,-18.557691184121023
3950,-18.557691184123254
3951,-18.557691184125225
3952,-18.557691184126842
3953,-18.557691184128803
3954,-18.55769118413053
3955,-18.557691184132313
3956,-18.55769118413392
3957,-18.557691184135038
3958,-18.557691184136313
3959,-18.55769118413735
3960,-18.557691184138456
3961,-18.55769118413949
3962,-18.557691184140317
3963,-18.55769118414126
3964,-18.557691184142108
3965,-18.55769118414272
3966,-18.55769118414337
3967,-18.55769118414389
3968,-18.557691184144506
3969,-18.55769118414494
3970,-18.55769118414542
3971,-18.557691184145906
3972,-18.55769118414633
3973,-18.557691184146627
3974,-18.557691184146996
3975,-18.557691184147433
3976,-18.557691184147753
3977,-18.55769118414804
3978,-18.557691184148343
3979,-18.557691184148556
3980,-18.55769118414878
3981,-18.557691184149057
3982,-18.557691184149288
3983,-18.557691184149462
3984,-18.557691184149597
3985,-18.557691184149768
3986,-18.557691184149938
3987,-18.557691184150087
3988,-18.557691184150276
3989,-18.55769118415041
3990,-18.55769118415054
3991,-18.557691184150645
3992,-18.557691184150727
3993,-18.557691184150823
3994,-18.557691184150922
3995,-18.557691184151018
3996,-18.557691184151114
3997,-18.557691184151185
3998,-18.557691184151246
3999,-18.557691184151313
4000,-18.557691184151373
