0 -6.9872132211438185
1 -7.34290395458729
2 -8.335406056836954
3 -9.125158259665078
4 -9.483057857417085
5 -9.62462377290082
6 -9.791463641781041
7 -9.791463641781041
8 -9.791463641781041
9 -9.791463641781041
10 -9.791463641781041
11 -10.386641613738545
12 -10.386641613738545
13 -10.386641613738545
14 -10.386641613738545
15 -10.518679816990298
16 -10.518679816990298
17 -10.528501631999882
18 -10.528501631999882
19 -10.835703132887938
20 -11.291082057739066
21 -11.304928495360997
22 -11.757753001591256
23 -12.175664220454147
24 -12.314325761134745
25 -12.733126798031812
26 -12.996113948861238
27 -13.455334993793324
28 -13.540074771323122
29 -13.66486167796547
30 -13.772370519861648
31 -13.930838391231552
32 -14.128743044998279
33 -14.275050457028243
34 -14.346230970246749
35 -14.469334253910068
36 -14.59081186152372
37 -14.660645389642012
38 -14.669842108350787
39 -14.734050657802877
40 -14.788189786223393
41 -14.894620213068213
42 -15.043004185161399
43 -15.094766499683848
44 -15.234236562678683
45 -15.33957573467278
46 -15.388582753169944
47 -15.425668283477341
48 -15.492055934999607
49 -15.571778340970297
50 -15.629834117237513
51 -15.667842985468122
52 -15.696346888751272
53 -15.730311812276442
54 -15.77035137970482
55 -15.814133146371669
56 -15.84526467034192
57 -15.880962514996918
58 -15.903952070151702
59 -15.917572050590701
60 -15.932503495199468
61 -15.943369653557625
62 -15.966198831134264
63 -15.974659732801376
64 -15.997652414341703
65 -16.008044739079633
66 -16.01903546796306
67 -16.031011460040016
68 -16.04005450270615
69 -16.050217236244823
70 -16.083323709197188
71 -16.09243741217539
72 -16.099669037173097
73 -16.11530145251959
74 -16.12855041147266
75 -16.14167074192665
76 -16.147994684649145
77 -16.155378666643447
78 -16.167432337483117
79 -16.180345050246675
80 -16.19512963622461
81 -16.207924432832243
82 -16.214955594796162
83 -16.219796312121524
84 -16.224232841687222
85 -16.22825304518291
86 -16.23120669428044
87 -16.234373706854083
88 -16.23691985423915
89 -16.26267776826757
90 -16.26407096078471
91 -16.26721795840957
92 -16.284577052522888
93 -16.302265383528987
94 -16.313650130114706
95 -16.32203214102316
96 -16.327527014163195
97 -16.3317026261401
98 -16.337083646471626
99 -16.3442102565781
100 -16.34982172182467
101 -16.354568882417905
102 -16.35831281074034
103 -16.36277154495467
104 -16.366277634540328
105 -16.370690238623435
106 -16.37374994892774
107 -16.377649690249054
108 -16.380596194333478
109 -16.383201195468036
110 -16.387532440399912
111 -16.390436980781377
112 -16.39388576504238
113 -16.396339943607718
114 -16.398261902749525
115 -16.400799714424824
116 -16.403463515944072
117 -16.406093861314158
118 -16.408064226871026
119 -16.409617308128595
120 -16.411024548464344
121 -16.41324479729093
122 -16.414522634960893
123 -16.415459081424746
124 -16.416662954734143
125 -16.418589452364575
126 -16.419470178001543
127 -16.420692188187797
128 -16.42171396517266
129 -16.422477071090693
130 -16.42306875077418
131 -16.423509058402427
132 -16.424086440811696
133 -16.425485062696065
134 -16.426620001062123
135 -16.427190663207895
136 -16.427834580500246
137 -16.428511517287685
138 -16.42909021308873
139 -16.431183559492606
140 -16.596606057469817
141 -16.666459831692706
142 -16.693963977442266
143 -16.74643452402094
144 -16.750876773188995
145 -16.752562376493003
146 -16.756367549674817
147 -16.75994619007275
148 -16.76299686489279
149 -16.768717295524258
150 -16.77144362337702
151 -16.776337353328966
152 -16.781062979691054
153 -16.783959960472345
154 -16.787754531587705
155 -16.792049460390256
156 -16.795726319853866
157 -16.801418220223685
158 -16.806339911016753
159 -16.81079745003684
160 -16.815943274344104
161 -16.819246216265995
162 -16.823535384965158
163 -16.82709806590243
164 -16.832024322098512
165 -16.836484044145912
166 -16.83968154190265
167 -16.842388006695952
168 -16.845534373855916
169 -16.848202846314482
170 -16.850610644562618
171 -16.852404884454106
172 -16.854107973243238
173 -16.856013741804514
174 -16.857610616676777
175 -16.859185860923443
176 -16.865463378621484
177 -16.86602647256648
178 -16.867371161401113
179 -16.869651416825597
180 -16.871204852719035
181 -16.872264529434002
182 -16.883859942494453
183 -16.88833189669969
184 -16.89102926127896
185 -16.895700733650582
186 -16.89897311234986
187 -16.902579281574997
188 -16.906852263149833
189 -16.90798744199024
190 -16.90953852220242
191 -16.913913920929204
192 -16.92089756522238
193 -16.925881449518243
194 -16.928937884096957
195 -16.93118274120138
196 -16.93313526895679
197 -16.934610738249972
198 -16.93646537076548
199 -16.938157532487278
200 -16.947051162101534
201 -16.953701030497545
202 -16.95919179337878
203 -16.962476011045453
204 -16.96439881348392
205 -16.96662201191175
206 -16.968280037131674
207 -16.97017223659589
208 -16.97188562272721
209 -16.973213949526993
210 -16.975219211518837
211 -16.97694003980132
212 -16.978394016974764
213 -16.979455727594587
214 -16.98050793840282
215 -16.981405406083283
216 -16.98230181154402
217 -16.982937003468248
218 -16.983616152156994
219 -16.98419411377735
220 -16.98473583018866
221 -16.986258133702687
222 -16.98645256613916
223 -16.987588388836215
224 -16.98836338041877
225 -16.988886577908918
226 -16.989288819142903
227 -16.989665474631824
228 -16.990222068549482
229 -16.990621571034186
230 -16.99090647273987
231 -16.99118463935117
232 -16.991548353190385
233 -16.991845525691307
234 -16.9920713184096
235 -16.99933104825971
236 -17.009685378634735
237 -17.021269354008425
238 -17.029753398207095
239 -17.03597198908326
240 -17.040521677087032
241 -17.043577496507194
242 -17.047819378696257
243 -17.05434068765655
244 -17.059646972416463
245 -17.063783608542362
246 -17.067786885335128
247 -17.070456192909305
248 -17.072402708843438
249 -17.0755612939683
250 -17.07773497852543
251 -17.08001108766172
252 -17.081729454716807
253 -17.08305895745609
254 -17.084457286424527
255 -17.085745357690268
256 -17.08670383798862
257 -17.087370743088886
258 -17.08845768679271
259 -17.089571758269926
260 -17.090582957044976
261 -17.091291917034496
262 -17.091854321039094
263 -17.09253930100515
264 -17.09317335592765
265 -17.093614602083715
266 -17.09436644652172
267 -17.094925565624706
268 -17.095313414198795
269 -17.09558316914214
270 -17.09605431856026
271 -17.0965102907594
272 -17.096844862123152
273 -17.09714168461765
274 -17.097403619229684
275 -17.097640207472462
276 -17.0978645413001
277 -17.0980304085554
278 -17.098343283211864
279 -17.09856180783396
280 -17.098714097759583
281 -17.098822028688716
282 -17.099092479089116
283 -17.09944977987673
284 -17.099685176656482
285 -17.099835512610092
286 -17.100042687131765
287 -17.10021045656104
288 -17.100441266876572
289 -17.100612733043775
290 -17.1007368825675
291 -17.100871174800655
292 -17.101015007153805
293 -17.101186779388502
294 -17.101408285735435
295 -17.10157317420405
296 -17.101695444521173
297 -17.101778416504928
298 -17.101835771318704
299 -17.101913048522597
300 -17.102007997282524
301 -17.10207685804907
302 -17.10213000775257
303 -17.10227889901316
304 -17.102659183611724
305 -17.102794342562046
306 -17.102839655118782
307 -17.1029479234618
308 -17.103034593698705
309 -17.103086117479695
310 -17.10311631591515
311 -17.10315672536503
312 -17.10320043159785
313 -17.103233753521884
314 -17.10328457487523
315 -17.103329106587527
316 -17.103375159055503
317 -17.10341102496567
318 -17.10344876891227
319 -17.103484074227584
320 -17.10351174157859
321 -17.10354071017031
322 -17.10356964474379
323 -17.10359439998091
324 -17.103615597123056
325 -17.103634826182205
326 -17.103655228387918
327 -17.103674174947567
328 -17.10544402645543
329 -17.10703909450263
330 -17.108744588674075
331 -17.109705344104384
332 -17.110665415024084
333 -17.111295897469404
334 -17.11171775179368
335 -17.11213773570543
336 -17.11268131107519
337 -17.113286056476692
338 -17.113694943107273
339 -17.114172591273142
340 -17.11453693956568
341 -17.11478545869767
342 -17.11502874545882
343 -17.119709820894215
344 -17.11971195640243
345 -17.120924933617747
346 -17.122516324692054
347 -17.123355221906163
348 -17.123807510304967
349 -17.12405801114544
350 -17.12421461945504
351 -17.12451869673699
352 -17.12482839281711
353 -17.12512103707118
354 -17.12537302961128
355 -17.125552064869503
356 -17.125780246502742
357 -17.125951491406077
358 -17.12606763653162
359 -17.126147346841655
360 -17.126277112759638
361 -17.126396451107627
362 -17.126504022479185
363 -17.126580397875433
364 -17.12666829592599
365 -17.12675988335758
366 -17.126823344549496
367 -17.126867561321863
368 -17.126902684671204
369 -17.126944029303637
370 -17.12699597118929
371 -17.12703361516059
372 -17.12705969851363
373 -17.127085658736434
374 -17.127119143719852
375 -17.127143269213835
376 -17.12727863837426
377 -17.13080288369564
378 -17.13262798886717
379 -17.13309532414725
380 -17.133575771658425
381 -17.134765037213697
382 -17.13568431624004
383 -17.136442056669313
384 -17.137154260191597
385 -17.137868215630593
386 -17.13894129735178
387 -17.13975003811446
388 -17.140315402301326
389 -17.140856559321506
390 -17.141576650123906
391 -17.142127274628184
392 -17.14251267968353
393 -17.142802254322984
394 -17.14332597962671
395 -17.14920202423276
396 -17.150484346578235
397 -17.152071761155042
398 -17.15369092956942
399 -17.1547606222742
400 -17.155478385769374
401 -17.156240343118554
402 -17.158717069244542
403 -17.16076436235141
404 -17.162226294481304
405 -17.163271514388494
406 -17.16402243643623
407 -17.16508820958858
408 -17.166024954878853
409 -17.167089744826416
410 -17.16815254843082
411 -17.168889883613854
412 -17.169400857270603
413 -17.170167898375144
414 -17.171445309303902
415 -17.172305454143793
416 -17.17288766768439
417 -17.1732854703972
418 -17.17379780832456
419 -17.174399552261672
420 -17.174841893977092
421 -17.175175036749646
422 -17.17555109554104
423 -17.17593350609927
424 -17.176282099439998
425 -17.176599969896937
426 -17.176916982399977
427 -17.177163498106527
428 -17.183877599987014
429 -17.183957465875913
430 -17.184700957335426
431 -17.187470877091894
432 -17.18931191931129
433 -17.19058387139115
434 -17.191445161850694
435 -17.193075596035982
436 -17.194379399816725
437 -17.19606636554249
438 -17.19788644000325
439 -17.19915978394421
440 -17.20005651226393
441 -17.20178433758146
442 -17.20307065076851
443 -17.20398277485704
444 -17.204629873215634
445 -17.20564232683784
446 -17.206504660210598
447 -17.207734991098395
448 -17.208905292505435
449 -17.209728487503845
450 -17.210309855896824
451 -17.211013578176644
452 -17.211712553448464
453 -17.212204754790154
454 -17.212774324461108
455 -17.213375183027082
456 -17.214292747241696
457 -17.21498336555719
458 -17.21547183855868
459 -17.215816237627937
460 -17.216057679312822
461 -17.21652265935028
462 -17.21701425626644
463 -17.217368348913084
464 -17.217654811158805
465 -17.217959284812892
466 -17.21832370228799
467 -17.218580281560307
468 -17.218762618573795
469 -17.219027746245903
470 -17.219216179758785
471 -17.2194060823916
472 -17.219639272200226
473 -17.219851883490517
474 -17.220000843045828
475 -17.22013399949505
476 -17.220286680698734
477 -17.220394167492444
478 -17.220513019803054
479 -17.220623093780873
480 -17.220700672166924
481 -17.220826832035545
482 -17.220925832832616
483 -17.221141097569767
484 -17.221889693813075
485 -17.22236878289779
486 -17.222707024224444
487 -17.222942002027597
488 -17.223224014402568
489 -17.22345649592388
490 -17.22362314523595
491 -17.223794310179176
492 -17.226276295634833
493 -17.228941255513956
494 -17.230485275172185
495 -17.231377621834223
496 -17.232951452424313
497 -17.234418879950518
498 -17.23529607112984
499 -17.23589431301592
500 -17.236755573853625
501 -17.238311620212254
502 -17.24002485339366
503 -17.241259277554487
504 -17.242142296051792
505 -17.242764709073835
506 -17.243619299516407
507 -17.244511988176892
508 -17.24531432102172
509 -17.245886537060272
510 -17.246292552809482
511 -17.246790028255816
512 -17.247212845951804
513 -17.247611051242703
514 -17.247998858928856
515 -17.248293888388172
516 -17.248800775694693
517 -17.24916138995801
518 -17.24942299332091
519 -17.24960846547554
520 -17.24981169418294
521 -17.25010913520642
522 -17.250346981080476
523 -17.250514810717515
524 -17.250665909308434
525 -17.25086498686349
526 -17.251007398430236
527 -17.251129790002206
528 -17.25131053379307
529 -17.251437994844693
530 -17.252509231068696
531 -17.25337935784371
532 -17.25353292631956
533 -17.25455418089037
534 -17.255401122858732
535 -17.255967467858408
536 -17.256345256980683
537 -17.25661310533953
538 -17.256894512832414
539 -17.257480201947057
540 -17.25813520904541
541 -17.258620305650897
542 -17.258966426396373
543 -17.259287004431
544 -17.259528154630264
545 -17.259820110900268
546 -17.260102949161254
547 -17.26036017691158
548 -17.264230535124867
549 -17.270951607442523
550 -17.27309167406084
551 -17.273313843622155
552 -17.274397697995013
553 -17.277226435663867
554 -17.279085249167583
555 -17.28036279176308
556 -17.281434745272115
557 -17.282651946692766
558 -17.283630780905074
559 -17.284515309952095
560 -17.28548026223406
561 -17.286389107732017
562 -17.287008595682014
563 -17.28781797069622
564 -17.288576954902634
565 -17.28911878026864
566 -17.289634538499453
567 -17.290172928660564
568 -17.290562702617937
569 -17.291091103140438
570 -17.291604170396372
571 -17.29196166715986
572 -17.292240897005417
573 -17.292593686728953
574 -17.292877096698962
575 -17.293180828837162
576 -17.293400674991627
577 -17.29363162555794
578 -17.293868315023328
579 -17.294047583325266
580 -17.294214394055818
581 -17.294389551870342
582 -17.29457937780886
583 -17.294736866284453
584 -17.294852494059636
585 -17.29500163962537
586 -17.29513658926209
587 -17.295231953723388
588 -17.295312597470105
589 -17.295451790950153
590 -17.29555857408287
591 -17.295636064156074
592 -17.295700992224013
593 -17.295796916596597
594 -17.295867028270035
595 -17.296640046944585
596 -17.29916655424155
597 -17.30097833157015
598 -17.302020490671843
599 -17.30329532431226
600 -17.303848877105377
601 -17.304885540899196
602 -17.305699573389692
603 -17.306250220353125
604 -17.30673092469783
605 -17.30737035082964
606 -17.307801823519977
607 -17.308139234486493
608 -17.308600133428524
609 -17.308964124552556
610 -17.309285721185933
611 -17.30957229829362
612 -17.309811997535288
613 -17.31006644655427
614 -17.310298712566638
615 -17.310462418517243
616 -17.310654509062502
617 -17.31080866452758
618 -17.31091631351376
619 -17.3110722270658
620 -17.311194802267096
621 -17.31129429415159
622 -17.311394824306593
623 -17.31146522157432
624 -17.3115295743883
625 -17.311604092439058
626 -17.311656236690126
627 -17.311700802897025
628 -17.311762493573763
629 -17.311807173429074
630 -17.311839806966912
631 -17.311878754011065
632 -17.311908721637508
633 -17.311938074194405
634 -17.311966633441212
635 -17.31199233451058
636 -17.31201036878079
637 -17.312028500616677
638 -17.312046037466626
639 -17.312063652792176
640 -17.31207932480143
641 -17.31209245950483
642 -17.312104623653266
643 -17.31211399615309
644 -17.312124780208574
645 -17.312132632995464
646 -17.31214134285177
647 -17.3121478853168
648 -17.312155353233607
649 -17.312160914526373
650 -17.312165242463553
651 -17.31217146339299
652 -17.312176576421436
653 -17.312182513118625
654 -17.312186676483673
655 -17.312190060661056
656 -17.312193548847965
657 -17.312196287849407
658 -17.312200114118312
659 -17.31220279274694
660 -17.312204919201378
661 -17.312206588854824
662 -17.31220904426796
663 -17.312211334870383
664 -17.312213437597137
665 -17.312215038021492
666 -17.312216176806743
667 -17.312450476127296
668 -17.315972195075155
669 -17.318366599707712
670 -17.320050648571794
671 -17.321576781240555
672 -17.322965110807164
673 -17.324300857577256
674 -17.32595917488304
675 -17.32708747435648
676 -17.32844074989928
677 -17.339132950929013
678 -17.344765658160483
679 -17.34589022573313
680 -17.349522516399272
681 -17.35338544283678
682 -17.356128074622713
683 -17.35826151702983
684 -17.360718263897724
685 -17.363622330609893
686 -17.36600299370841
687 -17.36802833113856
688 -17.369969112892363
689 -17.37195206627923
690 -17.374093310986677
691 -17.37569475166732
692 -17.376804200791735
693 -17.377749030359215
694 -17.379007176121505
695 -17.38015009382907
696 -17.381033208981197
697 -17.381838152972914
698 -17.38272681739254
699 -17.383692035085534
700 -17.384388825675185
701 -17.384889870077625
702 -17.38550011152341
703 -17.386035709807278
704 -17.38650623461047
705 -17.387080506955098
706 -17.38752044744492
707 -17.387852659777483
708 -17.388185269966872
709 -17.3885256125772
710 -17.388824605376765
711 -17.389094114231423
712 -17.38931618751114
713 -17.389524824983848
714 -17.38978296406524
715 -17.390003034663497
716 -17.39021555735164
717 -17.39040827791099
718 -17.39055012579229
719 -17.390692004504924
720 -17.390824949529055
721 -17.390972491579095
722 -17.391077888202663
723 -17.391174741718206
724 -17.391269978838732
725 -17.391402355891042
726 -17.391506186045586
727 -17.391578953934683
728 -17.39164759619137
729 -17.391720838019513
730 -17.391803885217296
731 -17.391876268128048
732 -17.39193479520095
733 -17.391981095303272
734 -17.392034236538034
735 -17.392086431256747
736 -17.392137840551314
737 -17.392181245631377
738 -17.392220930646676
739 -17.392260042902123
740 -17.39229061313912
741 -17.392317434776622
742 -17.39235093334503
743 -17.392377537717696
744 -17.39239832319503
745 -17.392423901682125
746 -17.392624120904078
747 -17.392764260138335
748 -17.392864023192548
749 -17.39293152456845
750 -17.39297896228166
751 -17.39301276022047
752 -17.393066909033127
753 -17.39312145865926
754 -17.393163857977566
755 -17.393206999224528
756 -17.39325413099458
757 -17.39328624395764
758 -17.393311748418572
759 -17.393342827119405
760 -17.393376003417952
761 -17.393399755882083
762 -17.39341669964872
763 -17.39343021117331
764 -17.393443893960413
765 -17.393460156179152
766 -17.393472627706284
767 -17.39348353133169
768 -17.39349198634355
769 -17.39350111233347
770 -17.393508036441673
771 -17.393515013387027
772 -17.393523463862767
773 -17.39352950515064
774 -17.393534030878712
775 -17.3935397728025
776 -17.393544304258764
777 -17.393547687806173
778 -17.39355100408277
779 -17.393554901309994
780 -17.3935578983057
781 -17.39356038866951
782 -17.393562614944994
783 -17.393565117784107
784 -17.393567493126607
785 -17.393569477934463
786 -17.39357098061141
787 -17.393572870958664
788 -17.39357428440095
789 -17.39357546923432
790 -17.393913648498696
791 -17.39394222460683
792 -17.39414165752525
793 -17.394253423642436
794 -17.394338024226347
795 -17.39461501827577
796 -17.39483114818318
797 -17.3949120402285
798 -17.394934311291493
799 -17.395017946265714
800 -17.39514391387509
801 -17.39523084017259
802 -17.395305710725154
803 -17.39549733362466
804 -17.395617772743268
805 -17.395700516133108
806 -17.39575786012271
807 -17.395815945025696
808 -17.395860845888603
809 -17.395921166456148
810 -17.395975034505202
811 -17.396020612584493
812 -17.3960627036247
813 -17.39610980466552
814 -17.396143398055756
815 -17.39616659721421
816 -17.39619536222284
817 -17.396223955985594
818 -17.396245319403047
819 -17.396268678130028
820 -17.396288194330612
821 -17.396303429239282
822 -17.396315744909554
823 -17.39633061355153
824 -17.39634349399112
825 -17.396356128759283
826 -17.396370029834095
827 -17.39638077260381
828 -17.396388284504038
829 -17.396396300432983
830 -17.396403566156646
831 -17.39641002448348
832 -17.396416436970657
833 -17.396422354834375
834 -17.3964272507304
835 -17.396431845365484
836 -17.396435412616345
837 -17.39643874115403
838 -17.396441860594475
839 -17.396445581055442
840 -17.396448599760642
841 -17.39645125246263
842 -17.396453327688572
843 -17.396455341152684
844 -17.396457384308633
845 -17.39645936980874
846 -17.39646078707003
847 -17.39646181798165
848 -17.39646305705167
849 -17.396464361849496
850 -17.396465663524243
851 -17.396466968824466
852 -17.39646804489161
853 -17.396469009748902
854 -17.396469751327974
855 -17.396470367281136
856 -17.396471001267756
857 -17.396471774994275
858 -17.39647259703991
859 -17.39647322640154
860 -17.396473667229888
861 -17.396474099901326
862 -17.39647462753091
863 -17.39647524918135
864 -17.39647568829118
865 -17.396476052350174
866 -17.396476523248364
867 -17.396476970978295
868 -17.39647728443415
869 -17.396477503913296
870 -17.396477848169777
871 -17.396478210319994
872 -17.396478471336888
873 -17.39647865692326
874 -17.396478851618536
875 -17.396479110818124
876 -17.396479349081574
877 -17.396479520706183
878 -17.39647965882962
879 -17.396479827277332
880 -17.396479978595156
881 -17.396480116559143
882 -17.3964802292194
883 -17.39648031205937
884 -17.39648041610629
885 -17.396480549834532
886 -17.396480674335077
887 -17.396480768249063
888 -17.396480850067153
889 -17.396480951591805
890 -17.396481022658815
891 -17.396481102222584
892 -17.396481169948597
893 -17.39648123060586
894 -17.396481274826805
895 -17.396481320868205
896 -17.396481383209032
897 -17.39648143528155
898 -17.396481476878254
899 -17.39648151491706
900 -17.396481553409288
901 -17.396481588122274
902 -17.396481617165175
903 -17.39648163749517
904 -17.396481659849883
905 -17.396481685804375
906 -17.396481721058517
907 -17.39648174574504
908 -17.396481763890687
909 -17.396481783767367
910 -17.396481804554675
911 -17.396481820831266
912 -17.396481837691052
913 -17.39648185573138
914 -17.396481868799878
915 -17.396481883428468
916 -17.396481896237216
917 -17.39648190801775
918 -17.396481921067267
919 -17.39648193447806
920 -17.39648194386729
921 -17.396481951034662
922 -17.39648195655771
923 -17.39648196465353
924 -17.396481974820144
925 -17.396481981938887
926 -17.396481986924027
927 -17.396481991210536
928 -17.39648199711364
929 -17.396482002357104
930 -17.396482006075995
931 -17.396482009395072
932 -17.396482015181565
933 -17.396482019949858
934 -17.396482023287973
935 -17.39648202562466
936 -17.396482028478292
937 -17.396482031712043
938 -17.396482034534202
939 -17.396482036638236
940 -17.396482038435266
941 -17.396482040489094
942 -17.396482042433476
943 -17.396482043794677
944 -17.396482045294373
945 -17.396482047033192
946 -17.396482048821866
947 -17.39648205007803
948 -17.396482051026254
949 -17.396482052141064
950 -17.396482053349512
951 -17.396482054195843
952 -17.396482054911587
953 -17.39648205566632
954 -17.396482056465032
955 -17.396482057055525
956 -17.396482057730918
957 -17.396482058328036
958 -17.39648205881666
959 -17.39648205928889
960 -17.396482059885926
961 -17.39648206056117
962 -17.396482061033883
963 -17.396482061423452
964 -17.39648206177429
965 -17.396482062114497
966 -17.396482062452137
967 -17.396482062739448
968 -17.39648206308995
969 -17.39648206343941
970 -17.396482063743107
971 -17.396482063981377
972 -17.396482064238167
973 -17.396482064439244
974 -17.396482064650872
975 -17.39648206488491
976 -17.39648206508562
977 -17.39648206527811
978 -17.39648206543194
979 -17.396482065559482
980 -17.39648206568697
981 -17.39648206581712
982 -17.39648206591939
983 -17.396482066029638
984 -17.396482066162733
985 -17.396482066296226
986 -17.396548443605784
987 -17.3966165447948
988 -17.39668781835937
989 -17.396735007356998
990 -17.396765478743102
991 -17.39692810317744
992 -17.396928103209618
993 -17.39692810323724
994 -17.396960289725993
995 -17.396993005789227
996 -17.39703172824991
997 -17.397070746559923
998 -17.398469421291505
999 -17.399686318206193
1000 -17.401135689018187
1001 -17.401970805400428
1002 -17.40251743205199
1003 -17.402937533125705
1004 -17.403218442908997
1005 -17.403633570680167
1006 -17.403885292380746
1007 -17.40414702674383
1008 -17.404387941395072
1009 -17.404573454775388
1010 -17.40469248533476
1011 -17.404819799200613
1012 -17.40490816781789
1013 -17.404966056125776
1014 -17.405017314084734
1015 -17.405051001660638
1016 -17.405097711796873
1017 -17.405121988059687
1018 -17.405134389806562
1019 -17.40514425262276
1020 -17.40516447875557
1021 -17.4051905881737
1022 -17.405208928697192
1023 -17.40522186286044
1024 -17.405231753499493
1025 -17.40524262972897
1026 -17.405256708698726
1027 -17.405267977444396
1028 -17.405277587913137
1029 -17.405285378689772
1030 -17.405295247418877
1031 -17.405302576921937
1032 -17.40530966493125
1033 -17.405315370400462
1034 -17.405319829812658
1035 -17.405324521648726
1036 -17.405328679487994
1037 -17.40533214977366
1038 -17.405336385898906
1039 -17.405339928862404
1040 -17.40534268848175
1041 -17.40534481174063
1042 -17.40534683513519
1043 -17.405349153418978
1044 -17.40535098823051
1045 -17.405352950769796
1046 -17.405354450333075
1047 -17.40535558302925
1048 -17.405356975243507
1049 -17.405358110133417
1050 -17.40535912141992
1051 -17.405359933528203
1052 -17.40536069481571
1053 -17.405361372529498
1054 -17.405362208227377
1055 -17.40536295363854
1056 -17.40536347540936
1057 -17.405363946858902
1058 -17.40536466700438
1059 -17.405365219413994
1060 -17.4053656060911
1061 -17.406116298357215
1062 -17.40611681681598
1063 -17.406448705869654
1064 -17.406690196332846
1065 -17.40680070858698
1066 -17.40684659404854
1067 -17.40691807891007
1068 -17.406969202716734
1069 -17.40702700230762
1070 -17.40709439543833
1071 -17.40719088922134
1072 -17.407273265176773
1073 -17.40732870664717
1074 -17.40739054729594
1075 -17.407462596887118
1076 -17.407511768748062
1077 -17.407558122579072
1078 -17.407598814470877
1079 -17.407636073342726
1080 -17.40768426253872
1081 -17.407717665683847
1082 -17.40774759719415
1083 -17.4077718573518
1084 -17.407791174933845
1085 -17.407809525678818
1086 -17.407828010488736
1087 -17.407845018963176
1088 -17.407862245292254
1089 -17.40787633648951
1090 -17.40788617956999
1091 -17.407894360512117
1092 -17.407902949722637
1093 -17.407909428235783
1094 -17.407915671810574
1095 -17.407922662090886
1096 -17.407929583183588
1097 -17.4079344285103
1098 -17.40794118955737
1099 -17.40794765570625
1100 -17.407952179376437
1101 -17.407955348667752
1102 -17.40795757487474
1103 -17.40796031495377
1104 -17.407963934458003
1105 -17.40796646683729
1106 -17.407969143545362
1107 -17.407971428868805
1108 -17.40797385434189
1109 -17.40797671403899
1110 -17.40797871576427
1111 -17.40798011899542
1112 -17.407981456098497
1113 -17.40798286987963
1114 -17.407983861892273
1115 -17.407984715653825
1116 -17.407985683071797
1117 -17.407986819258785
1118 -17.40798772195967
1119 -17.40798862864668
1120 -17.407989429013956
1121 -17.40798998955984
1122 -17.407990667015525
1123 -17.407991403927152
1124 -17.407991942212018
1125 -17.40799242419361
1126 -17.407992827992526
1127 -17.407993258787233
1128 -17.407993670382808
1129 -17.407994090252885
1130 -17.40799445586354
1131 -17.407994761446357
1132 -17.407995242565775
1133 -17.407995592227916
1134 -17.407995837289217
1135 -17.407996009085846
1136 -17.40799644571229
1137 -17.407996757149476
1138 -17.40799697521795
1139 -17.407997128310807
1140 -17.407997307253638
1141 -17.407997458877542
1142 -17.40799762776117
1143 -17.407997796245013
1144 -17.407997964281506
1145 -17.407998120759334
1146 -17.407998287205086
1147 -17.407998403786124
1148 -17.40799848553931
1149 -17.40799867659034
1150 -17.40799881870747
1151 -17.40799891824244
1152 -17.407998987997086
1153 -17.407999063326226
1154 -17.407999173206722
1155 -17.40799926301206
1156 -17.407999325912233
1157 -17.40799937001341
1158 -17.407999427406867
1159 -17.40799947535172
1160 -17.407999580211335
1161 -17.407999653718484
1162 -17.407999705182643
1163 -17.407999741218045
1164 -17.40799977909438
1165 -17.407999811929184
1166 -17.40799985364224
1167 -17.4079998854328
1168 -17.407999926669234
1169 -17.408269137911432
1170 -17.408270472949972
1171 -17.408336367412872
1172 -17.408439638075333
1173 -17.408513482653383
1174 -17.408562754338586
1175 -17.40859217976664
1176 -17.408610371542462
1177 -17.40864409625442
1178 -17.408699700337714
1179 -17.40873383367941
1180 -17.408755378075345
1181 -17.408772017546784
1182 -17.40879142555755
1183 -17.408804413162127
1184 -17.40881526909999
1185 -17.40882544195222
1186 -17.40883294261347
1187 -17.408841250586686
1188 -17.40884883073998
1189 -17.40885413168489
1190 -17.408858206633884
1191 -17.40886300271107
1192 -17.40886862721059
1193 -17.408872477412462
1194 -17.40887513227618
1195 -17.408876969741524
1196 -17.408879814216103
1197 -17.408882908635466
1198 -17.408885312468204
1199 -17.40888831710373
1200 -17.40889079097574
1201 -17.40889446359919
1202 -17.408899338187165
1203 -17.408902739983432
1204 -17.408905116910223
1205 -17.408906778241718
1206 -17.408908516856446
1207 -17.408910773295684
1208 -17.408913276147544
1209 -17.408915260182383
1210 -17.408917120101755
1211 -17.408918825510373
1212 -17.408920135240063
1213 -17.408921229686005
1214 -17.408922665608483
1215 -17.408923671779174
1216 -17.408924375944437
1217 -17.408925206374644
1218 -17.40892595288676
1219 -17.408926632927187
1220 -17.408927258748545
1221 -17.40892772079627
1222 -17.40892808695101
1223 -17.40892841901182
1224 -17.40892873119194
1225 -17.408929008311564
1226 -17.408929341173558
1227 -17.408929657079977
1228 -17.408929878194524
1229 -17.408930033325248
1230 -17.40893021048706
1231 -17.408930367904116
1232 -17.408930478180494
1233 -17.408930577410246
1234 -17.408930709744073
1235 -17.408930818544903
1236 -17.408930909182118
1237 -17.408930972744923
1238 -17.408931017238384
1239 -17.408931080618046
1240 -17.408931137837055
1241 -17.408931177919417
1242 -17.408931211295073
1243 -17.40893125568726
1244 -17.408931286923096
1245 -17.408931308807812
1246 -17.408931338412994
1247 -17.40893137182904
1248 -17.408931395258044
1249 -17.4089314117321
1250 -17.408931425921303
1251 -17.408931447780333
1252 -17.408931465241412
1253 -17.40893147750566
1254 -17.408931487751676
1255 -17.40893149896669
1256 -17.408931508432122
1257 -17.408931520335624
1258 -17.408931531920512
1259 -17.408931540029947
1260 -17.408931545706555
1261 -17.408931554209676
1262 -17.408931562880294
1263 -17.408931568949765
1264 -17.40893157320267
1265 -17.408931579049014
1266 -17.408931584495885
1267 -17.408931588315863
1268 -17.40893159184585
1269 -17.408931596288642
1270 -17.408931599464694
1271 -17.408931602446312
1272 -17.408931605755015
1273 -17.408931608155694
1274 -17.408931610041762
1275 -17.408931612106777
1276 -17.408931614808694
1277 -17.40893161706619
1278 -17.40893161865522
1279 -17.408931620049348
1280 -17.40893162193152
1281 -17.408936540533904
1282 -17.40894071485306
1283 -17.40894353139413
1284 -17.408945451288517
1285 -17.408946769891926
1286 -17.40894768050691
1287 -17.408949584556655
1288 -17.408952131343597
1289 -17.408953896100545
1290 -17.40895512261312
1291 -17.408956611294006
1292 -17.40895810290752
1293 -17.40895914377558
1294 -17.408960278489516
1295 -17.408961382612947
1296 -17.408962155039344
1297 -17.408962695512177
1298 -17.408963336267252
1299 -17.408963910458564
1300 -17.40896432241667
1301 -17.40896477636733
1302 -17.40896516273428
1303 -17.408965617620435
1304 -17.4089659741586
1305 -17.408966242118694
1306 -17.408966502294973
1307 -17.408966684356585
1308 -17.40896689172241
1309 -17.408967081140176
1310 -17.408967243418612
1311 -17.4089673619908
1312 -17.40896746476936
1313 -17.408967581693293
1314 -17.40896768137713
1315 -17.40896775281628
1316 -17.408967854537206
1317 -17.408967925735116
1318 -17.408967975570665
1319 -17.408968017766014
1320 -17.408968062815532
1321 -17.408968111355392
1322 -17.408968154870703
1323 -17.4089681884461
1324 -17.40896821571079
1325 -17.4089682541135
1326 -17.408968291213863
1327 -17.408968322798525
1328 -17.408968349777517
1329 -17.408968369144002
1330 -17.408968395953867
1331 -17.408968414946457
1332 -17.40896842882955
1333 -17.408968444417948
1334 -17.408968465179143
1335 -17.40896848173097
1336 -17.408968494838543
1337 -17.408968507622323
1338 -17.40896851718576
1339 -17.40896852670023
1340 -17.40896853414621
1341 -17.408968543436696
1342 -17.408968551858646
1343 -17.40896856099481
1344 -17.408968568401676
1345 -17.408968574997786
1346 -17.408968579903483
1347 -17.4089685836241
1348 -17.40896858932511
1349 -17.408968593885565
1350 -17.408968597805053
1351 -17.408968601907713
1352 -17.408968605818032
1353 -17.408968608555266
1354 -17.408968610639054
1355 -17.408968613095215
1356 -17.408968616837154
1357 -17.408968619456505
1358 -17.40896862129007
1359 -17.40896862293029
1360 -17.4089686253423
1361 -17.40896862703073
1362 -17.408968628497252
1363 -17.408968629759887
1364 -17.40896863137934
1365 -17.408968632820915
1366 -17.40896863383003
1367 -17.408968634839237
1368 -17.40896863619615
1369 -17.40896863793459
1370 -17.408968639151514
1371 -17.408968640003362
1372 -17.408968640711603
1373 -17.408968641603263
1374 -17.40896864229879
1375 -17.408968643076793
1376 -17.40896864372398
1377 -17.40896864426281
1378 -17.408968644651548
1379 -17.408968645394214
1380 -17.40896864602154
1381 -17.408968646460664
1382 -17.408968646809075
1383 -17.408968647063805
1384 -17.40896864746131
1385 -17.408968647787727
1386 -17.40896864810696
1387 -17.40896864846054
1388 -17.408968648708044
1389 -17.408968648881295
1390 -17.408968649110985
1391 -17.408968649343446
1392 -17.408968649579563
1393 -17.40896864975288
1394 -17.40896864989476
1395 -17.408968650051268
1396 -17.408968650160826
1397 -17.408968650251648
1398 -17.40896865040806
1399 -17.40896865051755
1400 -17.408968650594193
1401 -17.408968650685456
1402 -17.408968650799
1403 -17.408968650878485
1404 -17.408968650934124
1405 -17.408968650982082
1406 -17.408968651046308
1407 -17.408968651111
1408 -17.40896865115752
1409 -17.40968083876926
1410 -17.41087202764371
1411 -17.4114222257152
1412 -17.411668563739774
1413 -17.412465646383186
1414 -17.412978032689626
1415 -17.413429392685316
1416 -17.413776028598857
1417 -17.414210227482386
1418 -17.414690306668337
1419 -17.415621693297577
1420 -17.416296929401213
1421 -17.416761588185008
1422 -17.41708291589906
1423 -17.417305914410964
1424 -17.41778122101012
1425 -17.418127890022756
1426 -17.418489483569676
1427 -17.41882474086297
1428 -17.41911011073776
1429 -17.419330237144884
1430 -17.41949894092586
1431 -17.419708200087452
1432 -17.419902769887315
1433 -17.420038626902436
1434 -17.420160352850566
1435 -17.42031565340614
1436 -17.420424256515783
1437 -17.42051696618941
1438 -17.420607099605633
1439 -17.42070345749716
1440 -17.42077083232154
1441 -17.42083508192008
1442 -17.420903076963594
1443 -17.42098095048095
1444 -17.42106056725912
1445 -17.42111627128982
1446 -17.421155250507848
1447 -17.421191674395804
1448 -17.4212425332652
1449 -17.421280394193808
1450 -17.421309313745763
1451 -17.421352920558093
1452 -17.421400587775818
1453 -17.421433946081805
1454 -17.421457292605236
1455 -17.421473633067635
1456 -17.421501277348174
1457 -17.421522507983518
1458 -17.421554405562322
1459 -17.421576733063407
1460 -17.42159236036446
1461 -17.42160683420325
1462 -17.421622367666746
1463 -17.4216416391554
1464 -17.421655127760722
1465 -17.421667128837473
1466 -17.421679610210813
1467 -17.421690790472113
1468 -17.421706835611875
1469 -17.42171806620755
1470 -17.42172592713325
1471 -17.421733432368956
1472 -17.4217430707295
1473 -17.42175365979484
1474 -17.421762842417607
1475 -17.421769269922994
1476 -17.42177376901469
1477 -17.42178115832729
1478 -17.42178734412173
1479 -17.421791712449416
1480 -17.421796732861417
1481 -17.421801623016762
1482 -17.421806611104145
1483 -17.421810102666743
1484 -17.42181352516242
1485 -17.42181652448529
1486 -17.421819535905428
1487 -17.421823458458977
1488 -17.421826204185916
1489 -17.421828126165188
1490 -17.421830518678917
1491 -17.421833907271587
1492 -17.421836992758383
1493 -17.42183915256169
1494 -17.421840664405693
1495 -17.421842030628188
1496 -17.421844206312326
1497 -17.421845807895632
1498 -17.421847419474986
1499 -17.42184906448894
1500 -17.421850499984597
1501 -17.421851575124155
1502 -17.421852516450873
1503 -17.421853411981402
1504 -17.42185434759622
1505 -17.421855071059646
1506 -17.421855899390277
1507 -17.42185676694261
1508 -17.421857847028907
1509 -17.421859310088994
1510 -17.421860334222625
1511 -17.42186105111202
1512 -17.421861552932576
1513 -17.421862135876115
1514 -17.421863036233933
1515 -17.42186366648121
1516 -17.42186415242784
1517 -17.421864895670378
1518 -17.421865415937976
1519 -17.421865830157582
1520 -17.421866302249782
1521 -17.421866787805573
1522 -17.421867192982543
1523 -17.421867633585926
1524 -17.42186808620225
1525 -17.42186840303287
1526 -17.421868624813907
1527 -17.42186879171664
1528 -17.421869093722496
1529 -17.4218693246666
1530 -17.421869486327264
1531 -17.421869732204627
1532 -17.421870032028284
1533 -17.42187027264571
1534 -17.421870441077683
1535 -17.421870558979954
1536 -17.421870698906613
1537 -17.421870855445704
1538 -17.421870974784543
1539 -17.421871115363
1540 -17.42187124346565
1541 -17.421871339229906
1542 -17.421871429297727
1543 -17.421871492345176
1544 -17.421871585470143
1545 -17.421871678750968
1546 -17.421871745966254
1547 -17.421871793016937
1548 -17.421871846366106
1549 -17.42187191755674
1550 -17.421871981279143
1551 -17.421872025884806
1552 -17.421872057108768
1553 -17.421872083863352
1554 -17.421872134493086
1555 -17.421872173328264
1556 -17.42187220051289
1557 -17.421872226775317
1558 -17.421872256661796
1559 -17.421872288236496
1560 -17.421872318788036
1561 -17.421872340174108
1562 -17.421872355600495
1563 -17.42187236983915
1564 -17.421872382115907
1565 -17.42187240232177
1566 -17.421872418403677
1567 -17.43236763275434
1568 -17.442759620576684
1569 -17.447132303590198
1570 -17.451602524199448
1571 -17.457221294398803
1572 -17.46110179467375
1573 -17.46363177855501
1574 -17.466293597847564
1575 -17.469306601943895
1576 -17.475508732548537
1577 -17.482333401950978
1578 -17.487425435228957
1579 -17.49083901848144
1580 -17.49314969026577
1581 -17.49590755829593
1582 -17.498807086101998
1583 -17.502067867711055
1584 -17.504657163331686
1585 -17.506440230145227
1586 -17.508651223160594
1587 -17.510918980263472
1588 -17.51264066196696
1589 -17.51411647193147
1590 -17.516068813451238
1591 -17.51743764559828
1592 -17.518496868753314
1593 -17.519361293757047
1594 -17.520583033074583
1595 -17.522132404846758
1596 -17.523350017631298
1597 -17.52419224309458
1598 -17.524776803044023
1599 -17.52554573950403
1600 -17.52631281189826
1601 -17.52687698066592
1602 -17.527725755032854
1603 -17.528326095509495
1604 -17.528743334181684
1605 -17.529058490422596
1606 -17.52956747614132
1607 -17.529950015639994
1608 -17.530302709451437
1609 -17.530759474179046
1610 -17.53112237205649
1611 -17.531375065094014
1612 -17.531673989537907
1613 -17.53195874195154
1614 -17.532164576765503
1615 -17.53237592410471
1616 -17.532536915269574
1617 -17.532748793561648
1618 -17.533020664142295
1619 -17.533280615306456
1620 -17.533461766471138
1621 -17.533588172179318
1622 -17.533676459804948
1623 -17.533833148353164
1624 -17.533946679018076
1625 -17.534054640977317
1626 -17.534195599684264
1627 -17.534294013207113
1628 -17.53439485653246
1629 -17.53449655240273
1630 -17.534567603279772
1631 -17.534623176098226
1632 -17.534739132924795
1633 -17.534820122090906
1634 -17.534876725914984
1635 -17.53492499554204
1636 -17.534990423774172
1637 -17.535045317482613
1638 -17.53509365550522
1639 -17.535144331287192
1640 -17.535195230780705
1641 -17.535235858436312
1642 -17.535279258172768
1643 -17.5353154684741
1644 -17.53534079744173
1645 -17.535369493779402
1646 -17.535409209053302
1647 -17.535436987646708
1648 -17.535456421830073
1649 -17.53547621694153
1650 -17.535503579700276
1651 -17.535526318268463
1652 -17.535542615108728
1653 -17.535557058712868
1654 -17.535572510453267
1655 -17.535584981040653
1656 -17.53560140145387
1657 -17.535621169850682
1658 -17.535635002198536
1659 -17.535644682131892
1660 -17.53565145675712
1661 -17.53566347771462
1662 -17.535672827434215
1663 -17.535679627661853
1664 -17.53568918402414
1665 -17.535697223515463
1666 -17.535710225374036
1667 -17.53571948658569
1668 -17.535725968212166
1669 -17.53573162345613
1670 -17.535739203947788
1671 -17.535759089394773
1672 -17.535873062495487
1673 -17.535935347737155
1674 -17.535965598927465
1675 -17.535980778500825
1676 -17.535989981658627
1677 -17.536002520088463
1678 -17.536016451726955
1679 -17.536037402991706
1680 -17.536052534493706
1681 -17.5360662949526
1682 -17.536080658337024
1683 -17.536101409986557
1684 -17.536114290705466
1685 -17.5361261493376
1686 -17.5361382304928
1687 -17.53614905196626
1688 -17.536158717431423
1689 -17.53616607211227
1690 -17.53617330291982
1691 -17.53617870910202
1692 -17.536184688622253
1693 -17.536193224353102
1694 -17.536200441207587
1695 -17.536205487048353
1696 -17.53620901621775
1697 -17.536211759606335
1698 -17.536215702231228
1699 -17.536219139337177
1700 -17.536222381147226
1701 -17.536225293496866
1702 -17.536227763135088
1703 -17.53623045070463
1704 -17.536232606270122
1705 -17.5362347782206
1706 -17.536236363204242
1707 -17.536238942810584
1708 -17.53624114377654
1709 -17.5362426837257
1710 -17.536243780792073
1711 -17.53624482774815
1712 -17.53624607958443
1713 -17.53624717647586
1714 -17.536248293582982
1715 -17.536249108631537
1716 -17.536249925332452
1717 -17.53625099126973
1718 -17.536251877477707
1719 -17.536252570373936
1720 -17.536253168451037
1721 -17.536253864339532
1722 -17.536254351185914
1723 -17.536254859521527
1724 -17.53625550433317
1725 -17.536256039694983
1726 -17.536256436139087
1727 -17.536256775679274
1728 -17.53625721646352
1729 -17.536257600674418
1730 -17.53625791429261
1731 -17.536258265677734
1732 -17.536258837452625
1733 -17.53625929852851
1734 -17.536259621277452
1735 -17.536259864701638
1736 -17.536260128960354
1737 -17.53626044158666
1738 -17.536260662571333
1739 -17.536260875439016
1740 -17.53626118882153
1741 -17.53626142220659
1742 -17.536261585575122
1743 -17.53626175662535
1744 -17.536261885226626
1745 -17.536262075651333
1746 -17.536262226365036
1747 -17.53626235124176
1748 -17.53626245313905
1749 -17.536262579423894
1750 -17.536262676408025
1751 -17.53626277687535
1752 -17.536262859019242
1753 -17.536262944677077
1754 -17.536263024134737
1755 -17.536263097554382
1756 -17.53626315129071
1757 -17.53626321391992
1758 -17.536263269598443
1759 -17.536263318746062
1760 -17.53626336046125
1761 -17.53626339002163
1762 -17.536263433970763
1763 -17.536263477086372
1764 -17.53626350840918
1765 -17.53626353033513
1766 -17.53626356002908
1767 -17.536263586767543
1768 -17.53626360812784
1769 -17.536263624499487
1770 -17.536263649163928
1771 -17.53626366930875
1772 -17.536263683882947
1773 -17.53626369449539
1774 -17.538074133541638
1775 -17.544690782466805
1776 -17.54801821358524
1777 -17.549706743288297
1778 -17.550574834440877
1779 -17.55102885674005
1780 -17.553601475428653
1781 -17.555225034438525
1782 -17.556240231830913
1783 -17.557469785105226
1784 -17.55837124459059
1785 -17.55902329964364
1786 -17.559753358429045
1787 -17.56053606527362
1788 -17.56148189126198
1789 -17.56216181984482
1790 -17.562625059253083
1791 -17.562943086218283
1792 -17.56323361501764
1793 -17.563621090032527
1794 -17.56391836570376
1795 -17.564182579423676
1796 -17.564394049412126
1797 -17.56458690901838
1798 -17.56483430669603
1799 -17.56509724543785
1800 -17.565280673003727
1801 -17.565408763445216
1802 -17.565513509064875
1803 -17.56565893496749
1804 -17.565782096444437
1805 -17.565876429395303
1806 -17.565991073194112
1807 -17.56612058381209
1808 -17.566223580957743
1809 -17.566295586082365
1810 -17.5663727777844
1811 -17.56643920776737
1812 -17.566519192595347
1813 -17.56658864920026
1814 -17.566650151056596
1815 -17.566693171002246
1816 -17.566737924535303
1817 -17.566788096408562
1818 -17.566824230904256
1819 -17.566861870344187
1820 -17.566907645224926
1821 -17.56693966929267
1822 -17.56696207703764
1823 -17.566983015462636
1824 -17.567011127882058
1825 -17.56703426001697
1826 -17.567053591343754
1827 -17.567079686299497
1828 -17.567097946707126
1829 -17.567110726217653
1830 -17.567128382906052
1831 -17.56714478657051
1832 -17.567159449664455
1833 -17.567169711834296
1834 -17.56718188604174
1835 -17.56719143120242
1836 -17.567201729885053
1837 -17.5672121690333
1838 -17.567219475504867
1839 -17.567224589615584
1840 -17.567234876715787
1841 -17.567244175345945
1842 -17.567250683648663
1843 -17.567255239159582
1844 -17.567258783453052
1845 -17.56726499125968
1846 -17.56727249840159
1847 -17.56727775294016
1848 -17.567281430902874
1849 -17.567284187558755
1850 -17.567289784176253
1851 -17.567293701540713
1852 -17.567296443567702
1853 -17.56729907019989
1854 -17.567302599387542
1855 -17.56753632982628
1856 -17.567686903097016
1857 -17.567770745274732
1858 -17.567819652806367
1859 -17.567849206615794
1860 -17.567942427830715
1861 -17.568077203850766
1862 -17.568167916175955
1863 -17.56822995930462
1864 -17.56827301133426
1865 -17.568303061316342
1866 -17.5683638120478
1867 -17.568437412609175
1868 -17.56849438436468
1869 -17.568534266821178
1870 -17.568567326284096
1871 -17.56860891271625
1872 -17.568650372967856
1873 -17.56867933530408
1874 -17.568699971486357
1875 -17.568725482939886
1876 -17.56874727766797
1877 -17.568772122338753
1878 -17.568790048097796
1879 -17.568805643109794
1880 -17.56881755472713
1881 -17.568831499442016
1882 -17.568845769166884
1883 -17.568857776673376
1884 -17.56886646368876
1885 -17.56887354868213
1886 -17.568881635607287
1887 -17.568888744492146
1888 -17.568897504730767
1889 -17.568905524656742
1890 -17.568911165200088
1891 -17.568915111174164
1892 -17.568918769601524
1893 -17.56892330770614
1894 -17.568926545075865
1895 -17.56892950591362
1896 -17.56893321541857
1897 -17.568936239567645
1898 -17.568938583561078
1899 -17.568940964846906
1900 -17.56894338798062
1901 -17.568945084154677
1902 -17.568946403765516
1903 -17.568948059545068
1904 -17.56894943022938
1905 -17.56895081888939
1906 -17.56895180122586
1907 -17.568952759565434
1908 -17.568953821169305
1909 -17.56895499106765
1910 -17.56895580999023
1911 -17.568956407046894
1912 -17.568956937480163
1913 -17.568958147616623
1914 -17.56895911154702
1915 -17.568959786815785
1916 -17.56896026771392
1917 -17.568960704818185
1918 -17.568961289440985
1919 -17.568961753313747
1920 -17.568962246632825
1921 -17.568962636997586
1922 -17.568963057824913
1923 -17.568963530674832
1924 -17.56896386677122
1925 -17.5689641496374
1926 -17.5690448662741
1927 -17.569484172806952
1928 -17.569748749693968
1929 -17.56988535202463
1930 -17.5700080612568
1931 -17.57011133373274
1932 -17.570195564096938
1933 -17.57032999392308
1934 -17.57048522399829
1935 -17.570592954515963
1936 -17.57067848526364
1937 -17.57080028286597
1938 -17.570901758141193
1939 -17.570981428233893
1940 -17.571037010424256
1941 -17.571120627548158
1942 -17.571192953424692
1943 -17.57124247104058
1944 -17.571280596892368
1945 -17.57132956102555
1946 -17.571363697875775
1947 -17.571406775857014
1948 -17.57143711696038
1949 -17.57146839031607
1950 -17.571495587742287
1951 -17.571531645314245
1952 -17.57156384081749
1953 -17.571586352018944
1954 -17.571602096035722
1955 -17.57161879270608
1956 -17.5716428810246
1957 -17.571659720919538
1958 -17.571675996527844
1959 -17.571692074467666
1960 -17.571703323841703
1961 -17.571712551577495
1962 -17.571725024552226
1963 -17.571739722171174
1964 -17.571751172061507
1965 -17.571759182469417
1966 -17.571764790951274
1967 -17.571772000815887
1968 -17.571778876930324
1969 -17.571784329195225
1970 -17.571790685068954
1971 -17.57179722271397
1972 -17.57180180167847
1973 -17.571805006106548
1974 -17.571809400722113
1975 -17.57181412255115
1976 -17.571817426914265
1977 -17.57181974198748
1978 -17.57182243781267
1979 -17.57182607581709
1980 -17.571828621873113
1981 -17.57183040384425
1982 -17.571832186711124
1983 -17.571835474003187
1984 -17.57183777755167
1985 -17.57183939135459
1986 -17.571840521406827
1987 -17.571841853378967
1988 -17.571843541284125
1989 -17.571845055906007
1990 -17.57184650952807
1991 -17.571847591767746
1992 -17.571848349287407
1993 -17.571849615345727
1994 -17.571850881245663
1995 -17.5718517673087
1996 -17.571852485648375
1997 -17.571853355398815
1998 -17.571853965151796
1999 -17.571854486560365
2000 -17.571855397139185
2001 -17.571856183750654
2002 -17.57185673467763
2003 -17.571857120701313
2004 -17.57185755938398
2005 -17.571858041714275
2006 -17.571858499363234
2007 -17.571858875265793
2008 -17.57185920366236
2009 -17.57185955189068
2010 -17.57185983999042
2011 -17.571860229756812
2012 -17.571860502825416
2013 -17.571860733894507
2014 -17.57186090564836
2015 -17.57186113966566
2016 -17.571861324880615
2017 -17.57186147419741
2018 -17.571861643288006
2019 -17.571861822137052
2020 -17.57186201568826
2021 -17.571862151172542
2022 -17.571862246026992
2023 -17.571862323695836
2024 -17.57186246667681
2025 -17.57186260200739
2026 -17.571862696822723
2027 -17.57186276319309
2028 -17.571862857745092
2029 -17.571862930403658
2030 -17.571863002355347
2031 -17.57186306928128
2032 -17.57186313967276
2033 -17.57186318898737
2034 -17.571863255648683
2035 -17.571863326914194
2036 -17.57186337682488
2037 -17.571863411762255
2038 -17.57186345160783
2039 -17.571863491302228
2040 -17.571863523711254
2041 -17.571863550845578
2042 -17.571863582043516
2043 -17.571863606942333
2044 -17.57186363814446
2045 -17.571863676605645
2046 -17.57186370506331
2047 -17.57186374262116
2048 -17.57186376892376
2049 -17.5718637873534
2050 -17.571863802358763
2051 -17.571863827490525
2052 -17.57186384508273
2053 -17.57186385970562
2054 -17.571863886173233
2055 -17.57186391366368
2056 -17.57186393290725
2057 -17.57186394637773
2058 -17.57186395581294
2059 -17.571863968919534
2060 -17.57186398446342
2061 -17.571863995551023
2062 -17.57186400615825
2063 -17.571864017470634
2064 -17.57186402718366
2065 -17.571864039343435
2066 -17.57186404855886
2067 -17.571864055012437
2068 -17.571864062180328
2069 -17.571864067667132
2070 -17.571864073544464
2071 -17.57186407985505
2072 -17.57186408570472
2073 -17.571864090287274
2074 -17.57186409508748
2075 -17.571864098447623
2076 -17.571864103323104
2077 -17.57186410684319
2078 -17.571864109307246
2079 -17.57186411238906
2080 -17.571864115057334
2081 -17.571864117779498
2082 -17.571864120644474
2083 -17.571864122649952
2084 -17.571864124394335
2085 -17.571864125900994
2086 -17.571864127723092
2087 -17.571864129485267
2088 -17.571864130720176
2089 -17.571864131584615
2090 -17.571864132667017
2091 -17.571864133903702
2092 -17.571864134904857
2093 -17.571864135606088
2094 -17.57186413648085
2095 -17.57186413716566
2096 -17.57186413787272
2097 -17.571864138508822
2098 -17.57186413908132
2099 -17.571864139514616
2100 -17.57186413991465
2101 -17.571864140254203
2102 -17.571864140610135
2103 -17.571864141081516
2104 -17.57186414164241
2105 -17.571864142043864
2106 -17.571864142325264
2107 -17.571864142522642
2108 -17.571864142861386
2109 -17.571864143146673
2110 -17.57186414334674
2111 -17.571864143562312
2112 -17.57186414383744
2113 -17.57186414403183
2114 -17.571864144229004
2115 -17.57186414441408
2116 -17.571864144631203
2117 -17.57186414478319
2118 -17.571864144889584
2119 -17.571864145005474
2120 -17.5718641451265
2121 -17.57186414526301
2122 -17.57186414538658
2123 -17.571864145473135
2124 -17.57186414558589
2125 -17.571864145665643
2126 -17.57186414572617
2127 -17.57186414580921
2128 -17.5718641458817
2129 -17.5718641459403
2130 -17.571864145990514
2131 -17.571864146033032
2132 -17.571864146076646
2133 -17.571864146124014
2134 -17.5718641461797
2135 -17.571864146218676
2136 -17.571864146256043
2137 -17.57186414630086
2138 -17.57186414633225
2139 -17.57186414635422
2140 -17.571864146380403
2141 -17.57186414641802
2142 -17.571864146450416
2143 -17.571864146473136
2144 -17.57186414648904
2145 -17.57186414650522
2146 -17.571864146525325
2147 -17.571864146553214
2148 -17.57186414657397
2149 -17.571864146588506
2150 -17.571864146598685
2151 -17.571864146607556
2152 -17.571864146620882
2153 -17.571864146633736
2154 -17.571864146645606
2155 -17.57186414665514
2156 -17.571864146661827
2157 -17.57186414667083
2158 -17.571864146678788
2159 -17.57186414668453
2160 -17.57186414669285
2161 -17.571864146700644
2162 -17.57186414670611
2163 -17.57186414670994
2164 -17.57186414671374
2165 -17.571864146718514
2166 -17.57186414672228
2167 -17.57186414672934
2168 -17.571864146734388
2169 -17.571864146737937
2170 -17.571864146740435
2171 -17.571864146743682
2172 -17.571864146747938
2173 -17.571864146751572
2174 -17.57186414675572
2175 -17.57186414675863
2176 -17.57186414676067
2177 -17.571864146763037
2178 -17.57186414676607
2179 -17.57186414676863
2180 -17.571864146771574
2181 -17.571864146773976
2182 -17.571864146775653
2183 -17.571864146777237
2184 -17.571864146779554
2185 -17.571864146781184
2186 -17.57186414678324
2187 -17.571864146784687
2188 -17.5718641467857
2189 -17.57186414678684
2190 -17.571864146788574
2191 -17.571864146789785
2192 -17.571864146790634
2193 -17.571864146791416
2194 -17.571864146792464
2195 -17.571864146793196
2196 -17.57186414679423
2197 -17.571864146794994
2198 -17.571864146795523
2199 -17.571864146796056
2200 -17.571864146796614
2201 -17.571864146797257
2202 -17.571864146797783
2203 -17.571864146798145
2204 -17.57186414679842
2205 -17.571864146798834
2206 -17.571864146799125
2207 -17.571864146799584
2208 -17.57186414679991
2209 -17.57186414680021
2210 -17.571864146800497
2211 -17.57186414680073
2212 -17.571864146800973
2213 -17.571864146801147
2214 -17.571864146801335
2215 -17.571864146801563
2216 -17.57186414680174
2217 -17.571864146801907
2218 -17.57186414680206
2219 -17.571864146802184
2220 -17.571864146802284
2221 -17.571864146802422
2222 -17.571864146802564
2223 -17.571864146802668
2224 -17.57186414680274
2225 -17.57186414680284
2226 -17.57186414680294
2227 -17.57186414680302
2228 -17.571864146803094
2229 -17.571864146803154
2230 -17.571864146803225
2231 -17.57186414680328
2232 -17.571864146803318
2233 -17.571864146803367
2234 -17.57186414680342
2235 -17.57186414680346
2236 -17.571864146803488
2237 -17.571864146803524
2238 -17.571864146803566
2239 -17.57186414680359
2240 -17.57186414680361
2241 -17.571864146803634
2242 -17.57186414680366
2243 -17.57186414680368
2244 -17.571864146803694
2245 -17.57186414680371
2246 -17.57186414680373
2247 -17.571864146803758
2248 -17.571864146803776
2249 -17.571864146803787
2250 -17.5718641468038
2251 -17.571864146803815
2252 -17.571864146803822
2253 -17.571864146803836
2254 -17.571864146803847
2255 -17.571864146803858
2256 -17.571864146803872
2257 -17.57186414680388
2258 -17.57186414680389
2259 -17.571864146803893
2260 -17.5718641468039
2261 -17.571864146803915
2262 -17.57186414680392
2263 -17.57186414680393
2264 -17.571864146803936
2265 -17.571864146803943
2266 -17.571864146803946
2267 -17.57186414680395
2268 -17.571864146803957
2269 -17.571864146803964
2270 -17.571864146803964
2271 -17.57186414680397
2272 -17.571864146803975
2273 -17.57186414680398
2274 -17.571864146803986
2275 -17.571864146803986
2276 -17.57186414680399
2277 -17.571864146803993
2278 -17.571864146803993
2279 -17.571864146803996
2280 -17.571864146804
2281 -17.571864146804003
2282 -17.571864146804003
2283 -17.571864146804007
2284 -17.571864146804007
2285 -17.57186414680401
2286 -17.571864146804014
2287 -17.571864146804014
2288 -17.571864146804014
2289 -17.571864146804018
2290 -17.571864146804018
2291 -17.571864146804018
2292 -17.571864146804018
2293 -17.57186414680402
2294 -17.57186414680402
2295 -17.57186414680402
2296 -17.57186414680402
2297 -17.57186414680402
2298 -17.57186414680402
2299 -17.57186414680402
2300 -17.57186414680402
2301 -17.57186414680402
2302 -17.57186414680402
2303 -17.57186414680402
2304 -17.57186414680402
2305 -17.57186414680402
2306 -17.57186414680402
2307 -17.57186414680402
2308 -17.57186414680402
2309 -17.57186414680402
2310 -17.57186414680402
2311 -17.57186414680402
2312 -17.57186414680402
2313 -17.57186414680402
2314 -17.57186414680402
2315 -17.57186414680402
2316 -17.57186414680402
2317 -17.57186414680402
2318 -17.57186414680402
2319 -17.57186414680402
2320 -17.57186414680402
2321 -17.57186414680402
2322 -17.57186414680402
2323 -17.57186414680402
2324 -17.57186414680402
2325 -17.57186414680402
2326 -17.57186414680402
2327 -17.57186414680402
2328 -17.57186414680402
2329 -17.57186414680402
2330 -17.57186414680402
2331 -17.57186414680402
2332 -17.57186414680402
2333 -17.57186414680402
2334 -17.57186414680402
2335 -17.57186414680402
2336 -17.57186414680402
2337 -17.57186414680402
2338 -17.57186414680402
2339 -17.57186414680402
2340 -17.57186414680402
2341 -17.57186414680402
2342 -17.57186414680402
2343 -17.57186414680402
2344 -17.57186414680402
2345 -17.57186414680402
2346 -17.57186414680402
2347 -17.57186414680402
2348 -17.57186414680402
2349 -17.57186414680402
2350 -17.57186414680402
2351 -17.57186414680402
2352 -17.57186414680402
2353 -17.57186414680402
2354 -17.57186414680402
2355 -17.57186414680402
2356 -17.57186414680402
2357 -17.57186414680402
2358 -17.57186414680402
2359 -17.57186414680402
2360 -17.57186414680402
2361 -17.57186414680402
2362 -17.57186414680402
2363 -17.57186414680402
2364 -17.57186414680402
2365 -17.57186414680402
2366 -17.57186414680402
2367 -17.57186414680402
2368 -17.57186414680402
2369 -17.57186414680402
2370 -17.57186414680402
2371 -17.57186414680402
2372 -17.57186414680402
2373 -17.57186414680402
2374 -17.57186414680402
2375 -17.57186414680402
2376 -17.57186414680402
2377 -17.57186414680402
2378 -17.57186414680402
2379 -17.57186414680402
2380 -17.57186414680402
2381 -17.57186414680402
2382 -17.57186414680402
2383 -17.57186414680402
2384 -17.57186414680402
2385 -17.57186414680402
2386 -17.57186414680402
2387 -17.57186414680402
2388 -17.57186414680402
2389 -17.57186414680402
2390 -17.57186414680402
2391 -17.57186414680402
2392 -17.57186414680402
2393 -17.57186414680402
2394 -17.57186414680402
2395 -17.57186414680402
2396 -17.57186414680402
2397 -17.57186414680402
2398 -17.57186414680402
2399 -17.57186414680402
2400 -17.57186414680402
2401 -17.57186414680402
2402 -17.57186414680402
2403 -17.57186414680402
2404 -17.57186414680402
2405 -17.57186414680402
2406 -17.57186414680402
2407 -17.57186414680402
2408 -17.57186414680402
2409 -17.57186414680402
2410 -17.57186414680402
2411 -17.57186414680402
2412 -17.57186414680402
2413 -17.57186414680402
2414 -17.57186414680402
2415 -17.57186414680402
2416 -17.57186414680402
2417 -17.57186414680402
2418 -17.57186414680402
2419 -17.57186414680402
2420 -17.57186414680402
2421 -17.57186414680402
2422 -17.57186414680402
2423 -17.57186414680402
2424 -17.57186414680402
2425 -17.57186414680402
2426 -17.57186414680402
2427 -17.57186414680402
2428 -17.57187021144924
2429 -17.571946220633475
2430 -17.571998688298027
2431 -17.57203505365597
2432 -17.572060332018822
2433 -17.572077939951466
2434 -17.572091462069334
2435 -17.572126875766077
2436 -17.572153356113862
2437 -17.57217181538316
2438 -17.57219469033048
2439 -17.57221280187873
2440 -17.572235943959075
2441 -17.572255707672806
2442 -17.572273817179514
2443 -17.57229010202583
2444 -17.57230576690686
2445 -17.57231706626929
2446 -17.5723254379375
2447 -17.572341868003388
2448 -17.572353362086407
2449 -17.572362247603714
2450 -17.572371526048546
2451 -17.57238371148542
2452 -17.572394466227074
2453 -17.57240199283691
2454 -17.57240726062617
2455 -17.572415496486705
2456 -17.572422142487838
2457 -17.57242769742664
2458 -17.572435120596403
2459 -17.57244561405853
2460 -17.57245295801464
2461 -17.572458098064846
2462 -17.572462530289275
2463 -17.572470017753513
2464 -17.572475258276658
2465 -17.57247899196934
2466 -17.572482552610776
2467 -17.572487518292892
2468 -17.572491438550937
2469 -17.572494897542704
2470 -17.572497739751018
2471 -17.572501439698392
2472 -17.572504994472574
2473 -17.572507482670325
2474 -17.572509224338102
2475 -17.572510883446473
2476 -17.57251369179366
2477 -17.572515835965273
2478 -17.572517336831925
2479 -17.57251960108751
2480 -17.572521574186716
2481 -17.572522955310777
2482 -17.57252392207538
2483 -17.572525130701347
2484 -17.572526828008204
2485 -17.57252801608956
2486 -17.572528847730116
2487 -17.572529644156578
2488 -17.572530724850736
2489 -17.57253151467471
2490 -17.572532213704537
2491 -17.572532959335003
2492 -17.572533577546288
2493 -17.572534032392156
2494 -17.572534736045863
2495 -17.572535307863834
2496 -17.57253593445081
2497 -17.57253637305713
2498 -17.572536680079317
2499 -17.57253713172847
2500 -17.57253761870152
2501 -17.57253798379823
2502 -17.57253839273822
2503 -17.57253867899426
2504 -17.572538879372537
2505 -17.572539128456405
2506 -17.57253947879451
2507 -17.57253975392107
2508 -17.57253994650878
2509 -17.572540217661942
2510 -17.572540421701216
2511 -17.57254063251944
2512 -17.572540819551566
2513 -17.57254095047365
2514 -17.572541164064464
2515 -17.57254135193228
2516 -17.572541483439338
2517 -17.572541575494082
2518 -17.572541658116165
2519 -17.57254179627991
2520 -17.57254193240358
2521 -17.572542027689938
2522 -17.572542169069667
2523 -17.572542275702126
2524 -17.57254235034472
2525 -17.572542415804623
2526 -17.572542517210284
2527 -17.57254258819413
2528 -17.572542657169492
2529 -17.57254271061446
2530 -17.57254279579764
2531 -17.57254285542578
2532 -17.572542897165444
2533 -17.57254297668017
2534 -17.57254303459953
2535 -17.572543077573545
2536 -17.572543119229042
2537 -17.572543148387872
2538 -17.572543189464476
2539 -17.57254322272924
2540 -17.57254325748779
2541 -17.5725432959358
2542 -17.572543322849388
2543 -17.57254335141551
2544 -17.572543377847314
2545 -17.57254340288655
2546 -17.57254342510294
2547 -17.572543440654403
2548 -17.572543451763227
2549 -17.572543470864876
2550 -17.57254348546994
2551 -17.57254349736434
2552 -17.572543516417245
2553 -17.572543533135143
2554 -17.572543544837668
2555 -17.572543556172143
2556 -17.572543565715485
2557 -17.57254357373765
2558 -17.572543582680026
2559 -17.572543591123498
2560 -17.57254359767097
2561 -17.572543606919123
2562 -17.572543616666916
2563 -17.572543623490372
2564 -17.572543629452344
2565 -17.57254363683711
2566 -17.572543642142875
2567 -17.578469488876006
2568 -17.57990183231978
2569 -17.582821737743583
2570 -17.58411432970787
2571 -17.584721781180136
2572 -17.5849928006985
2573 -17.58545628409132
2574 -17.58552006778006
2575 -17.585906873103806
2576 -17.58614449626256
2577 -17.58656082158581
2578 -17.586817599295525
2579 -17.58698035442995
2580 -17.587186008124444
2581 -17.587361050847587
2582 -17.587477119089396
2583 -17.58760028219829
2584 -17.58774829491649
2585 -17.587856665142777
2586 -17.587963089291026
2587 -17.58805252940328
2588 -17.58813787023573
2589 -17.588197447165257
2590 -17.588275391638096
2591 -17.588340937793742
2592 -17.588403724224708
2593 -17.588453568760915
2594 -17.588486834166705
2595 -17.58853509318283
2596 -17.588581495497028
2597 -17.588619845361716
2598 -17.588646569946206
2599 -17.588665218241673
2600 -17.588696182430986
2601 -17.58873297904316
2602 -17.588762159677277
2603 -17.58878256762924
2604 -17.588796844077297
2605 -17.588813223060658
2606 -17.588835804522557
2607 -17.58885159866747
2608 -17.58886443734983
2609 -17.58887872094687
2610 -17.5888924262747
2611 -17.588905596009837
2612 -17.5889149935886
2613 -17.588930422863466
2614 -17.588941220575034
2615 -17.588948777603424
2616 -17.58895413378792
2617 -17.588964953048357
2618 -17.588973457127228
2619 -17.58897943481981
2620 -17.588987522703626
2621 -17.588995725914142
2622 -17.58900146740656
2623 -17.589006266941805
2624 -17.58901195817628
2625 -17.589018145876675
2626 -17.589023584344783
2627 -17.589027390935637
2628 -17.58903009931056
2629 -17.589033948610187
2630 -17.58903771543825
2631 -17.589041612134526
2632 -17.589044339653096
2633 -17.58904709783992
2634 -17.58905101074157
2635 -17.58905374961086
2636 -17.589055666729354
2637 -17.589057809193505
2638 -17.589060271902593
2639 -17.58906199573305
2640 -17.589063314135462
2641 -17.589065279077143
2642 -17.589066654496985
2643 -17.589067624613136
2644 -17.589068737374188
2645 -17.589070209300946
2646 -17.589071398999433
2647 -17.58907223178424
2648 -17.58907286439761
2649 -17.58907352065545
2650 -17.5890741175806
2651 -17.58907475881307
2652 -17.589075403526838
2653 -17.589076100777646
2654 -17.58907667307596
2655 -17.5890770736809
2656 -17.58907735410246
2657 -17.589077640190865
2658 -17.589078081219935
2659 -17.589078428704102
2660 -17.589078754094803
2661 -17.58907916860011
2662 -17.589079458753854
2663 -17.589079662365954
2664 -17.589080020461605
2665 -17.589080271129916
2666 -17.589080486730666
2667 -17.589080678478016
2668 -17.589081019892923
2669 -17.589081287738026
2670 -17.58908147523012
2671 -17.58908160647472
2672 -17.58908178465532
2673 -17.58908194812301
2674 -17.58908213826598
2675 -17.589082317264626
2676 -17.589082442563743
2677 -17.589082530273313
2678 -17.58908265719037
2679 -17.589082766545193
2680 -17.58908284309377
2681 -17.58908294668884
2682 -17.589083102032674
2683 -17.58908321077318
2684 -17.589083286891398
2685 -17.58908334017408
2686 -17.58908341009648
2687 -17.58908348103584
2688 -17.589083547704558
2689 -17.58908361130136
2690 -17.589083659742734
2691 -17.589083709897228
2692 -17.58908375244491
2693 -17.5890838018726
2694 -17.5890838403918
2695 -17.58908386735522
2696 -17.58908389793221
2697 -17.589083928913286
2698 -17.589083958023824
2699 -17.589083984996254
2700 -17.589084003876952
2701 -17.589084020748874
2702 -17.58908403651789
2703 -17.589084063555763
2704 -17.589084084414285
2705 -17.58908409901525
2706 -17.589084109235937
2707 -17.589084125560966
2708 -17.58908414071313
2709 -17.58908415333596
2710 -17.589084163163196
2711 -17.58908417308449
2712 -17.58908418425622
2713 -17.589084192642805
2714 -17.589084200376092
2715 -17.589084207818846
2716 -17.589084215335053
2717 -17.589084220845177
2718 -17.58908422690483
2719 -17.589084233415424
2720 -17.58908423986614
2721 -17.589084246311316
2722 -17.589084250822943
2723 -17.589084253981085
2724 -17.589084257171265
2725 -17.589084262242654
2726 -17.58908426638042
2727 -17.58908426927687
2728 -17.589084271304415
2729 -17.58908427419806
2730 -17.589084276730883
2731 -17.58908427907448
2732 -17.589084281784405
2733 -17.58908428368136
2734 -17.58908428570596
2735 -17.589084288437906
2736 -17.58908429035028
2737 -17.589084291688945
2738 -17.58908429262601
2739 -17.58908429472356
2740 -17.58908429631175
2741 -17.589084297423483
2742 -17.589084298228812
2743 -17.589084299407627
2744 -17.589084300232802
2745 -17.589084301106592
2746 -17.589084302005976
2747 -17.58908430276294
2748 -17.589084303439463
2749 -17.58908430406252
2750 -17.589084304722732
2751 -17.589084305582766
2752 -17.589084306231143
2753 -17.58908430668501
2754 -17.589084307015412
2755 -17.589084307619746
2756 -17.58908430804278
2757 -17.58908430844941
2758 -17.58908430875456
2759 -17.589084309140677
2760 -17.58908430952461
2761 -17.589084309965745
2762 -17.58908431027454
2763 -17.589084310490694
2764 -17.589084310643297
2765 -17.58908431092875
2766 -17.589084311147264
2767 -17.589084311336098
2768 -17.589084311511005
2769 -17.589084311637098
2770 -17.5890843117926
2771 -17.58908431190353
2772 -17.589084312019448
2773 -17.589084312131277
2774 -17.589084312229158
2775 -17.589084312311808
2776 -17.589084312378088
2777 -17.589084312451618
2778 -17.58908431250758
2779 -17.589084312554196
2780 -17.589084312624454
2781 -17.589084312677905
2782 -17.58908431271532
2783 -17.589084312753453
2784 -17.589084312809092
2785 -17.58908431286274
2786 -17.5890843129003
2787 -17.589084312926587
2788 -17.58908431295139
2789 -17.589084312993553
2790 -17.58908431302307
2791 -17.58908431307388
2792 -17.58908431312656
2793 -17.589084313163436
2794 -17.589084313189247
2795 -17.58908431320732
2796 -17.58908431323489
2797 -17.58908431325714
2798 -17.589084313281557
2799 -17.58908431330434
2800 -17.589084313331615
2801 -17.589084313350707
2802 -17.591499972957127
2803 -17.59149997297072
2804 -17.59253519788199
2805 -17.593738683134152
2806 -17.594492686452075
2807 -17.59497713538026
2808 -17.59548603699547
2809 -17.595997498210718
2810 -17.5967871639737
2811 -17.59752553974592
2812 -17.598117523873892
2813 -17.598529461749013
2814 -17.5994454313749
2815 -17.60013274935935
2816 -17.600613640330902
2817 -17.60095014689033
2818 -17.601367515166483
2819 -17.60196594824953
2820 -17.60249762956354
2821 -17.602868650817218
2822 -17.603127797391796
2823 -17.60333227507748
2824 -17.603705047960375
2825 -17.604008299293252
2826 -17.60422054564115
2827 -17.604460654893142
2828 -17.604676162255217
2829 -17.604826950906823
2830 -17.60498361582368
2831 -17.605153537294907
2832 -17.605333576991416
2833 -17.605509550788398
2834 -17.605655845659406
2835 -17.605758249024756
2836 -17.6058299298364
2837 -17.605966139978353
2838 -17.606089891052516
2839 -17.606176513532514
2840 -17.60623926541312
2841 -17.606318137804106
2842 -17.606398489227914
2843 -17.606461699092883
2844 -17.606565766071245
2845 -17.60665634033574
2846 -17.606719741820257
2847 -17.606764122602844
2848 -17.606795189020673
2849 -17.606854832975248
2850 -17.606899853638208
2851 -17.6069561532462
2852 -17.60700595536512
2853 -17.60704081657536
2854 -17.607065219286998
2855 -17.607106245221754
2856 -17.607135169055198
2857 -17.607158108984454
2858 -17.607182059507494
2859 -17.60720200175003
2860 -17.60722599958683
2861 -17.607252215337713
2862 -17.607277358162595
2863 -17.607294958094467
2864 -17.607307278024283
2865 -17.607323784755412
2866 -17.60734359292973
2867 -17.60735745862166
2868 -17.60736986384575
2869 -17.607386481314325
2870 -17.607400175293787
2871 -17.60740976106484
2872 -17.607418460528056
2873 -17.607433664389156
2874 -17.60744430707407
2875 -17.607451756944684
2876 -17.607456971849757
2877 -17.607462506507392
2878 -17.60747122118661
2879 -17.607480925439678
2880 -17.60748771840934
2881 -17.607492473484417
2882 -17.60749672690039
2883 -17.6075020449322
2884 -17.607505767552205
2885 -17.607509316207878
2886 -17.60751370686272
2887 -17.607517442411357
2888 -17.60752188310394
2889 -17.60752616858861
2890 -17.607529168426396
2891 -17.607531268312115
2892 -17.607533832674445
2893 -17.607536380788456
2894 -17.60753950561615
2895 -17.60754169299474
2896 -17.607543224159375
2897 -17.60754567575507
2898 -17.60754774999706
2899 -17.607549390071615
2900 -17.607551116613546
2901 -17.607552730817233
2902 -17.607553860759598
2903 -17.60755532470971
2904 -17.607557098634896
2905 -17.607558340382262
2906 -17.607559209605302
2907 -17.607559967173433
2908 -17.607560904198476
2909 -17.607561845902005
2910 -17.607562650079647
2911 -17.60756338497083
2912 -17.60756389939461
2913 -17.607564469601872
2914 -17.607565491906225
2915 -17.607566207519177
2916 -17.607566708448207
2917 -17.607567059098514
2918 -17.607567573613476
2919 -17.607567963359507
2920 -17.60756826760772
2921 -17.60756868287945
2922 -17.6075690697045
2923 -17.60756934048202
2924 -17.60756955722607
2925 -17.60756992461336
2926 -17.60757018463597
2927 -17.60757042869923
2928 -17.607570647344176
2929 -17.607570851260466
2930 -17.607571047797734
2931 -17.60757126738449
2932 -17.60757142109522
2933 -17.607571528692727
2934 -17.607571625456142
2935 -17.607571778731824
2936 -17.607571920466544
2937 -17.607572026712443
2938 -17.607798204570937
2939 -17.6081895828155
2940 -17.60823186340663
2941 -17.608231940891088
2942 -17.608363587521364
2943 -17.608474361108524
2944 -17.608539707065862
2945 -17.608595662687495
2946 -17.608638040053155
2947 -17.608663961512686
2948 -17.608690611589594
2949 -17.60874193082798
2950 -17.608781545385384
2951 -17.608807914544908
2952 -17.608824300191788
2953 -17.608841095580154
2954 -17.60885716842896
2955 -17.608870986225828
2956 -17.608888291965325
2957 -17.608900221860043
2958 -17.608908486548252
2959 -17.608915882187294
2960 -17.608925718928088
2961 -17.608933832196104
2962 -17.60894196349952
2963 -17.60894835760562
2964 -17.608952827905828
2965 -17.60895616492841
2966 -17.6089607608415
2967 -17.608964354063996
2968 -17.60896764577492
2969 -17.60897103185103
2970 -17.60897431074648
2971 -17.608977206419418
2972 -17.608979225745273
2973 -17.60898076201809
2974 -17.608982726540873
2975 -17.60898410106316
2976 -17.60898555492281
2977 -17.60898707720485
2978 -17.608988144273386
2979 -17.608988890799186
2980 -17.608989636058006
2981 -17.608990571316085
2982 -17.608991290394943
2983 -17.608991793324588
2984 -17.608992230018206
2985 -17.60899265339447
2986 -17.608993057924142
2987 -17.608993428709855
2988 -17.608993724883216
2989 -17.60899396415689
2990 -17.608994198016962
2991 -17.60899449467826
2992 -17.60899470239811
2993 -17.60899484908478
2994 -17.60899501542753
2995 -17.608995216834472
2996 -17.608995371346197
2997 -17.608995480035603
2998 -17.608995581689072
2999 -17.60899570048846
3000 -17.60899579001327
3001 -17.60899586846901
3002 -17.608995969148808
3003 -17.608996054039764
3004 -17.60899613152612
3005 -17.608996185760866
3006 -17.608996224107816
3007 -17.60899627343821
3008 -17.608996331424077
3009 -17.60899637202744
3010 -17.608996400753707
3011 -17.60899643969145
3012 -17.608996475386572
3013 -17.60899650297809
3014 -17.60899653036523
3015 -17.608996555640914
3016 -17.608996582518746
3017 -17.60899660606871
3018 -17.60899662349321
3019 -17.608996643330602
3020 -17.608996662799754
3021 -17.608996676475588
3022 -17.608996691439533
3023 -17.608996706586804
3024 -17.60899671804926
3025 -17.60899672745478
3026 -17.608996740671348
3027 -17.608996758704233
3028 -17.608996771398683
3029 -17.60899678033837
3030 -17.608996786596062
3031 -17.608996791532316
3032 -17.608996800338602
3033 -17.608996807881553
3034 -17.608996815230608
3035 -17.608996821235
3036 -17.60899682611878
3037 -17.60899683327234
3038 -17.60899683868665
3039 -17.6089968427177
3040 -17.60899684620983
3041 -17.608996852365696
3042 -17.608996856898262
3043 -17.60899686008428
3044 -17.608996862320495
3045 -17.60899686649596
3046 -17.608996870195337
3047 -17.60899687310805
3048 -17.608996875344562
3049 -17.608996877560422
3050 -17.608996880548144
3051 -17.608996883224805
3052 -17.60899688509846
3053 -17.608996887563112
3054 -17.608996889320355
3055 -17.60899689055042
3056 -17.608996892212
3057 -17.6089968938075
3058 -17.608996895558523
3059 -17.608996896945253
3060 -17.608996898027016
3061 -17.608996898784252
3062 -17.608996899848957
3063 -17.60899690090551
3064 -17.608996901812855
3065 -17.608996902742884
3066 -17.60899690358303
3067 -17.608996904176948
3068 -17.608996904892347
3069 -17.60899690551567
3070 -17.608996905955223
3071 -17.608996906327608
3072 -17.608996906809015
3073 -17.608996907305325
3074 -17.608996907692035
3075 -17.608996908334333
3076 -17.608996908786438
3077 -17.60899690910379
3078 -17.60899690932593
3079 -17.608996909664047
3080 -17.608996909959895
3081 -17.608996910222377
3082 -17.60899691045808
3083 -17.608996910678414
3084 -17.60899691090073
3085 -17.608996911097176
3086 -17.608996911273525
3087 -17.60899691143959
3088 -17.608996911571055
3089 -17.608996911707887
3090 -17.60899691185762
3091 -17.608996911977894
3092 -17.608996912069628
3093 -17.608996912178032
3094 -17.60899691227658
3095 -17.60899691235513
3096 -17.608996912448095
3097 -17.60899691252118
3098 -17.60899691257283
3099 -17.608996912645164
3100 -17.608996912712133
3101 -17.608996912783848
3102 -17.60899691283417
3103 -17.60899691286947
3104 -17.60899691291803
3105 -17.6089969129671
3106 -17.60899691301387
3107 -17.608996913046607
3108 -17.608996913082958
3109 -17.608996913125065
3110 -17.608996913154627
3111 -17.608996913185866
3112 -17.608996913210873
3113 -17.60899691324028
3114 -17.608996913260942
3115 -17.60899691327562
3116 -17.60899691330373
3117 -17.60899691332349
3118 -17.608996913337432
3119 -17.608996913358325
3120 -17.608996913374792
3121 -17.608996913388264
3122 -17.608996913404628
3123 -17.60899691341614
3124 -17.608996913424196
3125 -17.60899691343706
3126 -17.60899691344792
3127 -17.608996913464637
3128 -17.608996913476343
3129 -17.608996913484585
3130 -17.608996913490405
3131 -17.60899691350509
3132 -17.60899691351539
3133 -17.6089969135226
3134 -17.60899691352863
3135 -17.608996913538444
3136 -17.608996913547216
3137 -17.60899691355336
3138 -17.60899691355768
3139 -17.608996913564308
3140 -17.60899691357072
3141 -17.608996913575357
3142 -17.6089969135786
3143 -17.608996913584008
3144 -17.608996913589355
3145 -17.60899691359312
3146 -17.608996913595757
3147 -17.60899691359872
3148 -17.60899691360184
3149 -17.608996913604376
3150 -17.608996913606642
3151 -17.60899691360937
3152 -17.60899691361166
3153 -17.608996913613293
3154 -17.608996913615226
3155 -17.60899691361659
3156 -17.608996913617847
3157 -17.608996913619155
3158 -17.60899691362057
3159 -17.60899691362157
3160 -17.608996913622267
3161 -17.60899691362313
3162 -17.608996913623937
3163 -17.608996913624498
3164 -17.608996913625106
3165 -17.608996913626125
3166 -17.608996913626836
3167 -17.608996913627337
3168 -17.60899691362769
3169 -17.608996913628328
3170 -17.608996913628797
3171 -17.608996913629124
3172 -17.60899691362948
3173 -17.60914046140771
3174 -17.609306799975972
3175 -17.609358870910416
3176 -17.60940986823881
3177 -17.60954519135421
3178 -17.60963656716595
3179 -17.609707743937317
3180 -17.60980960695488
3181 -17.609879905292498
3182 -17.60992862121744
3183 -17.609984235545692
3184 -17.610061304424693
3185 -17.61011467889874
3186 -17.61020287794514
3187 -17.61027470334906
3188 -17.61032448320798
3189 -17.610360570037155
3190 -17.610404848523213
3191 -17.610443871873745
3192 -17.610487974266572
3193 -17.610530634638433
3194 -17.610562097291083
3195 -17.610585992683767
3196 -17.61061744990104
3197 -17.610642419573924
3198 -17.610671103377896
3199 -17.610693900452585
3200 -17.610709848494956
3201 -17.610724575239555
3202 -17.610740097768755
3203 -17.610757898236884
3204 -17.610772016537656
3205 -17.610783474496383
3206 -17.610795152637923
3207 -17.610809875507073
3208 -17.610820178018155
3209 -17.61082738806203
3210 -17.610832434252856
3211 -17.61084209146249
3212 -17.61085064933822
3213 -17.610856638661996
3214 -17.610863587338347
3215 -17.610870412522456
3216 -17.610875189423965
3217 -17.610878532898596
3218 -17.61088216453871
3219 -17.610886288609592
3220 -17.61089000208254
3221 -17.61089411000252
3222 -17.610896985271367
3223 -17.610898997824737
3224 -17.610900940245077
3225 -17.610903455485005
3226 -17.610905739407958
3227 -17.610908324771597
3228 -17.610910134421506
3229 -17.610911401125176
3230 -17.610912584507304
3231 -17.610915049254626
3232 -17.61091677448263
3233 -17.610917982095625
3234 -17.610919548730266
3235 -17.610921085242058
3236 -17.61092216076347
3237 -17.610922913610402
3238 -17.61092404803335
3239 -17.61092507832821
3240 -17.61092614952275
3241 -17.610926989313302
3242 -17.610927577155778
3243 -17.610928015535578
3244 -17.610928761122807
3245 -17.610929610551043
3246 -17.610930225086044
3247 -17.61093065525473
3248 -17.61093095636996
3249 -17.610931258143317
3250 -17.610931680755296
3251 -17.610931982342773
3252 -17.610932280785377
3253 -17.610932595304646
3254 -17.6109328154666
3255 -17.61093296957922
3256 -17.610933195492972
3257 -17.610933376343315
3258 -17.610933579435464
3259 -17.61093372952971
3260 -17.610933834595325
3261 -17.610934056159262
3262 -17.61093422412706
3263 -17.610934341704084
3264 -17.610934424007787
3265 -17.610934549460556
3266 -17.61093465135667
3267 -17.61093474434148
3268 -17.61093483026303
3269 -17.610934900585743
3270 -17.61093495905509
3271 -17.61093502980836
3272 -17.610935079335572
3273 -17.610935132542306
3274 -17.61093519333564
3275 -17.61093523987959
3276 -17.610935272460328
3277 -17.610935295266824
3278 -17.610935326023494
3279 -17.610935361734278
3280 -17.61093539175835
3281 -17.610935412775188
3282 -17.610935435467457
3283 -17.61093546571958
3284 -17.61093548967086
3285 -17.610935506436743
3286 -17.610935520658938
3287 -17.610935540510933
3288 -17.61093555529732
3289 -17.610935571073455
3290 -17.61093558297014
3291 -17.610935593418745
3292 -17.610935605621705
3293 -17.610935614528472
3294 -17.61093563057841
3295 -17.6109356428277
3296 -17.6109356514022
3297 -17.610935657404355
3298 -17.610935663149405
3299 -17.61093567015092
3300 -17.610935676793456
3301 -17.61093568427603
3302 -17.610935691144036
3303 -17.610935695951643
3304 -17.61093569931697
3305 -17.610935702344502
3306 -17.610935706750013
3307 -17.61093571047329
3308 -17.6109357137442
3309 -17.610935718063654
3310 -17.610935721486367
3311 -17.61093572388226
3312 -17.610935725559386
3313 -17.61093572826178
3314 -17.610935731076992
3315 -17.610935733358573
3316 -17.610935735029887
3317 -17.61093573635336
3318 -17.61093573774202
3319 -17.61093573962027
3320 -17.610935741083036
3321 -17.610935742106964
3322 -17.610935743068172
3323 -17.61093574412118
3324 -17.61093574507505
3325 -17.610935745915246
3326 -17.61093574662385
3327 -17.610935747412665
3328 -17.610935748120408
3329 -17.6109357487112
3330 -17.61093574929104
3331 -17.61093574982598
3332 -17.610935750200436
3333 -17.610935750730903
3334 -17.610935751618857
3335 -17.61093575230372
3336 -17.61093575278313
3337 -17.610935753118714
3338 -17.610935753500968
3339 -17.61093575397243
3340 -17.6109357543733
3341 -17.610935754680344
3342 -17.610935754961556
3343 -17.61093575538368
3344 -17.610935755780485
3345 -17.61093575605825
3346 -17.610935756325773
3347 -17.61093575665235
3348 -17.61093575688096
3349 -17.610935757041208
3350 -17.610935757287407
3351 -17.61093575748683
3352 -17.61093575764904
3353 -17.610935757938993
3354 -17.610935758141967
3355 -17.610935758284043
3356 -17.6109357583835
3357 -17.610935758588955
3358 -17.610935758769614
3359 -17.610935758896073
3360 -17.6109357590004
3361 -17.61093575908156
3362 -17.610935759185267
3363 -17.610935759290367
3364 -17.61093575939057
3365 -17.610935759462063
3366 -17.610935759551605
3367 -17.610935759624113
3368 -17.610935759681116
3369 -17.610935759742237
3370 -17.610935759792554
3371 -17.6109357598522
3372 -17.61093575989923
3373 -17.610935759932147
3374 -17.61093575996736
3375 -17.610935760010662
3376 -17.610935760040974
3377 -17.61093576008051
3378 -17.6109357601092
3379 -17.610935760129284
3380 -17.61093576014885
3381 -17.610935760178094
3382 -17.61093576020315
3383 -17.610935760220695
3384 -17.610935760238604
3385 -17.61093576025451
3386 -17.610935760267576
3387 -17.610935760282757
3388 -17.610935760297977
3389 -17.61093576031065
3390 -17.610935760319517
3391 -17.610935760332897
3392 -17.61093576034401
3393 -17.610935760351794
3394 -17.61093576035879
3395 -17.610935760367397
3396 -17.610935760373426
3397 -17.610935760380062
3398 -17.610935760387253
3399 -17.610935760393563
3400 -17.61093576039798
3401 -17.610935760402395
3402 -17.61093576040786
3403 -17.610935760411692
3404 -17.610935760414446
3405 -17.610935760419114
3406 -17.61093576042239
3407 -17.61093576042468
3408 -17.610935760427108
3409 -17.610935760429545
3410 -17.610935760432373
3411 -17.610935760434355
3412 -17.61093576043582
3413 -17.610935760437613
3414 -17.610935760439236
3415 -17.610935760441347
3416 -17.610935760443027
3417 -17.610935760444203
3418 -17.610935760445027
3419 -17.610935760445994
3420 -17.610935760447138
3421 -17.61093576044814
3422 -17.61093576044897
3423 -17.610935760449976
3424 -17.61093576045128
3425 -17.61093576045219
3426 -17.610935760452822
3427 -17.610935760453586
3428 -17.610935760454183
3429 -17.61093576045484
3430 -17.61093576045542
3431 -17.610935760455884
3432 -17.61093576045641
3433 -17.61093576045697
3434 -17.610935760457384
3435 -17.610935760457867
3436 -17.610935760458208
3437 -17.61093576045849
3438 -17.6109357604589
3439 -17.61093576045919
3440 -17.610935760459498
3441 -17.61093576045973
3442 -17.61093576045995
3443 -17.610935760460237
3444 -17.610935760460436
3445 -17.610935760460578
3446 -17.61093576046075
3447 -17.610935760460922
3448 -17.61093576046108
3449 -17.610935760461217
3450 -17.61093576046137
3451 -17.610935760461473
3452 -17.61093576046156
3453 -17.610935760461654
3454 -17.610935760461757
3455 -17.61093576046186
3456 -17.610935760461942
3457 -17.610935760462
3458 -17.610935760462066
3459 -17.610935760462116
3460 -17.61093576046218
3461 -17.61093576046223
3462 -17.610935760462286
3463 -17.61093576046234
3464 -17.61093576046238
3465 -17.61093576046244
3466 -17.610935760462482
3467 -17.610935760462514
3468 -17.610935760462553
3469 -17.610935760462592
3470 -17.610935760462624
3471 -17.610935760462652
3472 -17.610935760462684
3473 -17.61093576046271
3474 -17.610935760462734
3475 -17.610935760462755
3476 -17.610935760462777
3477 -17.610935760462795
3478 -17.61093576046281
3479 -17.610935760462826
3480 -17.61093576046284
3481 -17.610935760462855
3482 -17.61093576046287
3483 -17.610935760462883
3484 -17.610935760462894
3485 -17.610935760462898
3486 -17.61093576046292
3487 -17.610935760462926
3488 -17.610935760462937
3489 -17.61093576046294
3490 -17.610935760462947
3491 -17.610935760462954
3492 -17.61093576046296
3493 -17.610935760462965
3494 -17.61093576046297
3495 -17.610935760462976
3496 -17.610935760462983
3497 -17.610935760462983
3498 -17.61093576046299
3499 -17.610935760462993
3500 -17.610935760462997
3501 -17.610935760462997
3502 -17.610935760463004
3503 -17.610935760463004
3504 -17.610935760463008
3505 -17.610935760463008
3506 -17.61093576046301
3507 -17.61093576046302
3508 -17.61093576046302
3509 -17.61093576046302
3510 -17.610935760463022
3511 -17.610935760463022
3512 -17.610935760463025
3513 -17.610935760463025
3514 -17.610935760463033
3515 -17.610935760463033
3516 -17.610935760463033
3517 -17.610935760463036
3518 -17.610935760463036
3519 -17.610935760463036
3520 -17.61093576046304
3521 -17.61093576046304
3522 -17.61093576046304
3523 -17.61093576046304
3524 -17.61093576046304
3525 -17.610935760463047
3526 -17.610935760463047
3527 -17.610935760463047
3528 -17.610935760463047
3529 -17.610935760463047
3530 -17.610935760463047
3531 -17.610935760463047
3532 -17.610935760463047
3533 -17.61093576046305
3534 -17.61093576046305
3535 -17.61093576046305
3536 -17.61093576046305
3537 -17.61093576046305
3538 -17.61093576046305
3539 -17.61093576046305
3540 -17.61093576046305
3541 -17.61093576046305
3542 -17.61093576046305
3543 -17.61093576046305
3544 -17.61093576046305
3545 -17.61093576046305
3546 -17.61093576046305
3547 -17.61093576046305
3548 -17.61093576046305
3549 -17.61093576046305
3550 -17.61093576046305
3551 -17.61093576046305
3552 -17.61093576046305
3553 -17.61093576046305
3554 -17.61093576046305
3555 -17.61093576046305
3556 -17.61093576046305
3557 -17.61093576046305
3558 -17.61093576046305
3559 -17.61093576046305
3560 -17.61093576046305
3561 -17.61093576046305
3562 -17.61093576046305
3563 -17.61093576046305
3564 -17.61093576046305
3565 -17.61093576046305
3566 -17.61093576046305
3567 -17.61093576046305
3568 -17.61093576046305
3569 -17.61093576046305
3570 -17.61093576046305
3571 -17.61093576046305
3572 -17.61093576046305
3573 -17.61093576046305
3574 -17.61093576046305
3575 -17.61093576046305
3576 -17.61093576046305
3577 -17.61093576046305
3578 -17.61093576046305
3579 -17.61093576046305
3580 -17.61093576046305
3581 -17.61093576046305
3582 -17.61093576046305
3583 -17.61093576046305
3584 -17.61093576046305
3585 -17.61093576046305
3586 -17.61093576046305
3587 -17.61093576046305
3588 -17.61093576046305
3589 -17.61093576046305
3590 -17.61093576046305
3591 -17.61093576046305
3592 -17.61093576046305
3593 -17.61093576046305
3594 -17.61093576046305
3595 -17.61093576046305
3596 -17.61093576046305
3597 -17.61093576046305
3598 -17.61093576046305
3599 -17.61093576046305
3600 -17.61093576046305
3601 -17.61093576046305
3602 -17.61093576046305
3603 -17.61093576046305
3604 -17.61093576046305
3605 -17.61093576046305
3606 -17.61093576046305
3607 -17.61093576046305
3608 -17.61093576046305
3609 -17.61093576046305
3610 -17.61093576046305
3611 -17.61093576046305
3612 -17.61093576046305
3613 -17.61093576046305
3614 -17.61093576046305
3615 -17.61093576046305
3616 -17.61093576046305
3617 -17.61093576046305
3618 -17.61093576046305
3619 -17.61093576046305
3620 -17.61093576046305
3621 -17.61093576046305
3622 -17.61093576046305
3623 -17.61093576046305
3624 -17.61093576046305
3625 -17.61093576046305
3626 -17.61093576046305
3627 -17.61093576046305
3628 -17.61093576046305
3629 -17.61093576046305
3630 -17.61093576046305
3631 -17.61093576046305
3632 -17.61093576046305
3633 -17.61093576046305
3634 -17.61093576046305
3635 -17.61093576046305
3636 -17.61093576046305
3637 -17.61093576046305
3638 -17.61093576046305
3639 -17.61093576046305
3640 -17.61093576046305
3641 -17.61093576046305
3642 -17.61093576046305
3643 -17.61093576046305
3644 -17.61093576046305
3645 -17.61093576046305
3646 -17.61093576046305
3647 -17.61093576046305
3648 -17.61093576046305
3649 -17.61093576046305
3650 -17.61093576046305
3651 -17.61093576046305
3652 -17.61093576046305
3653 -17.61093576046305
3654 -17.61093576046305
3655 -17.61093576046305
3656 -17.61093576046305
3657 -17.61093576046305
3658 -17.61093576046305
3659 -17.61093576046305
3660 -17.61093576046305
3661 -17.61093576046305
3662 -17.61093576046305
3663 -17.61093576046305
3664 -17.61093576046305
3665 -17.61093576046305
3666 -17.61093576046305
3667 -17.61093576046305
3668 -17.61093576046305
3669 -17.61093576046305
3670 -17.61093576046305
3671 -17.61093576046305
3672 -17.61093576046305
3673 -17.61093576046305
3674 -17.61093576046305
3675 -17.61093576046305
3676 -17.61093576046305
3677 -17.61093576046305
3678 -17.61093576046305
3679 -17.61093576046305
3680 -17.61093576046305
3681 -17.61093576046305
3682 -17.61093576046305
3683 -17.61093576046305
3684 -17.61093576046305
3685 -17.61093576046305
3686 -17.61093576046305
3687 -17.61093576046305
3688 -17.61093576046305
3689 -17.61093576046305
3690 -17.61093576046305
3691 -17.61093576046305
3692 -17.61093576046305
3693 -17.61093576046305
3694 -17.61093576046305
3695 -17.61093576046305
3696 -17.61093576046305
3697 -17.61093576046305
3698 -17.61093576046305
3699 -17.61093576046305
3700 -17.61093576046305
3701 -17.61093576046305
3702 -17.61093576046305
3703 -17.61093576046305
3704 -17.61093576046305
3705 -17.61093576046305
3706 -17.61093576046305
3707 -17.61093576046305
3708 -17.61093576046305
3709 -17.61093576046305
3710 -17.61093576046305
3711 -17.61093576046305
3712 -17.61093576046305
3713 -17.61093576046305
3714 -17.61093576046305
3715 -17.61093576046305
3716 -17.61093576046305
3717 -17.61093576046305
3718 -17.61093576046305
3719 -17.61093576046305
3720 -17.61093576046305
3721 -17.61093576046305
3722 -17.61093576046305
3723 -17.61093576046305
3724 -17.61093576046305
3725 -17.61093576046305
3726 -17.61093576046305
3727 -17.61093576046305
3728 -17.61093576046305
3729 -17.61093576046305
3730 -17.61093576046305
3731 -17.61093576046305
3732 -17.61093576046305
3733 -17.61093576046305
3734 -17.61093576046305
3735 -17.61093576046305
3736 -17.61093576046305
3737 -17.61093576046305
3738 -17.61093576046305
3739 -17.61093576046305
3740 -17.61093576046305
3741 -17.61093576046305
3742 -17.61093576046305
3743 -17.61093576046305
3744 -17.61093576046305
3745 -17.61093576046305
3746 -17.61093576046305
3747 -17.61093576046305
3748 -17.61093576046305
3749 -17.61093576046305
3750 -17.61093576046305
3751 -17.61093576046305
3752 -17.61093576046305
3753 -17.61093576046305
3754 -17.61093576046305
3755 -17.61093576046305
3756 -17.61093576046305
3757 -17.61093576046305
3758 -17.61093576046305
3759 -17.61093576046305
3760 -17.61093576046305
3761 -17.61093576046305
3762 -17.61093576046305
3763 -17.61093576046305
3764 -17.61093576046305
3765 -17.61093576046305
3766 -17.61093576046305
3767 -17.61093576046305
3768 -17.61093576046305
3769 -17.61093576046305
3770 -17.61093576046305
3771 -17.61093576046305
3772 -17.61093576046305
3773 -17.61093576046305
3774 -17.61093576046305
3775 -17.61093576046305
3776 -17.61093576046305
3777 -17.61093576046305
3778 -17.61093576046305
3779 -17.61093576046305
3780 -17.61093576046305
3781 -17.61093576046305
3782 -17.61093576046305
3783 -17.61093576046305
3784 -17.61093576046305
3785 -17.61093576046305
3786 -17.61093576046305
3787 -17.61093576046305
3788 -17.61093576046305
3789 -17.61093576046305
3790 -17.61093576046305
3791 -17.61093576046305
3792 -17.61093576046305
3793 -17.61093576046305
3794 -17.61093576046305
3795 -17.61093576046305
3796 -17.61093576046305
3797 -17.61093576046305
3798 -17.61093576046305
3799 -17.61093576046305
3800 -17.61093576046305
3801 -17.61093576046305
3802 -17.61093576046305
3803 -17.61093576046305
3804 -17.61093576046305
3805 -17.61093576046305
3806 -17.61093576046305
3807 -17.61093576046305
3808 -17.61093576046305
3809 -17.61093576046305
3810 -17.61093576046305
3811 -17.61093576046305
3812 -17.61093576046305
3813 -17.61093576046305
3814 -17.61093576046305
3815 -17.61093576046305
3816 -17.61093576046305
3817 -17.61093576046305
3818 -17.61093576046305
3819 -17.61093576046305
3820 -17.61093576046305
3821 -17.61093576046305
3822 -17.61093576046305
3823 -17.61093576046305
3824 -17.61093576046305
3825 -17.61093576046305
3826 -17.61093576046305
3827 -17.61093576046305
3828 -17.61093576046305
3829 -17.61093576046305
3830 -17.61093576046305
3831 -17.61093576046305
3832 -17.61093576046305
3833 -17.61093576046305
3834 -17.61093576046305
3835 -17.61093576046305
3836 -17.61093576046305
3837 -17.61093576046305
3838 -17.61093576046305
3839 -17.61093576046305
3840 -17.61093576046305
3841 -17.61093576046305
3842 -17.61093576046305
3843 -17.61093576046305
3844 -17.61093576046305
3845 -17.61093576046305
3846 -17.61093576046305
3847 -17.61093576046305
3848 -17.61093576046305
3849 -17.61093576046305
3850 -17.61093576046305
3851 -17.61093576046305
3852 -17.61093576046305
3853 -17.61093576046305
3854 -17.61093576046305
3855 -17.61093576046305
3856 -17.61093576046305
3857 -17.61093576046305
3858 -17.61093576046305
3859 -17.61093576046305
3860 -17.61093576046305
3861 -17.61093576046305
3862 -17.61093576046305
3863 -17.61093576046305
3864 -17.61093576046305
3865 -17.61093576046305
3866 -17.61093576046305
3867 -17.61093576046305
3868 -17.61093576046305
3869 -17.61093576046305
3870 -17.61093576046305
3871 -17.61093576046305
3872 -17.61093576046305
3873 -17.61093576046305
3874 -17.61093576046305
3875 -17.61093576046305
3876 -17.61093576046305
3877 -17.61093576046305
3878 -17.61093576046305
3879 -17.61093576046305
3880 -17.61093576046305
3881 -17.61093576046305
3882 -17.61093576046305
3883 -17.61093576046305
3884 -17.61093576046305
3885 -17.61093576046305
3886 -17.61093576046305
3887 -17.61093576046305
3888 -17.61093576046305
3889 -17.61093576046305
3890 -17.61093576046305
3891 -17.61093576046305
3892 -17.61093576046305
3893 -17.61093576046305
3894 -17.61093576046305
3895 -17.61093576046305
3896 -17.61093576046305
3897 -17.61093576046305
3898 -17.61093576046305
3899 -17.61093576046305
3900 -17.61093576046305
3901 -17.61093576046305
3902 -17.61093576046305
3903 -17.61093576046305
3904 -17.61093576046305
3905 -17.61093576046305
3906 -17.61093576046305
3907 -17.61093576046305
3908 -17.61093576046305
3909 -17.61093576046305
3910 -17.61093576046305
3911 -17.61093576046305
3912 -17.61093576046305
3913 -17.61093576046305
3914 -17.61093576046305
3915 -17.61093576046305
3916 -17.61093576046305
3917 -17.61093576046305
3918 -17.61093576046305
3919 -17.61093576046305
3920 -17.61093576046305
3921 -17.61093576046305
3922 -17.61093576046305
3923 -17.61093576046305
3924 -17.61093576046305
3925 -17.61093576046305
3926 -17.61093576046305
3927 -17.61093576046305
3928 -17.61093576046305
3929 -17.61093576046305
3930 -17.61093576046305
3931 -17.61093576046305
3932 -17.61093576046305
3933 -17.61093576046305
3934 -17.61093576046305
3935 -17.61093576046305
3936 -17.61093576046305
3937 -17.61093576046305
3938 -17.61093576046305
3939 -17.61093576046305
3940 -17.61093576046305
3941 -17.61093576046305
3942 -17.61093576046305
3943 -17.61093576046305
3944 -17.61093576046305
3945 -17.61093576046305
3946 -17.61093576046305
3947 -17.61093576046305
3948 -17.61093576046305
3949 -17.61093576046305
3950 -17.61093576046305
3951 -17.61093576046305
3952 -17.61093576046305
3953 -17.61093576046305
3954 -17.61093576046305
3955 -17.61093576046305
3956 -17.61093576046305
3957 -17.61093576046305
3958 -17.61093576046305
3959 -17.61093576046305
3960 -17.61093576046305
3961 -17.61093576046305
3962 -17.61093576046305
3963 -17.61093576046305
3964 -17.61093576046305
3965 -17.61093576046305
3966 -17.61093576046305
3967 -17.61093576046305
3968 -17.61093576046305
3969 -17.61093576046305
3970 -17.61093576046305
3971 -17.61093576046305
3972 -17.61093576046305
3973 -17.61093576046305
3974 -17.61093576046305
3975 -17.61093576046305
3976 -17.61093576046305
3977 -17.61093576046305
3978 -17.61093576046305
3979 -17.61093576046305
3980 -17.61093576046305
3981 -17.61093576046305
3982 -17.61093576046305
3983 -17.61093576046305
3984 -17.61093576046305
3985 -17.61093576046305
3986 -17.61093576046305
3987 -17.61093576046305
3988 -17.61093576046305
3989 -17.61093576046305
3990 -17.61093576046305
3991 -17.61093576046305
3992 -17.61093576046305
3993 -17.61093576046305
3994 -17.61093576046305
3995 -17.61093576046305
3996 -17.61093576046305
3997 -17.61093576046305
3998 -17.61093576046305
3999 -17.61093576046305
4000 -17.61093576046305
