0 433.9953391633471
1 351.3289912366669
2 314.3266023835428
3 292.9916426497718
4 260.66484881981273
5 260.66484881981273
6 258.8735371060562
7 255.4689462939024
8 248.56511194817097
9 227.2225799690835
10 220.19441121719163
11 208.17717058443228
12 208.17717058443228
13 204.2912532176932
14 199.8202449963459
15 168.7855494490758
16 167.29236152557107
17 164.2866522262199
18 158.3560629417654
19 149.81837884125943
20 145.78364142878573
21 137.15174860732702
22 129.47405397714638
23 123.3161150481405
24 116.57195071896636
25 113.5782580532787
26 108.091983231727
27 104.51318857868803
28 101.36146252281809
29 98.7093536729506
30 95.14381191289579
31 91.60478695608099
32 88.82964306871209
33 86.49390398856285
34 84.56513206263278
35 82.82875356894428
36 81.33314273348613
37 80.05508076886944
38 78.42914171603378
39 76.75767012482709
40 75.44931695077689
41 74.72850777204333
42 73.15235525063603
43 72.32052033277905
44 71.78711746496664
45 71.19545391951958
46 69.81393647058344
47 69.38260241235996
48 68.49289089680553
49 67.88243798372623
50 67.45610342598256
51 67.03132919500143
52 66.68771368442948
53 66.37756722937083
54 65.98283900698853
55 65.36282942835221
56 64.83671394498657
57 64.4424203305789
58 64.17636338721276
59 63.862322714098546
60 63.62037614871175
61 63.38559637457189
62 63.08503117812152
63 62.84035781096802
64 62.62377457564164
65 62.44054448311842
66 61.98494104797214
67 61.48692935525281
68 61.21863257955181
69 60.8917059948696
70 60.69361705416592
71 60.52785324368434
72 60.33727507762122
73 60.184845926925085
74 59.94695263275671
75 59.699950216801824
76 59.472178040822335
77 59.314740908015175
78 59.166987181417845
79 59.05616902546291
80 58.98134206591129
81 58.83693047843506
82 58.73335583614445
83 58.663862089398755
84 58.55179879568851
85 58.404799345926314
86 58.262700407843134
87 58.15113621535087
88 58.07317144251488
89 58.01210013691235
90 57.95613321512425
91 57.90339643254949
92 57.84357072696823
93 57.79783438152585
94 57.761889377738406
95 57.72231004844641
96 57.685217236237825
97 57.65533191467
98 57.63119996073158
99 57.59701497426213
100 57.56623366149497
101 57.539749017379926
102 57.51495760374777
103 57.496105729449276
104 57.47497929749693
105 57.44403476315972
106 57.41115420094443
107 57.389981829214356
108 57.36592897610501
109 57.33560894850742
110 57.313197649660914
111 57.18304534641093
112 57.01290050884766
113 56.80225120767248
114 56.58566148979903
115 56.453835786354226
116 56.37116663383805
117 56.317401371744516
118 56.28135330429571
119 56.20961861057035
120 56.142302368556976
121 56.07260971865069
122 56.01969377477669
123 55.96733910598971
124 55.924699777011085
125 55.888127407869206
126 55.8540675532544
127 55.824069728110466
128 55.80271111881217
129 55.78499011759644
130 55.75910477120834
131 55.74163113514877
132 55.72950037378401
133 55.71980239247
134 55.70219397934071
135 55.64597909060249
136 55.637060062861714
137 55.628636072795565
138 55.604062106067296
139 55.58246430743011
140 55.56439752155973
141 55.55158546262203
142 55.54272787295607
143 55.528524844136804
144 55.51239137901541
145 55.500771369601296
146 55.492748748913925
147 55.48004020867728
148 55.4676857719975
149 55.45833407613645
150 55.4513483234335
151 55.44576393577984
152 55.43752787007342
153 55.430330994414966
154 55.42491875301827
155 55.421149062507006
156 55.41685116986321
157 55.41313119873246
158 55.409508898658544
159 55.406075194231995
160 55.40363312271376
161 55.40025780939671
162 55.39746452309479
163 55.395320139642344
164 55.39373373454214
165 55.39239428457328
166 55.39038861441785
167 55.38798813523041
168 55.38569183761962
169 55.38397061101864
170 55.38273978834923
171 55.381699386481785
172 55.380123015043864
173 55.378756794981484
174 55.37756177395833
175 55.376610290689406
176 55.375501207913295
177 55.37463906646849
178 55.37364042958154
179 55.37287501561209
180 55.37198308504287
181 55.37119753716318
182 55.370605847494325
183 55.3700367771018
184 55.36954610677079
185 55.36903919781872
186 55.368421642020394
187 55.36792928341303
188 55.36730108495402
189 55.36682550107298
190 55.36649220217737
191 55.36601484573083
192 55.36560273543754
193 55.365282555166424
194 55.364957028320454
195 55.3645153912103
196 55.36419148520715
197 55.36391996040184
198 55.363651112586126
199 55.3634442540941
200 55.363221156308384
201 55.36302396179906
202 55.362800694981864
203 55.36259528797367
204 55.36236811696464
205 55.362186047647334
206 55.36205653463293
207 55.361955198081
208 55.36183003182199
209 55.36173199750916
210 55.36161695038354
211 55.36145297626663
212 55.361312754680284
213 55.36121247831378
214 55.169073613214664
215 54.98304470377195
216 54.77751208438436
217 54.66291470036765
218 54.58910840356509
219 54.52023261213736
220 54.47618535337366
221 54.42330535330342
222 54.36459332661095
223 54.31325207596715
224 54.266041924082494
225 54.23250927982374
226 54.21321463803033
227 54.19568728170697
228 54.179009325526046
229 54.167137109057876
230 54.15164817000764
231 54.14054478911993
232 54.13040669723771
233 54.12166850212045
234 54.115641216084974
235 54.10899988539336
236 54.10122748656854
237 54.094664458526346
238 54.090139323288156
239 54.085792300959895
240 54.080709243289085
241 54.0765652634175
242 54.07361538667268
243 54.07156175450854
244 54.0692735258314
245 54.06699374177845
246 54.06515569422453
247 54.063640796159234
248 54.062154600014686
249 54.060659353615826
250 54.05922435026984
251 53.72667434795085
252 53.59737044154834
253 53.5953423467836
254 53.45757355021831
255 53.370021180063
256 53.29602527250241
257 53.23916445408196
258 53.20325734423286
259 53.13650382289978
260 53.062127034120785
261 53.00428867796389
262 52.95496399212502
263 52.914311230726845
264 52.860916654028415
265 52.81172860750062
266 52.77990738628457
267 52.75891663985294
268 52.730762931796335
269 52.70797330313991
270 52.68029795739405
271 52.66026200391254
272 52.64589414780227
273 52.63398193478893
274 52.62276983822212
275 52.6120576659711
276 52.586583614833366
277 52.509861656695286
278 52.45983472762102
279 52.42731291143465
280 52.40512914719627
281 52.38826963699967
282 52.37510322354668
283 52.351872149205825
284 52.32929759500653
285 52.31287327037285
286 52.30129740796152
287 52.28832244490894
288 52.272328250227396
289 52.26039578622666
290 52.24958476404036
291 52.240685481281766
292 52.233219522558215
293 52.22671888975126
294 52.22039123124023
295 52.21451109158708
296 52.20998647900577
297 52.205194473963935
298 52.20115481699579
299 52.197363223575074
300 52.19438596591584
301 52.19228618774864
302 52.18916864360074
303 52.18665090139704
304 52.184867438773246
305 52.183145458439505
306 52.18150836623018
307 52.18017234723353
308 52.1787885667365
309 52.17760013817409
310 52.176667657909775
311 52.17562510157179
312 52.17475040265331
313 52.17385373288391
314 52.172879464076026
315 52.17217613538912
316 52.17166201578815
317 52.171035715855375
318 52.17043521140122
319 52.16982314204083
320 52.169361473368745
321 52.16898843160411
322 52.16847811980781
323 52.16811578356737
324 52.16775295035567
325 52.167442918649634
326 52.16717290648332
327 52.16691911494255
328 52.166649608183285
329 52.16641327447879
330 52.166141366835255
331 52.165948628101965
332 52.16578524985022
333 52.165481977093826
334 52.165268776149865
335 52.165119559758615
336 52.164994588876745
337 52.16486094175099
338 52.164718093445686
339 52.16459018320584
340 52.164464805323995
341 52.16437450196207
342 52.164285530817835
343 52.164158787444386
344 52.1640619847665
345 52.163988346620975
346 52.16393335194541
347 52.16384689643371
348 52.163781423904915
349 52.1637221816074
350 52.163659733665725
351 52.16360612205725
352 52.16356346678244
353 52.16352781438972
354 52.16347942220949
355 52.163424574086854
356 52.163386074619645
357 52.16334913912715
358 52.16330952557829
359 52.16328163326432
360 52.16324533874299
361 52.16321333787702
362 52.163190797628694
363 52.16316785915931
364 52.163140937843856
365 52.163120392063014
366 52.16310099070146
367 52.163083101768336
368 52.16306334670753
369 52.16304738671354
370 52.16303148369561
371 52.163012867102985
372 52.16299978347007
373 52.16298387487452
374 52.16296769230115
375 52.162956336152604
376 52.16294827226945
377 52.16293431734243
378 52.1629232909803
379 52.16291556576406
380 52.16290834146605
381 52.16290107407764
382 52.16289488783775
383 52.162886241396826
384 52.16287933762012
385 52.16287448187438
386 52.162869666797576
387 52.162864352266524
388 52.16286041559378
389 52.16285590920072
390 52.16285192814026
391 52.16284901185916
392 52.16284584417821
393 52.162842486906584
394 52.162838995732365
395 52.16283553369997
396 52.16283299068082
397 52.162831209356874
398 52.162829400902545
399 52.16282666562546
400 52.162824377156596
401 52.16282245650427
402 52.162820674615965
403 52.162818996082855
404 52.16281707918737
405 52.14677421120484
406 52.12750502014247
407 52.10477440886874
408 52.089840475839445
409 52.07986678765773
410 52.0731206191958
411 52.06768814312079
412 52.055589612801384
413 52.04394818033768
414 52.00077925230293
415 51.9554605443113
416 51.90629333182577
417 51.872154246530535
418 51.84715420606765
419 51.8249108806834
420 51.80848072233736
421 51.7894441629817
422 51.75720938660218
423 51.72298211012787
424 51.69725325270499
425 51.678994220238735
426 51.66635572922348
427 51.65343399232925
428 51.6310689819172
429 51.61132196231571
430 51.59742794867511
431 51.58772759938944
432 51.577925756299635
433 51.56729966909965
434 51.557175804260645
435 51.54774063476183
436 51.540759216504604
437 51.533796946630694
438 51.524524949123055
439 51.51642987392032
440 51.51064104886863
441 51.506366801541844
442 51.50138783766388
443 51.49662955623226
444 51.49062246459209
445 51.485992092323045
446 51.48268756782611
447 51.47880862019099
448 51.473609523316235
449 51.46987295738853
450 51.46667728848087
451 51.4638303744044
452 51.46120014163773
453 51.45905526965845
454 51.456447389932634
455 51.45330686685268
456 51.451057989761864
457 51.44921694949485
458 51.447036809432895
459 51.445346367513196
460 51.443738706822465
461 51.44233988069285
462 51.4412536016693
463 51.43983570280665
464 51.43852644740796
465 51.43729959890476
466 51.43630913918353
467 51.435608899483725
468 51.43444676511533
469 51.43347058486163
470 51.43277991523115
471 51.43226122444688
472 51.431255074312084
473 51.43043518397858
474 51.42985426294617
475 51.42941887754571
476 51.428839648170516
477 51.42820980672408
478 51.42771703309645
479 51.427364233957405
480 51.427104936945476
481 51.426730313520714
482 51.42621437793493
483 51.42577290095903
484 51.42545237126247
485 51.4251406911506
486 51.42473088923018
487 51.42444166965362
488 51.42422854848885
489 51.42391536371216
490 51.42367631890338
491 51.42348444822331
492 51.423302794660856
493 51.42313164396469
494 51.422963428270045
495 51.42279773367227
496 51.42261369688638
497 51.42248487739979
498 51.42231272181366
499 51.42218518293466
500 51.42208562689956
501 51.421990845143604
502 51.421917616406425
503 51.42182039910716
504 51.42174461763502
505 51.42167966320867
506 51.42161447472764
507 51.42153892907413
508 51.421473167657986
509 51.421425712693654
510 51.42136787695794
511 51.421318041093436
512 51.42126289682026
513 51.42121111901614
514 51.42117487504947
515 51.42114950451063
516 51.42111758894799
517 51.42108881688117
518 51.42106548846533
519 51.421042543078705
520 51.4210206982627
521 51.42100023572173
522 51.42098379753497
523 51.42096929257227
524 51.420950537899124
525 51.4209315728825
526 51.42091829376443
527 51.42090882540958
528 51.42089621372836
529 51.420886364027844
530 51.420872276389126
531 51.42086238926972
532 51.42085532636355
533 51.42084695844056
534 51.42083865671742
535 51.420832845522625
536 51.42082550378891
537 51.42081943930248
538 51.42081353966031
539 51.42080799630437
540 51.42080334475944
541 51.420799000884394
542 51.420794240887176
543 51.42079075339242
544 51.42078776121499
545 51.420784109630404
546 51.42078147756947
547 51.42077906955598
548 51.420776779385356
549 51.42077435786346
550 51.42077260046246
551 51.420770513837
552 51.42076878935152
553 51.42076753046897
554 51.42076609115679
555 51.42076480983335
556 51.42076391044736
557 51.42076309674936
558 51.42076219036452
559 51.42076133887332
560 51.42076066030256
561 51.420759726691664
562 51.420759039778204
563 51.420758532549065
564 51.42075765904669
565 51.42075659770671
566 51.420755854768835
567 51.420755324892106
568 51.420754945773716
569 51.420754501504554
570 51.42075396601532
571 51.42075336600061
572 51.42075294430847
573 51.42075264023771
574 51.42075217728603
575 51.42075173821087
576 51.420751420981254
577 51.42075095522483
578 51.42075059797579
579 51.420750345474026
580 51.42075016426395
581 51.42074994928468
582 51.420749535012554
583 51.42074923429408
584 51.420749023791075
585 51.420748873909645
586 51.42074867838645
587 51.420748480971874
588 51.42074832924745
589 51.4207480515931
590 51.42074782272649
591 51.42074766199895
592 51.420747549489626
593 51.4207473299193
594 51.42074714494331
595 51.42074701367229
596 51.42074691278511
597 51.42074678550281
598 51.42074669484299
599 51.42074657834983
600 51.42074646824276
601 51.42074632778448
602 51.42074622858602
603 51.4197337328283
604 51.385133318491626
605 51.363237642917305
606 51.34870903815452
607 51.33899893086423
608 51.33253232789743
609 51.32816770190035
610 51.32159519189827
611 51.31132667723324
612 51.302746586235095
613 51.29617882974037
614 51.290019282871505
615 51.28517941457727
616 51.28100009090772
617 51.276415871536166
618 51.272637038543415
619 51.26998551264338
620 51.267008265582014
621 51.26429839967428
622 51.262413105444125
623 51.26061232895196
624 51.258546710408496
625 51.257000965231896
626 51.2559182302727
627 51.254832692326126
628 51.25375457227335
629 51.25215765305658
630 51.251043041061585
631 51.250264398609396
632 51.249720126139096
633 51.24920728538884
634 51.2484621703004
635 51.247861836714414
636 51.24737477981993
637 51.24694931685158
638 51.24640115537037
639 51.245909783523096
640 51.245566246160706
641 51.24531799937771
642 51.24493486597066
643 51.24466707975116
644 51.244428394800345
645 51.24419350824379
646 51.24402923826532
647 51.24385012321037
648 51.24367613358771
649 51.243539180899155
650 51.24340692860111
651 51.24325665796378
652 51.24310135331541
653 51.24297661040256
654 51.24288933738327
655 51.24280113036389
656 51.24270221759758
657 51.24261325696667
658 51.24255101665369
659 51.242487604518566
660 51.24239916329126
661 51.242322128377644
662 51.24226822528781
663 51.24222274314197
664 51.24215601567511
665 51.24210514624328
666 51.24205310741356
667 51.24200760508188
668 51.24196638004895
669 51.24193752912288
670 51.241891020932066
671 51.24184082241518
672 51.24180569325665
673 51.24178110780662
674 51.241743620755436
675 51.24171271379197
676 51.241690204524275
677 51.24166838973008
678 51.241653121420065
679 51.241627072003475
680 51.24160699283294
681 51.241592789071454
682 51.241579190311846
683 51.241555572594166
684 51.241537711179205
685 51.24152520950363
686 51.24151645889729
687 51.241501661563575
688 51.24149073105667
689 51.24148308016987
690 51.241475486791295
691 51.24146256545538
692 51.24145352106003
693 51.241447190306076
694 51.24144088358448
695 51.24143496828302
696 51.241427428723874
697 51.24142215122589
698 51.24141583899393
699 51.2414111046805
700 51.24140779072576
701 51.2414039313886
702 51.2414002990601
703 51.24139609623669
704 51.24139315432861
705 51.24139083100437
706 51.24138748097488
707 51.24138513052566
708 51.24138348521391
709 51.24138181261471
710 51.24137963362788
711 51.24137792222691
712 51.241376724257655
713 51.24137572734541
714 51.24137432971827
715 51.24137217601977
716 51.24137047367494
717 51.24136928203467
718 51.241368447890956
719 51.24136770974494
720 51.24136633121973
721 51.241365366251785
722 51.241364329680096
723 51.241363509267124
724 51.241362934973516
725 51.24136215791962
726 51.24136139777753
727 51.24136039612919
728 51.24135954503887
729 51.241358949277505
730 51.24135853224345
731 51.24135818782747
732 51.24135744931149
733 51.241356836884485
734 51.241356408185936
735 51.24135610809515
736 51.24135582073842
737 51.241355400361705
738 51.24135507007569
739 51.241354739974476
740 51.24135450155054
741 51.241354307456994
742 51.24135406101309
743 51.241353830958
744 51.241353653559145
745 51.241353414421575
746 51.241353125166675
747 51.24135292268778
748 51.2413527809515
749 51.24135265007095
750 51.2413524920561
751 51.2413523814454
752 51.241352258719644
753 51.241352099039716
754 51.241351987263464
755 51.24135187194994
756 51.241351781843036
757 51.241351685835184
758 51.24135160577913
759 51.24135151664071
760 51.23642107630493
761 51.17136974162289
762 51.12822936728526
763 51.099777270079265
764 51.0810693261087
765 51.06856639309598
766 51.05688317388714
767 51.03951212598732
768 51.01678162822193
769 50.99207168252489
770 50.976003649350105
771 50.96220018406431
772 50.95178696819846
773 50.93919152229049
774 50.92355861297536
775 50.912893423467345
776 50.88362504426093
777 50.87663087192605
778 50.85629419266096
779 50.838332744818274
780 50.827923799043994
781 50.820053108527986
782 50.81239691703119
783 50.804593597264066
784 50.797468248075084
785 50.79117280813235
786 50.78641846993937
787 50.77841500473604
788 50.770895132476085
789 50.76549981290642
790 50.76100335797594
791 50.75740896186428
792 50.754530709299026
793 50.75197850053701
794 50.748648006533095
795 50.74557962367478
796 50.743104168742356
797 50.74122432426483
798 50.73962299805331
799 50.737793759736086
800 50.73606006659818
801 50.73485029002916
802 50.73381507130821
803 50.73280869557967
804 50.731907506168604
805 50.730916891099504
806 50.73015671615487
807 50.729449118708715
808 50.72888049772653
809 50.72827621045828
810 50.72783738556319
811 50.72734889500256
812 50.72694112506186
813 50.726475064627984
814 50.72608644555968
815 50.72573334898143
816 50.725465699285415
817 50.725125268233
818 50.724814081312694
819 50.72455123557935
820 50.724284517290506
821 50.72405120884908
822 50.72380395628073
823 50.72359909481569
824 50.72341974791831
825 50.72327104439503
826 50.72310919163706
827 50.72295038429102
828 50.72279118389014
829 50.722660496422826
830 50.722549690222785
831 50.722425572237206
832 50.72230553297345
833 50.72220120351799
834 50.722125640801494
835 50.72205919188076
836 50.721964361030246
837 50.721880157061946
838 50.72181493308833
839 50.72175944493205
840 50.72171185832766
841 50.72165504265261
842 50.721608134439215
843 50.72155765136483
844 50.721513659056825
845 50.72148050827394
846 50.72144332131334
847 50.721406812049224
848 50.721376899542314
849 50.7213465477594
850 50.72132318311245
851 50.72129679011283
852 50.7212712589505
853 50.721245783694485
854 50.72121467307441
855 50.721192897583784
856 50.72117765569254
857 50.721159761155796
858 50.72113883576183
859 50.721123572061856
860 50.72110877663058
861 50.72109707495696
862 50.72107923422842
863 50.72106556714755
864 50.721048795305855
865 50.721033972370265
866 50.72102145486741
867 50.72101245447468
868 50.72100080776446
869 50.72098982610083
870 50.7209796260442
871 50.72097124804062
872 50.7209627482296
873 50.72095515347136
874 50.720947277104436
875 50.72093967613796
876 50.72093435556199
877 50.72092932285185
878 50.72092466705069
879 50.72091914835661
880 50.72091447771792
881 50.72091113850644
882 50.720907210046825
883 50.720902829887166
884 50.720899737311164
885 50.72089702642533
886 50.72089447992986
887 50.72089142360784
888 50.72088854572672
889 50.720886530137875
890 50.72088436385229
891 50.72088253970278
892 50.72088054877421
893 50.72087865415409
894 50.72087675566303
895 50.72087535133263
896 50.72087409651035
897 50.72087278930193
898 50.720871615353396
899 50.72087057167298
900 50.72086960941673
901 50.72086874029719
902 50.720867946126475
903 50.72086726245178
904 50.72086626494198
905 50.72086535050062
906 50.720864548900785
907 50.72086398778197
908 50.720863543388475
909 50.72086289554943
910 50.72086227970402
911 50.72086178137713
912 50.72086132216547
913 50.72086085389238
914 50.72086036573427
915 50.72085977360848
916 50.72085935912122
917 50.72085900019177
918 50.72085866736777
919 50.72085834140845
920 50.72085806459645
921 50.72085779334208
922 50.72085750397836
923 50.72085718595224
924 50.720856918229664
925 50.72085668073438
926 50.72085651448774
927 50.72085632871799
928 50.72085613506196
929 50.72085595059406
930 50.72085580352848
931 50.720855668667184
932 50.72085555639732
933 50.720855433637574
934 50.72085523332564
935 50.72085508919472
936 50.72085498830311
937 50.72085491767899
938 50.72085483341169
939 50.72085470369925
940 50.72085460883837
941 50.72085454243584
942 50.720854490639816
943 50.720854413281586
944 50.72085434019075
945 50.72085428659731
946 50.7208542357557
947 50.72085418856534
948 50.72085413788898
949 50.72085410241556
950 50.7208540670408
951 50.72085402828586
952 50.72085398632563
953 50.720853955526
954 50.72085392653745
955 50.72085388624466
956 50.72085384884601
957 50.72085382266689
958 50.72085380434155
959 50.720853780413826
960 50.72085376094651
961 50.72085373885246
962 50.720853721788274
963 50.720853701482724
964 50.72085368381704
965 50.720853671102326
966 50.72085365600649
967 50.72085364310427
968 50.72085363114555
969 50.72085362052591
970 50.72085361108549
971 50.72085360061683
972 50.72085359168822
973 50.72085358222072
974 50.72085357438724
975 50.720853568761775
976 50.72085355914199
977 50.720853552401344
978 50.72085354572348
979 50.72085354100333
980 50.72085353606892
981 50.72085352947247
982 50.720853524668144
983 50.72085352116577
984 50.72085351762255
985 50.72085351376504
986 50.72085351047334
987 50.72085350675187
988 50.720853503617455
989 50.720853500923
990 50.72085349876528
991 50.720853496930125
992 50.72085349446456
993 50.72085349260457
994 50.72085349050892
995 50.72085348861392
996 50.72085348694096
997 50.72085348549439
998 50.720853484117356
999 50.720853482571556
1000 50.72085348130086
1001 50.72085348019323
1002 50.72085347903678
1003 50.72085347814696
1004 50.72085347714278
1005 50.72085347625682
1006 50.72085347550734
1007 50.72085347443302
1008 50.72085347353342
1009 50.720853472903705
1010 50.72085347224701
1011 50.720853471592704
1012 50.72085347113466
1013 50.72085347066079
1014 50.72085347004619
1015 50.720853469576696
1016 50.72085346917354
1017 50.72085346872941
1018 50.720853468322254
1019 50.72085346794112
1020 50.720853467584504
1021 50.72085346727081
1022 50.72085346701696
1023 50.720853466833546
1024 50.72085346658199
1025 50.720853466293384
1026 50.72085346600519
1027 50.72085346579363
1028 50.72085346557865
1029 50.720853465395656
1030 50.720853465225616
1031 50.720853464967966
1032 50.720853464742355
1033 50.7208534645844
1034 50.72085346446645
1035 50.720853464275194
1036 50.720853464098184
1037 50.72085346395399
1038 50.720853463804055
1039 50.720853463652624
1040 50.72085346352761
1041 50.72085346341083
1042 50.72085346329612
1043 50.72085346319452
1044 50.720853463089384
1045 50.72085346301176
1046 50.72085346289477
1047 50.720853462797265
1048 50.72085346270777
1049 50.720853462617015
1050 50.720853462553485
1051 50.72085346249842
1052 50.720853462431876
1053 50.72085346236715
1054 50.72085346231211
1055 50.720853462269474
1056 50.72085346222392
1057 50.72085346217309
1058 50.72085346213521
1059 50.72085346209641
1060 50.720853462043124
1061 50.72085346200547
1062 50.72085346197908
1063 50.720853461950924
1064 50.720853461925934
1065 50.720853461893775
1066 50.720853461863875
1067 50.720853461836874
1068 50.72085346181797
1069 50.72085346179805
1070 50.72085346177901
1071 50.7208534617551
1072 50.7208534617281
1073 50.72085346170919
1074 50.72085346169596
1075 50.72085346168615
1076 50.72085346167169
1077 50.72085346165712
1078 50.72085346164457
1079 50.72085346163319
1080 50.720853461624564
1081 50.72085346161371
1082 50.720853461603475
1083 50.72085346159512
1084 50.720853461586785
1085 50.72085346158051
1086 50.72085346157468
1087 50.72085346156814
1088 50.720853461563046
1089 50.72085346155776
1090 50.72085346155226
1091 50.72085346154819
1092 50.720853461544834
1093 50.72085346154125
1094 50.72085346153839
1095 50.720853461535285
1096 50.72085346153216
1097 50.72085346152996
1098 50.720853461528144
1099 50.720853461526325
1100 50.72085346152401
1101 50.72085346152202
1102 50.72085346152047
1103 50.720853461518914
1104 50.7208534615174
1105 50.720853461516185
1106 50.72085346151491
1107 50.72085346151372
1108 50.72085346151257
1109 50.72085346151133
1110 50.720853461510046
1111 50.720853461508945
1112 50.72085346150794
1113 50.72085346150718
1114 50.72085346150656
1115 50.72085346150569
1116 50.72085346150478
1117 50.720853461504056
1118 50.72085346150345
1119 50.72085346150285
1120 50.72085346150234
1121 50.72085346150169
1122 50.72085346150112
1123 50.720853461500745
1124 50.720853461500404
1125 50.72085346149991
1126 50.72085346149945
1127 50.7208534614991
1128 50.72085346149879
1129 50.72085346149845
1130 50.72085346149819
1131 50.72085346149794
1132 50.72085346149769
1133 50.72085346149735
1134 50.72085346149711
1135 50.720853461496894
1136 50.72085346149669
1137 50.72085346149652
1138 50.72085346149635
1139 50.7208534614962
1140 50.720853461496006
1141 50.72085346149589
1142 50.720853461495686
1143 50.72085346149561
1144 50.72085346149546
1145 50.72085346149536
1146 50.720853461495246
1147 50.72085346149515
1148 50.72085346149504
1149 50.72085346149496
1150 50.72085346149489
1151 50.72085346149478
1152 50.72085346149472
1153 50.72085346149466
1154 50.72085346149462
1155 50.72085346149456
1156 50.72085346149451
1157 50.72085346149445
1158 50.72085346149438
1159 50.720853461494336
1160 50.7208534614943
1161 50.72085346149428
1162 50.720853461494265
1163 50.720853461494244
1164 50.72085346149422
1165 50.72085346149421
1166 50.72085346149419
1167 50.72085346149419
1168 50.72085346149419
1169 50.72085346149419
1170 50.72085346149419
1171 50.72085346149419
1172 50.72085346149419
1173 50.72085346149419
1174 50.72085346149419
1175 50.72085346149419
1176 50.72085346149419
1177 50.72085346149419
1178 50.72085346149419
1179 50.72085346149419
1180 50.72085346149419
1181 50.72085346149419
1182 50.72085346149419
1183 50.72085346149419
1184 50.72085346149419
1185 50.72085346149419
1186 50.72085346149419
1187 50.72085346149419
1188 50.72085346149419
1189 50.72085346149419
1190 50.72085346149419
1191 50.72085346149419
1192 50.72085346149419
1193 50.72085346149419
1194 50.72085346149419
1195 50.72085346149419
1196 50.72085346149419
1197 50.72085346149419
1198 50.72085346149419
1199 50.72085346149419
1200 50.72085346149419
1201 50.72085346149419
1202 50.72085346149419
1203 50.72085346149419
1204 50.72085346149419
1205 50.72085346149419
1206 50.72085346149419
1207 50.72085346149419
1208 50.72085346149419
1209 50.72085346149419
1210 50.72085346149419
1211 50.72085346149419
1212 50.72085346149419
1213 50.72085346149419
1214 50.72085346149419
1215 50.72085346149419
1216 50.72085346149419
1217 50.72085346149419
1218 50.72085346149419
1219 50.72085346149419
1220 50.72085346149419
1221 50.72085346149419
1222 50.72085346149419
1223 50.72085346149419
1224 50.72085346149419
1225 50.72085346149419
1226 50.72085346149419
1227 50.72085346149419
1228 50.72085346149419
1229 50.72085346149419
1230 50.72085346149419
1231 50.72085346149419
1232 50.72085346149419
1233 50.72085346149419
1234 50.72085346149419
1235 50.72085346149419
1236 50.72085346149419
1237 50.72085346149419
1238 50.72085346149419
1239 50.72085346149419
1240 50.72085346149419
1241 50.72085346149419
1242 50.72085346149419
1243 50.72085346149419
1244 50.72085346149419
1245 50.72085346149419
1246 50.72085346149419
1247 50.72085346149419
1248 50.72085346149419
1249 50.72085346149419
1250 50.72085346149419
1251 50.72085346149419
1252 50.72085346149419
1253 50.72085346149419
1254 50.72085346149419
1255 50.72085346149419
1256 50.72085346149419
1257 50.72085346149419
1258 50.72085346149419
1259 50.72085346149419
1260 50.72085346149419
1261 50.72085346149419
1262 50.72085346149419
1263 50.72085346149419
1264 50.72085346149419
1265 50.72085346149419
1266 50.72085346149419
1267 50.72085346149419
1268 50.72085346149419
1269 50.72085346149419
1270 50.72085346149419
1271 50.72085346149419
1272 50.72085346149419
1273 50.72085346149419
1274 50.72085346149419
1275 50.72085346149419
1276 50.72085346149419
1277 50.72085346149419
1278 50.72085346149419
1279 50.72085346149419
1280 50.72085346149419
1281 50.72085346149419
1282 50.72085346149419
1283 50.72085346149419
1284 50.72085346149419
1285 50.72085346149419
1286 50.72085346149419
1287 50.72085346149419
1288 50.72085346149419
1289 50.72085346149419
1290 50.72085346149419
1291 50.72085346149419
1292 50.72085346149419
1293 50.72085346149419
1294 50.72085346149419
1295 50.72085346149419
1296 50.72085346149419
1297 50.72085346149419
1298 50.72085346149419
1299 50.72085346149419
1300 50.72085346149419
1301 50.72085346149419
1302 50.72085346149419
1303 50.72085346149419
1304 50.72085346149419
1305 50.72085346149419
1306 50.72085346149419
1307 50.72085346149419
1308 50.72085346149419
1309 50.72085346149419
1310 50.72085346149419
1311 50.72085346149419
1312 50.72085346149419
1313 50.72085346149419
1314 50.72085346149419
1315 50.72085346149419
1316 50.72085346149419
1317 50.72085346149419
1318 50.72085346149419
1319 50.72085346149419
1320 50.72085346149419
1321 50.72085346149419
1322 50.72085346149419
1323 50.72085346149419
1324 50.72085346149419
1325 50.72085346149419
1326 50.72085346149419
1327 50.72085346149419
1328 50.72085346149419
1329 50.72085346149419
1330 50.72085346149419
1331 50.72085346149419
1332 50.72085346149419
1333 50.72085346149419
1334 50.72085346149419
1335 50.72085346149419
1336 50.72085346149419
1337 50.72085346149419
1338 50.72085346149419
1339 50.72085346149419
1340 50.72085346149419
1341 50.72085346149419
1342 50.72085346149419
1343 50.72085346149419
1344 50.72085346149419
1345 50.72085346149419
1346 50.72085346149419
1347 50.72085346149419
1348 50.72085346149419
1349 50.72085346149419
1350 50.72085346149419
1351 50.72085346149419
1352 50.72085346149419
1353 50.72085346149419
1354 50.72085346149419
1355 50.72085346149419
1356 50.72085346149419
1357 50.72085346149419
1358 50.72085346149419
1359 50.72085346149419
1360 50.72085346149419
1361 50.72085346149419
1362 50.72085346149419
1363 50.72085346149419
1364 50.72085346149419
1365 50.72085346149419
1366 50.72085346149419
1367 50.72085346149419
1368 50.72085346149419
1369 50.72085346149419
1370 50.72085346149419
1371 50.72085346149419
1372 50.72085346149419
1373 50.72085346149419
1374 50.72085346149419
1375 50.72085346149419
1376 50.72085346149419
1377 50.72085346149419
1378 50.72085346149419
1379 50.72085346149419
1380 50.72085346149419
1381 50.72085346149419
1382 50.72085346149419
1383 50.72085346149419
1384 50.72085346149419
1385 50.72085346149419
1386 50.72085346149419
1387 50.72085346149419
1388 50.72085346149419
1389 50.72085346149419
1390 50.72085346149419
1391 50.72085346149419
1392 50.72085346149419
1393 50.72085346149419
1394 50.72085346149419
1395 50.72085346149419
1396 50.72085346149419
1397 50.72085346149419
1398 50.72085346149419
1399 50.72085346149419
1400 50.72085346149419
1401 50.72085346149419
1402 50.72085346149419
1403 50.72085346149419
1404 50.72085346149419
1405 50.72085346149419
1406 50.72085346149419
1407 50.72085346149419
1408 50.72085346149419
1409 50.72085346149419
1410 50.72085346149419
1411 50.72085346149419
1412 50.72085346149419
1413 50.72085346149419
1414 50.72085346149419
1415 50.72085346149419
1416 50.72085346149419
1417 50.72085346149419
1418 50.72085346149419
1419 50.72085346149419
1420 50.72085346149419
1421 50.72085346149419
1422 50.72085346149419
1423 50.72085346149419
1424 50.72085346149419
1425 50.72085346149419
1426 50.72085346149419
1427 50.72085346149419
1428 50.72085346149419
1429 50.72085346149419
1430 50.72085346149419
1431 50.72085346149419
1432 50.72085346149419
1433 50.72085346149419
1434 50.72085346149419
1435 50.72085346149419
1436 50.72085346149419
1437 50.72085346149419
1438 50.72085346149419
1439 50.72085346149419
1440 50.72085346149419
1441 50.72085346149419
1442 50.72085346149419
1443 50.72085346149419
1444 50.72085346149419
1445 50.72085346149419
1446 50.72085346149419
1447 50.72085346149419
1448 50.72085346149419
1449 50.72085346149419
1450 50.72085346149419
1451 50.72085346149419
1452 50.72085346149419
1453 50.72085346149419
1454 50.72085346149419
1455 50.72085346149419
1456 50.72085346149419
1457 50.72085346149419
1458 50.72085346149419
1459 50.72085346149419
1460 50.72085346149419
1461 50.72085346149419
1462 50.72085346149419
1463 50.72085346149419
1464 50.72085346149419
1465 50.72085346149419
1466 50.72085346149419
1467 50.72085346149419
1468 50.72085346149419
1469 50.72085346149419
1470 50.72085346149419
1471 50.72085346149419
1472 50.72085346149419
1473 50.72085346149419
1474 50.72085346149419
1475 50.72085346149419
1476 50.72085346149419
1477 50.72085346149419
1478 50.72085346149419
1479 50.72085346149419
1480 50.72085346149419
1481 50.72085346149419
1482 50.72085346149419
1483 50.72085346149419
1484 50.72085346149419
1485 50.72085346149419
1486 50.72085346149419
1487 50.72085346149419
1488 50.72085346149419
1489 50.72085346149419
1490 50.72085346149419
1491 50.72085346149419
1492 50.72085346149419
1493 50.72085346149419
1494 50.72085346149419
1495 50.72085346149419
1496 50.72085346149419
1497 50.72085346149419
1498 50.72085346149419
1499 50.72085346149419
1500 50.72085346149419
1501 50.72085346149419
1502 50.72085346149419
1503 50.72085346149419
1504 50.72085346149419
1505 50.72085346149419
1506 50.72085346149419
1507 50.72085346149419
1508 50.72085346149419
1509 50.72085346149419
1510 50.72085346149419
1511 50.72085346149419
1512 50.72085346149419
1513 50.72085346149419
1514 50.72085346149419
1515 50.72085346149419
1516 50.72085346149419
1517 50.72085346149419
1518 50.72085346149419
1519 50.72085346149419
1520 50.72085346149419
1521 50.72085346149419
1522 50.72085346149419
1523 50.72085346149419
1524 50.72085346149419
1525 50.72085346149419
1526 50.72085346149419
1527 50.72085346149419
1528 50.72085346149419
1529 50.72085346149419
1530 50.72085346149419
1531 50.72085346149419
1532 50.72085346149419
1533 50.72085346149419
1534 50.72085346149419
1535 50.72085346149419
1536 50.72085346149419
1537 50.72085346149419
1538 50.72085346149419
1539 50.72085346149419
1540 50.72085346149419
1541 50.72085346149419
1542 50.72085346149419
1543 50.72085346149419
1544 50.72085346149419
1545 50.72085346149419
1546 50.72085346149419
1547 50.72085346149419
1548 50.72085346149419
1549 50.72085346149419
1550 50.72085346149419
1551 50.72085346149419
1552 50.72085346149419
1553 50.72085346149419
1554 50.72085346149419
1555 50.72085346149419
1556 50.72085346149419
1557 50.72085346149419
1558 50.72085346149419
1559 50.72085346149419
1560 50.72085346149419
1561 50.72085346149419
1562 50.72085346149419
1563 50.72085346149419
1564 50.72085346149419
1565 50.72085346149419
1566 50.72085346149419
1567 50.72085346149419
1568 50.72085346149419
1569 50.72085346149419
1570 50.72085346149419
1571 50.72085346149419
1572 50.72085346149419
1573 50.72085346149419
1574 50.72085346149419
1575 50.72085346149419
1576 50.72085346149419
1577 50.72085346149419
1578 50.72085346149419
1579 50.72085346149419
1580 50.72085346149419
1581 50.72085346149419
1582 50.72085346149419
1583 50.72085346149419
1584 50.72085346149419
1585 50.72085346149419
1586 50.72085346149419
1587 50.72085346149419
1588 50.72085346149419
1589 50.72085346149419
1590 50.72085346149419
1591 50.72085346149419
1592 50.72085346149419
1593 50.72085346149419
1594 50.72085346149419
1595 50.72085346149419
1596 50.72085346149419
1597 50.72085346149419
1598 50.72085346149419
1599 50.72085346149419
1600 50.72085346149419
1601 50.72085346149419
1602 50.72085346149419
1603 50.72085346149419
1604 50.72085346149419
1605 50.72085346149419
1606 50.72085346149419
1607 50.72085346149419
1608 50.72085346149419
1609 50.72085346149419
1610 50.72085346149419
1611 50.72085346149419
1612 50.72085346149419
1613 50.72085346149419
1614 50.72085346149419
1615 50.72085346149419
1616 50.72085346149419
1617 50.72085346149419
1618 50.72085346149419
1619 50.72085346149419
1620 50.72085346149419
1621 50.72085346149419
1622 50.72085346149419
1623 50.72085346149419
1624 50.72085346149419
1625 50.72085346149419
1626 50.72085346149419
1627 50.72085346149419
1628 50.72085346149419
1629 50.72085346149419
1630 50.72085346149419
1631 50.72085346149419
1632 50.72085346149419
1633 50.72085346149419
1634 50.72085346149419
1635 50.72085346149419
1636 50.72085346149419
1637 50.72085346149419
1638 50.72085346149419
1639 50.72085346149419
1640 50.72085346149419
1641 50.72085346149419
1642 50.72085346149419
1643 50.72085346149419
1644 50.72085346149419
1645 50.72085346149419
1646 50.72085346149419
1647 50.72085346149419
1648 50.72085346149419
1649 50.72085346149419
1650 50.72085346149419
1651 50.72085346149419
1652 50.72085346149419
1653 50.72085346149419
1654 50.72085346149419
1655 50.72085346149419
1656 50.72085346149419
1657 50.72085346149419
1658 50.72085346149419
1659 50.72085346149419
1660 50.72085346149419
1661 50.72085346149419
1662 50.72085346149419
1663 50.72085346149419
1664 50.72085346149419
1665 50.72085346149419
1666 50.72085346149419
1667 50.72085346149419
1668 50.72085346149419
1669 50.72085346149419
1670 50.72085346149419
1671 50.72085346149419
1672 50.72085346149419
1673 50.72085346149419
1674 50.72085346149419
1675 50.72085346149419
1676 50.72085346149419
1677 50.72085346149419
1678 50.72085346149419
1679 50.72085346149419
1680 50.72085346149419
1681 50.72085346149419
1682 50.72085346149419
1683 50.72085346149419
1684 50.72085346149419
1685 50.72085346149419
1686 50.72085346149419
1687 50.72085346149419
1688 50.72085346149419
1689 50.72085346149419
1690 50.72085346149419
1691 50.72085346149419
1692 50.72085346149419
1693 50.72085346149419
1694 50.72085346149419
1695 50.72085346149419
1696 50.72085346149419
1697 50.72085346149419
1698 50.72085346149419
1699 50.72085346149419
1700 50.72085346149419
1701 50.72085346149419
1702 50.72085346149419
1703 50.72085346149419
1704 50.72085346149419
1705 50.72085346149419
1706 50.72085346149419
1707 50.72085346149419
1708 50.72085346149419
1709 50.72085346149419
1710 50.72085346149419
1711 50.72085346149419
1712 50.72085346149419
1713 50.72085346149419
1714 50.72085346149419
1715 50.72085346149419
1716 50.72085346149419
1717 50.72085346149419
1718 50.72085346149419
1719 50.72085346149419
1720 50.72085346149419
1721 50.72085346149419
1722 50.72085346149419
1723 50.72085346149419
1724 50.72085346149419
1725 50.72085346149419
1726 50.72085346149419
1727 50.72085346149419
1728 50.72085346149419
1729 50.72085346149419
1730 50.72085346149419
1731 50.72085346149419
1732 50.72085346149419
1733 50.72085346149419
1734 50.72085346149419
1735 50.72085346149419
1736 50.72085346149419
1737 50.72085346149419
1738 50.72085346149419
1739 50.72085346149419
1740 50.72085346149419
1741 50.72085346149419
1742 50.72085346149419
1743 50.72085346149419
1744 50.72085346149419
1745 50.72085346149419
1746 50.72085346149419
1747 50.72085346149419
1748 50.72085346149419
1749 50.72085346149419
1750 50.72085346149419
1751 50.72085346149419
1752 50.72085346149419
1753 50.72085346149419
1754 50.72085346149419
1755 50.72085346149419
1756 50.72085346149419
1757 50.72085346149419
1758 50.72085346149419
1759 50.72085346149419
1760 50.72085346149419
1761 50.72085346149419
1762 50.72085346149419
1763 50.72085346149419
1764 50.72085346149419
1765 50.72085346149419
1766 50.72085346149419
1767 50.72085346149419
1768 50.72085346149419
1769 50.72085346149419
1770 50.72085346149419
1771 50.72085346149419
1772 50.72085346149419
1773 50.72085346149419
1774 50.72085346149419
1775 50.72085346149419
1776 50.72085346149419
1777 50.72085346149419
1778 50.72085346149419
1779 50.72085346149419
1780 50.72085346149419
1781 50.72085346149419
1782 50.72085346149419
1783 50.72085346149419
1784 50.72085346149419
1785 50.72085346149419
1786 50.72085346149419
1787 50.72085346149419
1788 50.72085346149419
1789 50.72085346149419
1790 50.72085346149419
1791 50.72085346149419
1792 50.72085346149419
1793 50.72085346149419
1794 50.72085346149419
1795 50.72085346149419
1796 50.72085346149419
1797 50.72085346149419
1798 50.72085346149419
1799 50.72085346149419
1800 50.72085346149419
1801 50.72085346149419
1802 50.72085346149419
1803 50.72085346149419
1804 50.72085346149419
1805 50.72085346149419
1806 50.72085346149419
1807 50.72085346149419
1808 50.72085346149419
1809 50.72085346149419
1810 50.71765048206053
1811 50.71431172637591
1812 50.71213830551587
1813 50.710697112801824
1814 50.709438172567864
1815 50.7073374408267
1816 50.70564833518267
1817 50.70416980321475
1818 50.70271575838956
1819 50.70136457785501
1820 50.699723643541155
1821 50.69811418929013
1822 50.696617264606665
1823 50.69554287872395
1824 50.69474647342033
1825 50.69357918668059
1826 50.69272496368209
1827 50.69159464452819
1828 50.690804018871404
1829 50.69025087384566
1830 50.68980476371195
1831 50.68913611558355
1832 50.68858460929778
1833 50.68818514696695
1834 50.68761260950538
1835 50.68714660086164
1836 50.68682045593914
1837 50.686197945102606
1838 50.68575031979077
1839 50.68543703132483
1840 50.68521775353565
1841 50.684833886548574
1842 50.684522120573284
1843 50.68430390673092
1844 50.684093495094864
1845 50.683844627820974
1846 50.68363079015497
1847 50.68337861130092
1848 50.68315894431646
1849 50.68300518831213
1850 50.68289756444303
1851 50.68273134119878
1852 50.68257723749118
1853 50.68245493809328
1854 50.68232609811768
1855 50.68223591377225
1856 50.682148314443054
1857 50.68203616233237
1858 50.68195359745268
1859 50.681895803555676
1860 50.681827510226526
1861 50.681772574967646
1862 50.68169670128325
1863 50.6816365505313
1864 50.681587441271006
1865 50.68153021756704
1866 50.6814901616896
1867 50.6814538778612
1868 50.68141554117555
1869 50.681366177405245
1870 50.68133162330679
1871 50.68129620134346
1872 50.681264346692366
1873 50.681233366592345
1874 50.681202916528626
1875 50.681181601692266
1876 50.681157617320515
1877 50.681132846582614
1878 50.68110724788443
1879 50.68108712745652
1880 50.68106995840333
1881 50.68105020462607
1882 50.68102909068966
1883 50.68101157496261
1884 50.68099931402153
1885 50.680990599962364
1886 50.680977560539965
1887 50.68096552355282
1888 50.68095435182539
1889 50.680943054323144
1890 50.68093298896091
1891 50.680925224254246
1892 50.680918646364795
1893 50.680907770153546
1894 50.6808957218694
1895 50.68088728810261
1896 50.680881384481644
1897 50.68087725195469
1898 50.68086933052266
1899 50.680860430952485
1900 50.68085420127098
1901 50.68084984050245
1902 50.68084678796873
1903 50.680841145218075
1904 50.680835291903634
1905 50.68083119459114
1906 50.680827849611966
1907 50.68082461134719
1908 50.68082177707
1909 50.68081848574369
1910 50.68081522818003
1911 50.680811707918814
1912 50.68080876613931
1913 50.680806204116834
1914 50.680804326417636
1915 50.68080181214041
1916 50.680799777802825
1917 50.68079826765114
1918 50.680795946838806
1919 50.68079403925634
1920 50.680792701260735
1921 50.680791764457545
1922 50.68079035352093
1923 50.68078910205941
1924 50.680787930284644
1925 50.68078682252703
1926 50.68078604709698
1927 50.68078550185188
1928 50.68078460936255
1929 50.680783875757264
1930 50.68078313838612
1931 50.68078252772972
1932 50.68078196116132
1933 50.680781453605505
1934 50.680780894009274
1935 50.68078050229203
1936 50.680780105894826
1937 50.6807797607976
1938 50.680779418575845
1939 50.68077906992115
1940 50.680778660555404
1941 50.68077829927082
1942 50.68077787357714
1943 50.680777575591584
1944 50.680777367001724
1945 50.680777205675874
1946 50.68077693600598
1947 50.680776747237054
1948 50.680776514653985
1949 50.68077625065987
1950 50.68077606215157
1951 50.68077593019573
1952 50.68077571790252
1953 50.68077549823831
1954 50.680775344473396
1955 50.680775236837974
1956 50.68077511165044
1957 50.680774993753026
1958 50.68077489772514
1959 50.68077476926711
1960 50.68077466639678
1961 50.68077458502978
1962 50.68077449142686
1963 50.68077439453151
1964 50.680774311661914
1965 50.680774235849206
1966 50.68077416517559
1967 50.680774115704104
1968 50.68077403435598
1969 50.680773975766215
1970 50.68077393475338
1971 50.680773888156615
1972 50.68077381300164
1973 50.68077373587374
1974 50.68077368188418
1975 50.680773644091516
1976 50.680773617636646
1977 50.68077356808328
1978 50.68077353025895
1979 50.680773502959404
1980 50.68077346450019
1981 50.680773432625664
1982 50.680773391816764
1983 50.68077335433992
1984 50.68077332810615
1985 50.680773309742506
1986 50.680773291195216
1987 50.68077327241614
1988 50.68077324745377
1989 50.680773224832194
1990 50.680773208997074
1991 50.68077319691381
1992 50.68077318198508
1993 50.68077316526003
1994 50.68077315355248
1995 50.680773145308386
1996 50.68077313137345
1997 50.6807731182667
1998 50.68077310909202
1999 50.680773101424585
2000 50.68077309441694
2001 50.6807730874638
2002 50.680773079431276
2003 50.68077307256724
2004 50.68077306776242
2005 50.680773058547665
2006 50.680773051124355
2007 50.68077304592805
2008 50.68077304229062
2009 50.68077303797768
2010 50.680773033404705
2011 50.68077302944681
2012 50.68077302648766
2013 50.68077302255845
2014 50.68077301908411
2015 50.680773016194756
2016 50.68077301372515
2017 50.68077301087654
2018 50.68077300820994
2019 50.680773006092714
2020 50.68077300461067
2021 50.6807730032304
2022 50.680773001277906
2023 50.68077299991118
2024 50.680772998538885
2025 50.68077299707642
2026 50.68077299598807
2027 50.680772994783446
2028 50.6807729939286
2029 50.6807729925254
2030 50.680772991543144
2031 50.68077299076333
2032 50.68077299010313
2033 50.68077298923881
2034 50.6807729885918
2035 50.68077298787599
2036 50.68077298719064
2037 50.68077298655836
2038 50.68077298610471
2039 50.68077298531381
2040 50.680772984645294
2041 50.68077298417734
2042 50.68077298384977
2043 50.68077298351034
2044 50.68077298305091
2045 50.68077298262407
2046 50.68077298224313
2047 50.6807729819217
2048 50.68077298169671
2049 50.68077298136861
2050 50.6807729810922
2051 50.68077298089113
2052 50.68077298068687
2053 50.680772980472966
2054 50.68077298029291
2055 50.68077298016374
2056 50.68077298003838
2057 50.68077297977563
2058 50.680772979587346
2059 50.680772979455526
2060 50.68077297936327
2061 50.68077297928087
2062 50.6807729791181
2063 50.68077297899364
2064 50.68077297889639
2065 50.68077297878705
2066 50.680772978710515
2067 50.68077297860325
2068 50.6807729785214
2069 50.680772978433446
2070 50.68077297836957
2071 50.68077297831328
2072 50.68077297826585
2073 50.68077297821359
2074 50.6807729781674
2075 50.68077297810845
2076 50.68077297806716
2077 50.68077297803607
2078 50.680772978010246
2079 50.680772977985065
2080 50.680772977948585
2081 50.680772977922764
2082 50.68077297790421
2083 50.68077297788587
2084 50.68077297786027
2085 50.68077297784239
2086 50.68077297782251
2087 50.68077297780735
2088 50.68077297778901
2089 50.680772977775746
2090 50.680772977764455
2091 50.68077297775054
2092 50.68077297774079
2093 50.6807729777294
2094 50.68077297771748
2095 50.68077297770602
2096 50.68077297769802
2097 50.68077297769241
2098 50.680772977686615
2099 50.680772977678885
2100 50.6807729776732
2101 50.68077297766697
2102 50.68077297766206
2103 50.68077297765802
2104 50.680772977653874
2105 50.68077297765094
2106 50.68077297764635
2107 50.68077297764262
2108 50.680772977640025
2109 50.68077297763775
2110 50.68077297763548
2111 50.6807729776339
2112 50.68077297763168
2113 50.68077297762968
2114 50.680772977627726
2115 50.68077297762617
2116 50.680772977625075
2117 50.68077297762394
2118 50.68077297762293
2119 50.68077297762179
2120 50.680772977620144
2121 50.68077297761899
2122 50.680772977618155
2123 50.680772977617586
2124 50.68077297761662
2125 50.68077297761531
2126 50.68077297761437
2127 50.68077297761372
2128 50.68077297761323
2129 50.68077297761221
2130 50.680772977611504
2131 50.68077297761099
2132 50.68077297761058
2133 50.68077297760984
2134 50.68077297760923
2135 50.68077297760882
2136 50.68077297760834
2137 50.680772977607944
2138 50.68077297760757
2139 50.68077297760715
2140 50.680772977606786
2141 50.6807729776065
2142 50.68077297760624
2143 50.68077297760599
2144 50.68077297760575
2145 50.680772977605464
2146 50.68077297760527
2147 50.6807729776051
2148 50.68077297760491
2149 50.68077297760476
2150 50.68077297760459
2151 50.68077297760442
2152 50.680772977604306
2153 50.68077297760417
2154 50.68077297760408
2155 50.680772977603986
2156 50.68077297760389
2157 50.680772977603795
2158 50.6807729776037
2159 50.680772977603624
2160 50.680772977603546
2161 50.68077297760345
2162 50.68077297760336
2163 50.68077297760328
2164 50.680772977603226
2165 50.68077297760317
2166 50.680772977603134
2167 50.680772977603056
2168 50.680772977603
2169 50.68077297760296
2170 50.68077297760292
2171 50.680772977602906
2172 50.68077297760285
2173 50.68077297760283
2174 50.68077297760281
2175 50.68077297760277
2176 50.68077297760275
2177 50.680772977602714
2178 50.68077297760269
2179 50.68077297760268
2180 50.68077297760266
2181 50.680772977602636
2182 50.68077297760262
2183 50.68077297760262
2184 50.6807729776026
2185 50.68077297760258
2186 50.68077297760258
2187 50.680772977602565
2188 50.680772977602565
2189 50.680772977602565
2190 50.680772977602565
2191 50.680772977602544
2192 50.680772977602544
2193 50.680772977602544
2194 50.680772977602544
2195 50.680772977602544
2196 50.680772977602544
2197 50.680772977602544
2198 50.680772977602544
2199 50.680772977602544
2200 50.680772977602544
2201 50.680772977602544
2202 50.68077297760252
2203 50.68077297760252
2204 50.68077297760252
2205 50.68077297760252
2206 50.68077297760252
2207 50.68077297760252
2208 50.68077297760252
2209 50.68077297760252
2210 50.68077297760252
2211 50.68077297760252
2212 50.68077297760252
2213 50.68077297760252
2214 50.68077297760252
2215 50.68077297760252
2216 50.68077297760252
2217 50.68077297760252
2218 50.68077297760252
2219 50.68077297760252
2220 50.68077297760252
2221 50.68077297760252
2222 50.68077297760252
2223 50.68077297760252
2224 50.68077297760252
2225 50.68077297760252
2226 50.68077297760252
2227 50.68077297760252
2228 50.68077297760252
2229 50.68077297760252
2230 50.68077297760252
2231 50.68077297760252
2232 50.68077297760252
2233 50.68077297760252
2234 50.68077297760252
2235 50.68077297760252
2236 50.68077297760252
2237 50.68077297760252
2238 50.68077297760252
2239 50.68077297760252
2240 50.68077297760252
2241 50.68077297760252
2242 50.68077297760252
2243 50.68077297760252
2244 50.68077297760252
2245 50.68077297760252
2246 50.68077297760252
2247 50.68077297760252
2248 50.68077297760252
2249 50.68077297760252
2250 50.68077297760252
2251 50.68077297760252
2252 50.68077297760252
2253 50.68077297760252
2254 50.68077297760252
2255 50.68077297760252
2256 50.68077297760252
2257 50.68077297760252
2258 50.68077297760252
2259 50.68077297760252
2260 50.68077297760252
2261 50.68077297760252
2262 50.68077297760252
2263 50.68077297760252
2264 50.68077297760252
2265 50.68077297760252
2266 50.68077297760252
2267 50.68077297760252
2268 50.68077297760252
2269 50.68077297760252
2270 50.68077297760252
2271 50.68077297760252
2272 50.68077297760252
2273 50.68077297760252
2274 50.68077297760252
2275 50.68077297760252
2276 50.68077297760252
2277 50.68077297760252
2278 50.68077297760252
2279 50.68077297760252
2280 50.68077297760252
2281 50.68077297760252
2282 50.68077297760252
2283 50.68077297760252
2284 50.68077297760252
2285 50.68077297760252
2286 50.68077297760252
2287 50.68077297760252
2288 50.68077297760252
2289 50.68077297760252
2290 50.68077297760252
2291 50.68077297760252
2292 50.68077297760252
2293 50.68077297760252
2294 50.68077297760252
2295 50.68077297760252
2296 50.68077297760252
2297 50.68077297760252
2298 50.68077297760252
2299 50.68077297760252
2300 50.68077297760252
2301 50.68077297760252
2302 50.68077297760252
2303 50.68077297760252
2304 50.68077297760252
2305 50.68077297760252
2306 50.68077297760252
2307 50.68077297760252
2308 50.68077297760252
2309 50.68077297760252
2310 50.68077297760252
2311 50.68077297760252
2312 50.68077297760252
2313 50.68077297760252
2314 50.68077297760252
2315 50.68077297760252
2316 50.68077297760252
2317 50.68077297760252
2318 50.68077297760252
2319 50.68077297760252
2320 50.68077297760252
2321 50.68077297760252
2322 50.68077297760252
2323 50.68077297760252
2324 50.68077297760252
2325 50.68077297760252
2326 50.68077297760252
2327 50.68077297760252
2328 50.68077297760252
2329 50.68077297760252
2330 50.68077297760252
2331 50.68077297760252
2332 50.68077297760252
2333 50.68077297760252
2334 50.68077297760252
2335 50.68077297760252
2336 50.68077297760252
2337 50.68077297760252
2338 50.68077297760252
2339 50.68077297760252
2340 50.68077297760252
2341 50.68077297760252
2342 50.68077297760252
2343 50.68077297760252
2344 50.68077297760252
2345 50.68077297760252
2346 50.68077297760252
2347 50.68077297760252
2348 50.68077297760252
2349 50.68077297760252
2350 50.68077297760252
2351 50.68077297760252
2352 50.68077297760252
2353 50.68077297760252
2354 50.68077297760252
2355 50.68077297760252
2356 50.68077297760252
2357 50.68077297760252
2358 50.68077297760252
2359 50.68077297760252
2360 50.68077297760252
2361 50.68077297760252
2362 50.68077297760252
2363 50.68077297760252
2364 50.68077297760252
2365 50.68077297760252
2366 50.68077297760252
2367 50.68077297760252
2368 50.68077297760252
2369 50.68077297760252
2370 50.68077297760252
2371 50.68077297760252
2372 50.68077297760252
2373 50.68077297760252
2374 50.68077297760252
2375 50.68077297760252
2376 50.68077297760252
2377 50.68077297760252
2378 50.68077297760252
2379 50.68077297760252
2380 50.68077297760252
2381 50.68077297760252
2382 50.68077297760252
2383 50.68077297760252
2384 50.68077297760252
2385 50.68077297760252
2386 50.68077297760252
2387 50.68077297760252
2388 50.68077297760252
2389 50.68077297760252
2390 50.68077297760252
2391 50.68077297760252
2392 50.68077297760252
2393 50.68077297760252
2394 50.68077297760252
2395 50.68077297760252
2396 50.68077297760252
2397 50.68077297760252
2398 50.68077297760252
2399 50.68077297760252
2400 50.68077297760252
2401 50.68077297760252
2402 50.68077297760252
2403 50.68077297760252
2404 50.68077297760252
2405 50.68077297760252
2406 50.68077297760252
2407 50.68077297760252
2408 50.68077297760252
2409 50.68077297760252
2410 50.68077297760252
2411 50.68077297760252
2412 50.68077297760252
2413 50.68077297760252
2414 50.68077297760252
2415 50.68077297760252
2416 50.68077297760252
2417 50.68077297760252
2418 50.68077297760252
2419 50.68077297760252
2420 50.68077297760252
2421 50.68077297760252
2422 50.68077297760252
2423 50.68077297760252
2424 50.68077297760252
2425 50.68077297760252
2426 50.68077297760252
2427 50.68077297760252
2428 50.68077297760252
2429 50.68077297760252
2430 50.68077297760252
2431 50.68077297760252
2432 50.68077297760252
2433 50.68077297760252
2434 50.68077297760252
2435 50.68077297760252
2436 50.68077297760252
2437 50.68077297760252
2438 50.68077297760252
2439 50.68077297760252
2440 50.68077297760252
2441 50.68077297760252
2442 50.68077297760252
2443 50.68077297760252
2444 50.68077297760252
2445 50.68077297760252
2446 50.68077297760252
2447 50.68077297760252
2448 50.68077297760252
2449 50.68077297760252
2450 50.68077297760252
2451 50.68077297760252
2452 50.68077297760252
2453 50.68077297760252
2454 50.68077297760252
2455 50.68077297760252
2456 50.68077297760252
2457 50.68077297760252
2458 50.68077297760252
2459 50.68077297760252
2460 50.68077297760252
2461 50.68077297760252
2462 50.68077297760252
2463 50.68077297760252
2464 50.68077297760252
2465 50.68077297760252
2466 50.68077297760252
2467 50.68077297760252
2468 50.68077297760252
2469 50.68077297760252
2470 50.68077297760252
2471 50.68077297760252
2472 50.68077297760252
2473 50.68077297760252
2474 50.68077297760252
2475 50.68077297760252
2476 50.68077297760252
2477 50.68077297760252
2478 50.68077297760252
2479 50.68077297760252
2480 50.68077297760252
2481 50.68077297760252
2482 50.68077297760252
2483 50.68077297760252
2484 50.68077297760252
2485 50.68077297760252
2486 50.68077297760252
2487 50.68077297760252
2488 50.68077297760252
2489 50.68077297760252
2490 50.68077297760252
2491 50.68077297760252
2492 50.68077297760252
2493 50.68077297760252
2494 50.68077297760252
2495 50.68077297760252
2496 50.68077297760252
2497 50.68077297760252
2498 50.68077297760252
2499 50.68077297760252
2500 50.68077297760252
2501 50.68077297760252
2502 50.68077297760252
2503 50.68077297760252
2504 50.68077297760252
2505 50.68077297760252
2506 50.68077297760252
2507 50.68077297760252
2508 50.68077297760252
2509 50.68077297760252
2510 50.68077297760252
2511 50.68077297760252
2512 50.68077297760252
2513 50.68077297760252
2514 50.68077297760252
2515 50.68077297760252
2516 50.68077297760252
2517 50.68077297760252
2518 50.68077297760252
2519 50.68077297760252
2520 50.68077297760252
2521 50.68077297760252
2522 50.68077297760252
2523 50.68077297760252
2524 50.68077297760252
2525 50.68077297760252
2526 50.68077297760252
2527 50.68077297760252
2528 50.68077297760252
2529 50.68077297760252
2530 50.68077297760252
2531 50.68077297760252
2532 50.68077297760252
2533 50.68077297760252
2534 50.68077297760252
2535 50.68077297760252
2536 50.68077297760252
2537 50.68077297760252
2538 50.68077297760252
2539 50.68077297760252
2540 50.68077297760252
2541 50.68077297760252
2542 50.68077297760252
2543 50.68077297760252
2544 50.68077297760252
2545 50.68077297760252
2546 50.68077297760252
2547 50.68077297760252
2548 50.68077297760252
2549 50.68077297760252
2550 50.68077297760252
2551 50.68077297760252
2552 50.68077297760252
2553 50.68077297760252
2554 50.68077297760252
2555 50.68077297760252
2556 50.68077297760252
2557 50.68077297760252
2558 50.68077297760252
2559 50.68077297760252
2560 50.68077297760252
2561 50.68077297760252
2562 50.68077297760252
2563 50.68077297760252
2564 50.68077297760252
2565 50.68077297760252
2566 50.68077297760252
2567 50.68077297760252
2568 50.68077297760252
2569 50.68077297760252
2570 50.68077297760252
2571 50.68077297760252
2572 50.68077297760252
2573 50.68077297760252
2574 50.68077297760252
2575 50.68077297760252
2576 50.68077297760252
2577 50.68077297760252
2578 50.68077297760252
2579 50.68077297760252
2580 50.68077297760252
2581 50.68077297760252
2582 50.68077297760252
2583 50.68077297760252
2584 50.68077297760252
2585 50.68077297760252
2586 50.68077297760252
2587 50.68077297760252
2588 50.68077297760252
2589 50.68077297760252
2590 50.68077297760252
2591 50.68077297760252
2592 50.68077297760252
2593 50.68077297760252
2594 50.68077297760252
2595 50.68077297760252
2596 50.68077297760252
2597 50.68077297760252
2598 50.68077297760252
2599 50.68077297760252
2600 50.68077297760252
2601 50.68077297760252
2602 50.68077297760252
2603 50.68077297760252
2604 50.68077297760252
2605 50.68077297760252
2606 50.68077297760252
2607 50.68077297760252
2608 50.68077297760252
2609 50.68077297760252
2610 50.68077297760252
2611 50.68077297760252
2612 50.68077297760252
2613 50.68077297760252
2614 50.68077297760252
2615 50.68077297760252
2616 50.68077297760252
2617 50.68077297760252
2618 50.68077297760252
2619 50.68077297760252
2620 50.68077297760252
2621 50.68077297760252
2622 50.68077297760252
2623 50.68077297760252
2624 50.68077297760252
2625 50.68077297760252
2626 50.68077297760252
2627 50.68077297760252
2628 50.68077297760252
2629 50.68077297760252
2630 50.68077297760252
2631 50.68077297760252
2632 50.68077297760252
2633 50.68077297760252
2634 50.68077297760252
2635 50.68077297760252
2636 50.68077297760252
2637 50.68077297760252
2638 50.68077297760252
2639 50.68077297760252
2640 50.68077297760252
2641 50.68077297760252
2642 50.68077297760252
2643 50.68077297760252
2644 50.68077297760252
2645 50.68077297760252
2646 50.68077297760252
2647 50.68077297760252
2648 50.68077297760252
2649 50.68077297760252
2650 50.68077297760252
2651 50.68077297760252
2652 50.68077297760252
2653 50.68077297760252
2654 50.68077297760252
2655 50.68077297760252
2656 50.68077297760252
2657 50.68077297760252
2658 50.68077297760252
2659 50.68077297760252
2660 50.68077297760252
2661 50.68077297760252
2662 50.68077297760252
2663 50.68077297760252
2664 50.68077297760252
2665 50.68077297760252
2666 50.68077297760252
2667 50.68077297760252
2668 50.68077297760252
2669 50.68077297760252
2670 50.68077297760252
2671 50.68077297760252
2672 50.68077297760252
2673 50.68077297760252
2674 50.68077297760252
2675 50.68077297760252
2676 50.68077297760252
2677 50.68077297760252
2678 50.68077297760252
2679 50.68077297760252
2680 50.68077297760252
2681 50.68077297760252
2682 50.68077297760252
2683 50.68077297760252
2684 50.68077297760252
2685 50.68077297760252
2686 50.68077297760252
2687 50.68077297760252
2688 50.68077297760252
2689 50.68077297760252
2690 50.68077297760252
2691 50.68077297760252
2692 50.68077297760252
2693 50.68077297760252
2694 50.68077297760252
2695 50.68077297760252
2696 50.68077297760252
2697 50.68077297760252
2698 50.68077297760252
2699 50.68077297760252
2700 50.68077297760252
2701 50.68077297760252
2702 50.68077297760252
2703 50.68077297760252
2704 50.68077297760252
2705 50.68077297760252
2706 50.68077297760252
2707 50.68077297760252
2708 50.68077297760252
2709 50.68077297760252
2710 50.68077297760252
2711 50.68077297760252
2712 50.68077297760252
2713 50.68077297760252
2714 50.68077297760252
2715 50.68077297760252
2716 50.68077297760252
2717 50.68077297760252
2718 50.68077297760252
2719 50.68077297760252
2720 50.68077297760252
2721 50.68077297760252
2722 50.68077297760252
2723 50.68077297760252
2724 50.68077297760252
2725 50.68077297760252
2726 50.68077297760252
2727 50.68077297760252
2728 50.68077297760252
2729 50.68077297760252
2730 50.68077297760252
2731 50.68077297760252
2732 50.68077297760252
2733 50.68077297760252
2734 50.68077297760252
2735 50.68077297760252
2736 50.68077297760252
2737 50.68077297760252
2738 50.68077297760252
2739 50.68077297760252
2740 50.68077297760252
2741 50.68077297760252
2742 50.68077297760252
2743 50.68077297760252
2744 50.68077297760252
2745 50.68077297760252
2746 50.68077297760252
2747 50.68077297760252
2748 50.68077297760252
2749 50.68077297760252
2750 50.68077297760252
2751 50.68077297760252
2752 50.68077297760252
2753 50.68077297760252
2754 50.68077297760252
2755 50.68077297760252
2756 50.68077297760252
2757 50.68077297760252
2758 50.68077297760252
2759 50.68077297760252
2760 50.68077297760252
2761 50.68077297760252
2762 50.68077297760252
2763 50.68077297760252
2764 50.68077297760252
2765 50.68077297760252
2766 50.68077297760252
2767 50.68077297760252
2768 50.68077297760252
2769 50.68077297760252
2770 50.68077297760252
2771 50.68077297760252
2772 50.68077297760252
2773 50.68077297760252
2774 50.68077297760252
2775 50.68077297760252
2776 50.68077297760252
2777 50.68077297760252
2778 50.68077297760252
2779 50.68077297760252
2780 50.68077297760252
2781 50.68077297760252
2782 50.68077297760252
2783 50.68077297760252
2784 50.68077297760252
2785 50.68077297760252
2786 50.68077297760252
2787 50.68077297760252
2788 50.68077297760252
2789 50.68077297760252
2790 50.68077297760252
2791 50.68077297760252
2792 50.68077297760252
2793 50.68077297760252
2794 50.68077297760252
2795 50.68077297760252
2796 50.68077297760252
2797 50.68077297760252
2798 50.68077297760252
2799 50.68077297760252
2800 50.68077297760252
2801 50.68077297760252
2802 50.68077297760252
2803 50.68077297760252
2804 50.68077297760252
2805 50.68077297760252
2806 50.68077297760252
2807 50.68077297760252
2808 50.68077297760252
2809 50.68077297760252
2810 50.68077297760252
2811 50.68077297760252
2812 50.68077297760252
2813 50.68077297760252
2814 50.68077297760252
2815 50.68077297760252
2816 50.68077297760252
2817 50.68077297760252
2818 50.68077297760252
2819 50.68077297760252
2820 50.68077297760252
2821 50.68077297760252
2822 50.68077297760252
2823 50.68077297760252
2824 50.68077297760252
2825 50.68077297760252
2826 50.68077297760252
2827 50.68077297760252
2828 50.68077297760252
2829 50.68077297760252
2830 50.68077297760252
2831 50.68077297760252
2832 50.68077297760252
2833 50.68077297760252
2834 50.68077297760252
2835 50.68077297760252
2836 50.68077297760252
2837 50.68077297760252
2838 50.68077297760252
2839 50.68077297760252
2840 50.68077297760252
2841 50.68077297760252
2842 50.68077297760252
2843 50.68077297760252
2844 50.68077297760252
2845 50.68077297760252
2846 50.68077297760252
2847 50.68077297760252
2848 50.68077297760252
2849 50.68077297760252
2850 50.68077297760252
2851 50.68077297760252
2852 50.68077297760252
2853 50.68077297760252
2854 50.68077297760252
2855 50.68077297760252
2856 50.68077297760252
2857 50.68077297760252
2858 50.68077297760252
2859 50.68077297760252
2860 50.68077297760252
2861 50.68077297760252
2862 50.68077297760252
2863 50.68077297760252
2864 50.68077297760252
2865 50.68077297760252
2866 50.68077297760252
2867 50.68077297760252
2868 50.68077297760252
2869 50.68077297760252
2870 50.68077297760252
2871 50.68077297760252
2872 50.68077297760252
2873 50.68077297760252
2874 50.68077297760252
2875 50.68077297760252
2876 50.68077297760252
2877 50.68077297760252
2878 50.68077297760252
2879 50.68077297760252
2880 50.68077297760252
2881 50.68077297760252
2882 50.68077297760252
2883 50.68077297760252
2884 50.68077297760252
2885 50.68077297760252
2886 50.68077297760252
2887 50.68077297760252
2888 50.68077297760252
2889 50.68077297760252
2890 50.68077297760252
2891 50.68077297760252
2892 50.68077297760252
2893 50.68077297760252
2894 50.68077297760252
2895 50.68077297760252
2896 50.68077297760252
2897 50.68077297760252
2898 50.68077297760252
2899 50.68077297760252
2900 50.68077297760252
2901 50.68077297760252
2902 50.68077297760252
2903 50.68077297760252
2904 50.68077297760252
2905 50.68077297760252
2906 50.68077297760252
2907 50.68077297760252
2908 50.68077297760252
2909 50.68077297760252
2910 50.68077297760252
2911 50.68077297760252
2912 50.68077297760252
2913 50.68077297760252
2914 50.68077297760252
2915 50.68077297760252
2916 50.68077297760252
2917 50.68077297760252
2918 50.68077297760252
2919 50.68077297760252
2920 50.68077297760252
2921 50.68077297760252
2922 50.68077297760252
2923 50.68077297760252
2924 50.68077297760252
2925 50.68077297760252
2926 50.68077297760252
2927 50.68077297760252
2928 50.68077297760252
2929 50.68077297760252
2930 50.68077297760252
2931 50.68077297760252
2932 50.68077297760252
2933 50.68077297760252
2934 50.68077297760252
2935 50.68077297760252
2936 50.68077297760252
2937 50.68077297760252
2938 50.68077297760252
2939 50.68077297760252
2940 50.68077297760252
2941 50.68077297760252
2942 50.68077297760252
2943 50.68077297760252
2944 50.68077297760252
2945 50.68077297760252
2946 50.68077297760252
2947 50.68077297760252
2948 50.68077297760252
2949 50.68077297760252
2950 50.68077297760252
2951 50.68077297760252
2952 50.68077297760252
2953 50.68077297760252
2954 50.68077297760252
2955 50.68077297760252
2956 50.68077297760252
2957 50.68077297760252
2958 50.68077297760252
2959 50.68077297760252
2960 50.68077297760252
2961 50.68077297760252
2962 50.68077297760252
2963 50.68077297760252
2964 50.68077297760252
2965 50.68077297760252
2966 50.68077297760252
2967 50.68077297760252
2968 50.68077297760252
2969 50.68077297760252
2970 50.68077297760252
2971 50.68077297760252
2972 50.68077297760252
2973 50.68077297760252
2974 50.68077297760252
2975 50.68077297760252
2976 50.68077297760252
2977 50.68077297760252
2978 50.68077297760252
2979 50.68077297760252
2980 50.68077297760252
2981 50.68077297760252
2982 50.68077297760252
2983 50.68077297760252
2984 50.68077297760252
2985 50.68077297760252
2986 50.68077297760252
2987 50.68077297760252
2988 50.68077297760252
2989 50.68077297760252
2990 50.68077297760252
2991 50.68077297760252
2992 50.68077297760252
2993 50.68077297760252
2994 50.68077297760252
2995 50.68077297760252
2996 50.68077297760252
2997 50.68077297760252
2998 50.68077297760252
2999 50.68077297760252
3000 50.68077297760252
3001 50.68077297760252
3002 50.68077297760252
3003 50.68077297760252
3004 50.68077297760252
3005 50.68077297760252
3006 50.68077297760252
3007 50.68077297760252
3008 50.68077297760252
3009 50.68077297760252
3010 50.68077297760252
3011 50.68077297760252
3012 50.68077297760252
3013 50.68077297760252
3014 50.68077297760252
3015 50.68077297760252
3016 50.68077297760252
3017 50.68077297760252
3018 50.68077297760252
3019 50.68077297760252
3020 50.68077297760252
3021 50.68077297760252
3022 50.68077297760252
3023 50.68077297760252
3024 50.68077297760252
3025 50.68077297760252
3026 50.68077297760252
3027 50.68077297760252
3028 50.68077297760252
3029 50.68077297760252
3030 50.68077297760252
3031 50.68077297760252
3032 50.68077297760252
3033 50.68077297760252
3034 50.68077297760252
3035 50.68077297760252
3036 50.68077297760252
3037 50.68077297760252
3038 50.68077297760252
3039 50.68077297760252
3040 50.68077297760252
3041 50.68077297760252
3042 50.68077297760252
3043 50.68077297760252
3044 50.68077297760252
3045 50.68077297760252
3046 50.68077297760252
3047 50.68077297760252
3048 50.68077297760252
3049 50.68077297760252
3050 50.68077297760252
3051 50.68077297760252
3052 50.68077297760252
3053 50.68077297760252
3054 50.68077297760252
3055 50.68077297760252
3056 50.68077297760252
3057 50.68077297760252
3058 50.68077297760252
3059 50.68077297760252
3060 50.68077297760252
3061 50.68077297760252
3062 50.68077297760252
3063 50.68077297760252
3064 50.68077297760252
3065 50.68077297760252
3066 50.68077297760252
3067 50.68077297760252
3068 50.68077297760252
3069 50.68077297760252
3070 50.68077297760252
3071 50.68077297760252
3072 50.68077297760252
3073 50.68077297760252
3074 50.68077297760252
3075 50.68077297760252
3076 50.68077297760252
3077 50.68077297760252
3078 50.68077297760252
3079 50.68077297760252
3080 50.68077297760252
3081 50.68077297760252
3082 50.68077297760252
3083 50.68077297760252
3084 50.68077297760252
3085 50.68077297760252
3086 50.68077297760252
3087 50.68077297760252
3088 50.68077297760252
3089 50.68077297760252
3090 50.68077297760252
3091 50.68077297760252
3092 50.68077297760252
3093 50.68077297760252
3094 50.68077297760252
3095 50.68077297760252
3096 50.68077297760252
3097 50.68077297760252
3098 50.68077297760252
3099 50.68077297760252
3100 50.68077297760252
3101 50.68077297760252
3102 50.68077297760252
3103 50.68077297760252
3104 50.68077297760252
3105 50.68077297760252
3106 50.68077297760252
3107 50.68077297760252
3108 50.68077297760252
3109 50.68077297760252
3110 50.68077297760252
3111 50.68077297760252
3112 50.68077297760252
3113 50.68077297760252
3114 50.68077297760252
3115 50.68077297760252
3116 50.68077297760252
3117 50.68077297760252
3118 50.68077297760252
3119 50.68077297760252
3120 50.68077297760252
3121 50.68077297760252
3122 50.68077297760252
3123 50.68077297760252
3124 50.68077297760252
3125 50.68077297760252
3126 50.68077297760252
3127 50.68077297760252
3128 50.68077297760252
3129 50.68077297760252
3130 50.68077297760252
3131 50.68077297760252
3132 50.68077297760252
3133 50.68077297760252
3134 50.68077297760252
3135 50.68077297760252
3136 50.68077297760252
3137 50.68077297760252
3138 50.68077297760252
3139 50.68077297760252
3140 50.68077297760252
3141 50.68077297760252
3142 50.68077297760252
3143 50.68077297760252
3144 50.68077297760252
3145 50.68077297760252
3146 50.68077297760252
3147 50.68077297760252
3148 50.68077297760252
3149 50.68077297760252
3150 50.68077297760252
3151 50.68077297760252
3152 50.68077297760252
3153 50.68077297760252
3154 50.68077297760252
3155 50.68077297760252
3156 50.68077297760252
3157 50.68077297760252
3158 50.68077297760252
3159 50.68077297760252
3160 50.68077297760252
3161 50.68077297760252
3162 50.68077297760252
3163 50.68077297760252
3164 50.68077297760252
3165 50.68077297760252
3166 50.68077297760252
3167 50.68077297760252
3168 50.68077297760252
3169 50.68077297760252
3170 50.68077297760252
3171 50.68077297760252
3172 50.68077297760252
3173 50.68077297760252
3174 50.68077297760252
3175 50.68077297760252
3176 50.68077297760252
3177 50.68077297760252
3178 50.68077297760252
3179 50.68077297760252
3180 50.68077297760252
3181 50.68077297760252
3182 50.68077297760252
3183 50.68077297760252
3184 50.68077297760252
3185 50.68077297760252
3186 50.68077297760252
3187 50.68077297760252
3188 50.68077297760252
3189 50.68077297760252
3190 50.68077297760252
3191 50.68077297760252
3192 50.68077297760252
3193 50.68077297760252
3194 50.68077297760252
3195 50.68077297760252
3196 50.68077297760252
3197 50.68077297760252
3198 50.68077297760252
3199 50.68077297760252
3200 50.68077297760252
3201 50.68077297760252
3202 50.68077297760252
3203 50.68077297760252
3204 50.68077297760252
3205 50.68077297760252
3206 50.68077297760252
3207 50.68077297760252
3208 50.68077297760252
3209 50.68077297760252
3210 50.68077297760252
3211 50.68077297760252
3212 50.68077297760252
3213 50.68077297760252
3214 50.68077297760252
3215 50.68077297760252
3216 50.68077297760252
3217 50.68077297760252
3218 50.68077297760252
3219 50.68077297760252
3220 50.68077297760252
3221 50.68077297760252
3222 50.68077297760252
3223 50.68077297760252
3224 50.68077297760252
3225 50.68077297760252
3226 50.68077297760252
3227 50.68077297760252
3228 50.68077297760252
3229 50.68077297760252
3230 50.68077297760252
3231 50.68077297760252
3232 50.68077297760252
3233 50.68077297760252
3234 50.68077297760252
3235 50.68077297760252
3236 50.68077297760252
3237 50.68077297760252
3238 50.68077297760252
3239 50.68077297760252
3240 50.68077297760252
3241 50.68077297760252
3242 50.68077297760252
3243 50.68077297760252
3244 50.68077297760252
3245 50.68077297760252
3246 50.68077297760252
3247 50.68077297760252
3248 50.68077297760252
3249 50.68077297760252
3250 50.68077297760252
3251 50.68077297760252
3252 50.68077297760252
3253 50.68077297760252
3254 50.68077297760252
3255 50.68077297760252
3256 50.68077297760252
3257 50.68077297760252
3258 50.68077297760252
3259 50.68077297760252
3260 50.68077297760252
3261 50.68077297760252
3262 50.68077297760252
3263 50.68077297760252
3264 50.68077297760252
3265 50.68077297760252
3266 50.68077297760252
3267 50.68077297760252
3268 50.68077297760252
3269 50.68077297760252
3270 50.68077297760252
3271 50.68077297760252
3272 50.68077297760252
3273 50.68077297760252
3274 50.68077297760252
3275 50.68077297760252
3276 50.68077297760252
3277 50.68077297760252
3278 50.68077297760252
3279 50.68077297760252
3280 50.68077297760252
3281 50.68077297760252
3282 50.68077297760252
3283 50.68077297760252
3284 50.68077297760252
3285 50.68077297760252
3286 50.68077297760252
3287 50.68077297760252
3288 50.68077297760252
3289 50.68077297760252
3290 50.68077297760252
3291 50.68077297760252
3292 50.68077297760252
3293 50.68077297760252
3294 50.68077297760252
3295 50.68077297760252
3296 50.68077297760252
3297 50.68077297760252
3298 50.68077297760252
3299 50.68077297760252
3300 50.68077297760252
3301 50.68077297760252
3302 50.68077297760252
3303 50.68077297760252
3304 50.68077297760252
3305 50.68077297760252
3306 50.68077297760252
3307 50.68077297760252
3308 50.68077297760252
3309 50.68077297760252
3310 50.68077297760252
3311 50.68077297760252
3312 50.68077297760252
3313 50.68077297760252
3314 50.68077297760252
3315 50.68077297760252
3316 50.68077297760252
3317 50.68077297760252
3318 50.68077297760252
3319 50.68077297760252
3320 50.68077297760252
3321 50.68077297760252
3322 50.68077297760252
3323 50.68077297760252
3324 50.68077297760252
3325 50.68077297760252
3326 50.68077297760252
3327 50.68077297760252
3328 50.68077297760252
3329 50.68077297760252
3330 50.68077297760252
3331 50.68077297760252
3332 50.68077297760252
3333 50.68077297760252
3334 50.68077297760252
3335 50.68077297760252
3336 50.68077297760252
3337 50.68077297760252
3338 50.68077297760252
3339 50.68077297760252
3340 50.68077297760252
3341 50.68077297760252
3342 50.68077297760252
3343 50.68077297760252
3344 50.68077297760252
3345 50.68077297760252
3346 50.68077297760252
3347 50.68077297760252
3348 50.68077297760252
3349 50.68077297760252
3350 50.68077297760252
3351 50.68077297760252
3352 50.68077297760252
3353 50.68077297760252
3354 50.68077297760252
3355 50.68077297760252
3356 50.68077297760252
3357 50.68077297760252
3358 50.68077297760252
3359 50.68077297760252
3360 50.68077297760252
3361 50.68077297760252
3362 50.68077297760252
3363 50.68077297760252
3364 50.68077297760252
3365 50.68077297760252
3366 50.68077297760252
3367 50.68077297760252
3368 50.68077297760252
3369 50.68077297760252
3370 50.68077297760252
3371 50.68077297760252
3372 50.68077297760252
3373 50.68077297760252
3374 50.68077297760252
3375 50.68077297760252
3376 50.68077297760252
3377 50.68077297760252
3378 50.68077297760252
3379 50.68077297760252
3380 50.68077297760252
3381 50.68077297760252
3382 50.68077297760252
3383 50.68077297760252
3384 50.68077297760252
3385 50.68077297760252
3386 50.68077297760252
3387 50.68077297760252
3388 50.68077297760252
3389 50.68077297760252
3390 50.68077297760252
3391 50.68077297760252
3392 50.68077297760252
3393 50.68077297760252
3394 50.68077297760252
3395 50.68077297760252
3396 50.68077297760252
3397 50.68077297760252
3398 50.68077297760252
3399 50.68077297760252
3400 50.68077297760252
3401 50.68077297760252
3402 50.68077297760252
3403 50.68077297760252
3404 50.68077297760252
3405 50.68077297760252
3406 50.68077297760252
3407 50.68077297760252
3408 50.68077297760252
3409 50.68077297760252
3410 50.68077297760252
3411 50.68077297760252
3412 50.68077297760252
3413 50.68077297760252
3414 50.68077297760252
3415 50.68077297760252
3416 50.68077297760252
3417 50.68077297760252
3418 50.68077297760252
3419 50.68077297760252
3420 50.68077297760252
3421 50.68077297760252
3422 50.68077297760252
3423 50.68077297760252
3424 50.68077297760252
3425 50.68077297760252
3426 50.68077297760252
3427 50.68077297760252
3428 50.68077297760252
3429 50.68077297760252
3430 50.68077297760252
3431 50.68077297760252
3432 50.68077297760252
3433 50.68077297760252
3434 50.68077297760252
3435 50.68077297760252
3436 50.68077297760252
3437 50.68077297760252
3438 50.68077297760252
3439 50.68077297760252
3440 50.68077297760252
3441 50.68077297760252
3442 50.68077297760252
3443 50.68077297760252
3444 50.68077297760252
3445 50.68077297760252
3446 50.68077297760252
3447 50.68077297760252
3448 50.68077297760252
3449 50.68077297760252
3450 50.68077297760252
3451 50.68077297760252
3452 50.68077297760252
3453 50.68077297760252
3454 50.68077297760252
3455 50.68077297760252
3456 50.68077297760252
3457 50.68077297760252
3458 50.68077297760252
3459 50.68077297760252
3460 50.68077297760252
3461 50.68077297760252
3462 50.68077297760252
3463 50.68077297760252
3464 50.68077297760252
3465 50.68077297760252
3466 50.68077297760252
3467 50.68077297760252
3468 50.68077297760252
3469 50.68077297760252
3470 50.68077297760252
3471 50.68077297760252
3472 50.68077297760252
3473 50.68077297760252
3474 50.68077297760252
3475 50.68077297760252
3476 50.68077297760252
3477 50.68077297760252
3478 50.68077297760252
3479 50.68077297760252
3480 50.68077297760252
3481 50.68077297760252
3482 50.68077297760252
3483 50.68077297760252
3484 50.68077297760252
3485 50.68077297760252
3486 50.68077297760252
3487 50.68077297760252
3488 50.68077297760252
3489 50.68077297760252
3490 50.68077297760252
3491 50.68077297760252
3492 50.68077297760252
3493 50.68077297760252
3494 50.68077297760252
3495 50.68077297760252
3496 50.68077297760252
3497 50.68077297760252
3498 50.68077297760252
3499 50.68077297760252
3500 50.68077297760252
3501 50.68077297760252
3502 50.68077297760252
3503 50.68077297760252
3504 50.68077297760252
3505 50.68077297760252
3506 50.68077297760252
3507 50.68077297760252
3508 50.68077297760252
3509 50.68077297760252
3510 50.68077297760252
3511 50.68077297760252
3512 50.68077297760252
3513 50.68077297760252
3514 50.68077297760252
3515 50.68077297760252
3516 50.68077297760252
3517 50.68077297760252
3518 50.68077297760252
3519 50.68077297760252
3520 50.68077297760252
3521 50.68077297760252
3522 50.68077297760252
3523 50.68077297760252
3524 50.68077297760252
3525 50.68077297760252
3526 50.68077297760252
3527 50.68077297760252
3528 50.68077297760252
3529 50.68077297760252
3530 50.68077297760252
3531 50.68077297760252
3532 50.68077297760252
3533 50.68077297760252
3534 50.68077297760252
3535 50.68077297760252
3536 50.68077297760252
3537 50.68077297760252
3538 50.68077297760252
3539 50.68077297760252
3540 50.68077297760252
3541 50.68077297760252
3542 50.68077297760252
3543 50.68077297760252
3544 50.68077297760252
3545 50.68077297760252
3546 50.68077297760252
3547 50.68077297760252
3548 50.68077297760252
3549 50.68077297760252
3550 50.68077297760252
3551 50.68077297760252
3552 50.68077297760252
3553 50.68077297760252
3554 50.68077297760252
3555 50.68077297760252
3556 50.68077297760252
3557 50.68077297760252
3558 50.68077297760252
3559 50.68077297760252
3560 50.68077297760252
3561 50.68077297760252
3562 50.68077297760252
3563 50.68077297760252
3564 50.68077297760252
3565 50.68077297760252
3566 50.68077297760252
3567 50.68077297760252
3568 50.68077297760252
3569 50.68077297760252
3570 50.68077297760252
3571 50.68077297760252
3572 50.68077297760252
3573 50.68077297760252
3574 50.68077297760252
3575 50.68077297760252
3576 50.68077297760252
3577 50.68077297760252
3578 50.68077297760252
3579 50.68077297760252
3580 50.68077297760252
3581 50.68077297760252
3582 50.68077297760252
3583 50.68077297760252
3584 50.68077297760252
3585 50.68077297760252
3586 50.68077297760252
3587 50.68077297760252
3588 50.68077297760252
3589 50.68077297760252
3590 50.68077297760252
3591 50.68077297760252
3592 50.68077297760252
3593 50.68077297760252
3594 50.68077297760252
3595 50.68077297760252
3596 50.68077297760252
3597 50.68077297760252
3598 50.68077297760252
3599 50.68077297760252
3600 50.68077297760252
3601 50.68077297760252
3602 50.68077297760252
3603 50.68077297760252
3604 50.68077297760252
3605 50.68077297760252
3606 50.68077297760252
3607 50.68077297760252
3608 50.68077297760252
3609 50.68077297760252
3610 50.68077297760252
3611 50.68077297760252
3612 50.68077297760252
3613 50.68077297760252
3614 50.68077297760252
3615 50.68077297760252
3616 50.68077297760252
3617 50.68077297760252
3618 50.68077297760252
3619 50.68077297760252
3620 50.68077297760252
3621 50.68077297760252
3622 50.68077297760252
3623 50.68077297760252
3624 50.68077297760252
3625 50.68077297760252
3626 50.68077297760252
3627 50.68077297760252
3628 50.68077297760252
3629 50.68077297760252
3630 50.68077297760252
3631 50.68077297760252
3632 50.68077297760252
3633 50.68077297760252
3634 50.68077297760252
3635 50.68077297760252
3636 50.68077297760252
3637 50.68077297760252
3638 50.68077297760252
3639 50.68077297760252
3640 50.68077297760252
3641 50.68077297760252
3642 50.68077297760252
3643 50.68077297760252
3644 50.68077297760252
3645 50.68077297760252
3646 50.68077297760252
3647 50.68077297760252
3648 50.68077297760252
3649 50.68077297760252
3650 50.68077297760252
3651 50.68077297760252
3652 50.68077297760252
3653 50.68077297760252
3654 50.68077297760252
3655 50.68077297760252
3656 50.68077297760252
3657 50.68077297760252
3658 50.68077297760252
3659 50.68077297760252
3660 50.68077297760252
3661 50.68077297760252
3662 50.68077297760252
3663 50.68077297760252
3664 50.68077297760252
3665 50.68077297760252
3666 50.68077297760252
3667 50.68077297760252
3668 50.68077297760252
3669 50.68077297760252
3670 50.68077297760252
3671 50.68077297760252
3672 50.68077297760252
3673 50.68077297760252
3674 50.68077297760252
3675 50.68077297760252
3676 50.68077297760252
3677 50.68077297760252
3678 50.68077297760252
3679 50.68077297760252
3680 50.68077297760252
3681 50.68077297760252
3682 50.68077297760252
3683 50.68077297760252
3684 50.68077297760252
3685 50.68077297760252
3686 50.68077297760252
3687 50.68077297760252
3688 50.68077297760252
3689 50.68077297760252
3690 50.68077297760252
3691 50.68077297760252
3692 50.68077297760252
3693 50.68077297760252
3694 50.68077297760252
3695 50.68077297760252
3696 50.68077297760252
3697 50.68077297760252
3698 50.68077297760252
3699 50.68077297760252
3700 50.68077297760252
3701 50.68077297760252
3702 50.68077297760252
3703 50.68077297760252
3704 50.68077297760252
3705 50.68077297760252
3706 50.68077297760252
3707 50.68077297760252
3708 50.68077297760252
3709 50.68077297760252
3710 50.68077297760252
3711 50.68077297760252
3712 50.68077297760252
3713 50.68077297760252
3714 50.68077297760252
3715 50.68077297760252
3716 50.68077297760252
3717 50.68077297760252
3718 50.68077297760252
3719 50.68077297760252
3720 50.68077297760252
3721 50.68077297760252
3722 50.68077297760252
3723 50.68077297760252
3724 50.68077297760252
3725 50.68077297760252
3726 50.68077297760252
3727 50.68077297760252
3728 50.68077297760252
3729 50.68077297760252
3730 50.68077297760252
3731 50.68077297760252
3732 50.68077297760252
3733 50.68077297760252
3734 50.68077297760252
3735 50.68077297760252
3736 50.68077297760252
3737 50.68077297760252
3738 50.68077297760252
3739 50.68077297760252
3740 50.68077297760252
3741 50.68077297760252
3742 50.68077297760252
3743 50.68077297760252
3744 50.68077297760252
3745 50.68077297760252
3746 50.68077297760252
3747 50.68077297760252
3748 50.68077297760252
3749 50.68077297760252
3750 50.68077297760252
3751 50.68077297760252
3752 50.68077297760252
3753 50.68077297760252
3754 50.68077297760252
3755 50.68077297760252
3756 50.68077297760252
3757 50.68077297760252
3758 50.68077297760252
3759 50.68077297760252
3760 50.68077297760252
3761 50.68077297760252
3762 50.68077297760252
3763 50.68077297760252
3764 50.68077297760252
3765 50.68077297760252
3766 50.68077297760252
3767 50.68077297760252
3768 50.68077297760252
3769 50.68077297760252
3770 50.68077297760252
3771 50.68077297760252
3772 50.68077297760252
3773 50.68077297760252
3774 50.68077297760252
3775 50.68077297760252
3776 50.68077297760252
3777 50.68077297760252
3778 50.68077297760252
3779 50.68077297760252
3780 50.68077297760252
3781 50.68077297760252
3782 50.68077297760252
3783 50.68077297760252
3784 50.68077297760252
3785 50.68077297760252
3786 50.68077297760252
3787 50.68077297760252
3788 50.68077297760252
3789 50.68077297760252
3790 50.68077297760252
3791 50.68077297760252
3792 50.68077297760252
3793 50.68077297760252
3794 50.68077297760252
3795 50.68077297760252
3796 50.68077297760252
3797 50.68077297760252
3798 50.68077297760252
3799 50.68077297760252
3800 50.68077297760252
3801 50.68077297760252
3802 50.68077297760252
3803 50.68077297760252
3804 50.68077297760252
3805 50.68077297760252
3806 50.68077297760252
3807 50.68077297760252
3808 50.68077297760252
3809 50.68077297760252
3810 50.68077297760252
3811 50.68077297760252
3812 50.68077297760252
3813 50.68077297760252
3814 50.68077297760252
3815 50.68077297760252
3816 50.68077297760252
3817 50.68077297760252
3818 50.68077297760252
3819 50.68077297760252
3820 50.68077297760252
3821 50.68077297760252
3822 50.68077297760252
3823 50.68077297760252
3824 50.68077297760252
3825 50.68077297760252
3826 50.68077297760252
3827 50.68077297760252
3828 50.68077297760252
3829 50.68077297760252
3830 50.68077297760252
3831 50.68077297760252
3832 50.68077297760252
3833 50.68077297760252
3834 50.68077297760252
3835 50.68077297760252
3836 50.68077297760252
3837 50.68077297760252
3838 50.68077297760252
3839 50.68077297760252
3840 50.68077297760252
3841 50.68077297760252
3842 50.68077297760252
3843 50.68077297760252
3844 50.68077297760252
3845 50.68077297760252
3846 50.68077297760252
3847 50.68077297760252
3848 50.68077297760252
3849 50.68077297760252
3850 50.68077297760252
3851 50.68077297760252
3852 50.68077297760252
3853 50.68077297760252
3854 50.68077297760252
3855 50.68077297760252
3856 50.68077297760252
3857 50.68077297760252
3858 50.68077297760252
3859 50.68077297760252
3860 50.68077297760252
3861 50.68077297760252
3862 50.68077297760252
3863 50.68077297760252
3864 50.68077297760252
3865 50.68077297760252
3866 50.68077297760252
3867 50.68077297760252
3868 50.68077297760252
3869 50.68077297760252
3870 50.68077297760252
3871 50.68077297760252
3872 50.68077297760252
3873 50.68077297760252
3874 50.68077297760252
3875 50.68077297760252
3876 50.68077297760252
3877 50.68077297760252
3878 50.68077297760252
3879 50.68077297760252
3880 50.68077297760252
3881 50.68077297760252
3882 50.68077297760252
3883 50.68077297760252
3884 50.68077297760252
3885 50.68077297760252
3886 50.68077297760252
3887 50.68077297760252
3888 50.68077297760252
3889 50.68077297760252
3890 50.68077297760252
3891 50.68077297760252
3892 50.68077297760252
3893 50.68077297760252
3894 50.68077297760252
3895 50.68077297760252
3896 50.68077297760252
3897 50.68077297760252
3898 50.68077297760252
3899 50.68077297760252
3900 50.68077297760252
3901 50.68077297760252
3902 50.68077297760252
3903 50.68077297760252
3904 50.68077297760252
3905 50.68077297760252
3906 50.68077297760252
3907 50.68077297760252
3908 50.68077297760252
3909 50.68077297760252
3910 50.68077297760252
3911 50.68077297760252
3912 50.68077297760252
3913 50.68077297760252
3914 50.68077297760252
3915 50.68077297760252
3916 50.68077297760252
3917 50.68077297760252
3918 50.68077297760252
3919 50.68077297760252
3920 50.68077297760252
3921 50.68077297760252
3922 50.68077297760252
3923 50.68077297760252
3924 50.68077297760252
3925 50.68077297760252
3926 50.68077297760252
3927 50.68077297760252
3928 50.68077297760252
3929 50.68077297760252
3930 50.68077297760252
3931 50.68077297760252
3932 50.68077297760252
3933 50.68077297760252
3934 50.68077297760252
3935 50.68077297760252
3936 50.68077297760252
3937 50.68077297760252
3938 50.68077297760252
3939 50.68077297760252
3940 50.68077297760252
3941 50.68077297760252
3942 50.68077297760252
3943 50.68077297760252
3944 50.68077297760252
3945 50.68077297760252
3946 50.68077297760252
3947 50.68077297760252
3948 50.68077297760252
3949 50.68077297760252
3950 50.68077297760252
3951 50.68077297760252
3952 50.68077297760252
3953 50.68077297760252
3954 50.68077297760252
3955 50.68077297760252
3956 50.68077297760252
3957 50.68077297760252
3958 50.68077297760252
3959 50.68077297760252
3960 50.68077297760252
3961 50.68077297760252
3962 50.68077297760252
3963 50.68077297760252
3964 50.68077297760252
3965 50.68077297760252
3966 50.68077297760252
3967 50.68077297760252
3968 50.68077297760252
3969 50.68077297760252
3970 50.68077297760252
3971 50.68077297760252
3972 50.68077297760252
3973 50.68077297760252
3974 50.68077297760252
3975 50.68077297760252
3976 50.68077297760252
3977 50.68077297760252
3978 50.68077297760252
3979 50.68077297760252
3980 50.68077297760252
3981 50.68077297760252
3982 50.68077297760252
3983 50.68077297760252
3984 50.68077297760252
3985 50.68077297760252
3986 50.68077297760252
3987 50.68077297760252
3988 50.68077297760252
3989 50.68077297760252
3990 50.68077297760252
3991 50.68077297760252
3992 50.68077297760252
3993 50.68077297760252
3994 50.68077297760252
3995 50.68077297760252
3996 50.68077297760252
3997 50.68077297760252
3998 50.68077297760252
3999 50.68077297760252
4000 50.68077297760252
