0 999999.0
1 999999.0
2 654996.2054141967
3 226510.989146971
4 121020.92963036138
5 94587.11855862603
6 94587.11855862603
7 94587.11855862603
8 90637.7534338443
9 67652.96034089125
10 47778.337369763285
11 37885.135361428605
12 30388.74334923949
13 25971.505835944117
14 20625.07357140564
15 17260.903786881754
16 15075.412183730048
17 13058.241245172772
18 11919.424424130682
19 10358.490972657011
20 9463.878593059448
21 8777.267541224253
22 7790.043960239127
23 7118.047746835081
24 6752.901605988521
25 6281.757547605928
26 5875.572001634438
27 5591.683657503923
28 5318.279541758395
29 5066.801894157666
30 4814.311687915348
31 4601.659716246228
32 4442.513225625863
33 4321.368548093907
34 4222.72240693129
35 4117.273097378022
36 4010.698474210872
37 3920.963268360449
38 3848.417554031537
39 3784.5647987587436
40 3729.276148211986
41 3680.9516036916607
42 3640.607541949141
43 3594.086622694846
44 3559.211166799379
45 3527.751155704968
46 3501.7087364025306
47 3480.9096225521953
48 3462.891576887147
49 3444.71915474166
50 3429.5840768869493
51 3415.5984339045485
52 3402.0039142587993
53 3389.776254190166
54 3381.0262045175655
55 3373.0796371607817
56 3365.667800039013
57 3359.4923416721394
58 3352.466980996991
59 3347.2314540973844
60 3343.2515189208657
61 3338.28473868941
62 3334.230971801418
63 3331.1255926494982
64 3328.3596574538406
65 3325.376108950472
66 3322.6603540671913
67 3320.446085384399
68 3318.492140544449
69 3316.8650638847344
70 3315.371598742706
71 3314.082464101006
72 3312.484438106035
73 3311.2609672690583
74 3310.2762434106444
75 3309.457227658355
76 3308.6542587910603
77 3307.7152712123666
78 3307.045415543631
79 3306.2732104633906
80 3305.6701597056967
81 3305.2163303618613
82 3304.7455619168554
83 3304.2961921261085
84 3303.9153802537617
85 3303.4825087607655
86 3303.0498729109536
87 3302.747536260386
88 3302.5252092459195
89 3302.304065133765
90 3302.067962885354
91 3301.836045680469
92 3301.6001546969505
93 3301.4022224126898
94 3301.243035980469
95 3301.091296615643
96 3300.927969221166
97 3300.8004361686017
98 3300.6507265204455
99 3300.545991585612
100 3300.4546342755034
101 3300.361495397885
102 3300.2561768986366
103 3300.1766665683263
104 3300.08302152939
105 3300.0149293253303
106 3299.9498940079006
107 3299.893224350282
108 3299.821070144492
109 3299.7497467078033
110 3299.6930504344473
111 3299.650219575939
112 3299.6075864707195
113 3299.5669204026744
114 3299.524977064643
115 3299.4887971477037
116 3299.4478563425496
117 3299.41286878724
118 3299.3860710139415
119 3299.362622445044
120 3299.327950282483
121 3299.2970416269654
122 3299.275408342836
123 3299.2579393721317
124 3299.2382907136257
125 3299.215908448545
126 3299.1995280833994
127 3299.176509841165
128 3299.157137630052
129 3299.1431963450464
130 3299.130820649292
131 3299.112847369904
132 3299.0995925838347
133 3299.087076936788
134 3299.0730515625182
135 3299.0608912848893
136 3299.0427192931634
137 3299.0299410083703
138 3299.020874791437
139 3299.0122821827154
140 3298.9995612521634
141 3298.990144733416
142 3298.983437317798
143 3298.9768538814765
144 3298.9703729516536
145 3298.963176817288
146 3298.9573758660185
147 3298.952955790788
148 3298.9486579215773
149 3298.943765796211
150 3298.940163660964
151 3298.936664921485
152 3298.933605681524
153 3298.930346515608
154 3298.9275863404523
155 3298.924564019317
156 3298.9221769002083
157 3298.9191283836954
158 3298.916578735259
159 3298.9145329928283
160 3298.9129551151
161 3298.9108810228768
162 3298.909415904556
163 3298.9079620596785
164 3298.906327671308
165 3298.904564535358
166 3298.9033269221777
167 3298.9024185011694
168 3298.9012181144285
169 3298.899928014607
170 3298.8988765410963
171 3298.8980679329848
172 3298.8974511063534
173 3298.8966326365394
174 3298.896026194165
175 3298.8952395188294
176 3298.8945051875467
177 3298.8939899884244
178 3298.893563191405
179 3298.8929770999243
180 3298.892513111679
181 3298.892044095049
182 3298.8916478206393
183 3298.891366474407
184 3298.890988864862
185 3298.890480465571
186 3298.89011856332
187 3298.8898582373163
188 3298.8895648544676
189 3298.889286348191
190 3298.8890724609823
191 3298.8887816379865
192 3298.888551433969
193 3298.888383767873
194 3298.88817821414
195 3298.887996020112
196 3298.8878199097435
197 3298.8876019642157
198 3298.8874491585325
199 3298.8873339913735
200 3298.8871822432297
201 3298.887043826311
202 3298.886944178073
203 3298.8868619385576
204 3298.886749504946
205 3298.8866637758947
206 3298.8865717490294
207 3298.8864845626595
208 3298.886406892178
209 3298.886333530288
210 3298.886255566173
211 3298.886197308973
212 3298.8861436422717
213 3298.886079266101
214 3298.886033314015
215 3298.885979950365
216 3298.8859334942877
217 3298.8858925294176
218 3298.8858560351728
219 3298.885813830888
220 3298.885781121075
221 3298.8857564124105
222 3298.88572352068
223 3298.8856994442376
224 3298.885676820623
225 3298.8856536904354
226 3298.8856343505554
227 3298.885618611383
228 3298.885596891787
229 3298.88557891914
230 3298.885565896527
231 3298.8855551588035
232 3298.885544657855
233 3298.8855308312136
234 3298.8855192276264
235 3298.8855084092515
236 3298.8855001144743
237 3298.8854931264154
238 3298.8854829132774
239 3298.8854746384895
240 3298.8854684968082
241 3298.885463714958
242 3298.8854574056327
243 3298.8854500988145
244 3298.885444014229
245 3298.8854397215073
246 3298.8854365512307
247 3298.8854322266666
248 3298.885427989326
249 3298.8854243453043
250 3298.885420493816
251 3298.88541751981
252 3298.8854149441054
253 3298.8854118854483
254 3298.885409643925
255 3298.8854078319946
256 3298.8854056379064
257 3298.8854036351454
258 3298.885401479971
259 3298.885399929774
260 3298.885398610006
261 3298.8853973462797
262 3298.8853960476317
263 3298.885394831943
264 3298.8853937795575
265 3298.885393027429
266 3298.8853922090652
267 3298.8853911689343
268 3298.885390309537
269 3298.8853896560977
270 3298.885389107989
271 3298.88538859735
272 3298.8853880588836
273 3298.8853874723886
274 3298.8853869203704
275 3298.885386506791
276 3298.8853860506315
277 3298.8853857078625
278 3298.885385425907
279 3298.8853850582504
280 3298.885384768253
281 3298.88538451244
282 3298.885384243576
283 3298.885383845847
284 3298.8853835586656
285 3298.885383333263
286 3298.8853831721704
287 3298.885383041374
288 3298.8853828154465
289 3298.885382643634
290 3298.885382483162
291 3298.8853822993483
292 3298.8853821564135
293 3298.885381993994
294 3298.885381879328
295 3298.885381759374
296 3298.885381632699
297 3298.885381539208
298 3298.885381413915
299 3298.8853813161804
300 3298.8853812444827
301 3298.8853811889126
302 3298.8853811038794
303 3298.8853810253436
304 3298.8853809563066
305 3298.8853809031443
306 3298.885380845131
307 3298.885380799378
308 3298.8853807627365
309 3298.885380728841
310 3298.8853806790617
311 3298.885380637941
312 3298.8853806052634
313 3298.885380573865
314 3298.8853805448052
315 3298.885380523611
316 3298.8853805005347
317 3298.88538048043
318 3298.8853804623773
319 3298.885380441774
320 3298.885380425145
321 3298.885380409532
322 3298.8853803898237
323 3298.8853803745865
324 3298.885380359454
325 3298.88538034886
326 3298.885380335534
327 3298.885380324351
328 3298.885380315792
329 3298.8853803066536
330 3298.885380296832
331 3298.885380288221
332 3298.8853802792705
333 3298.885380270361
334 3298.885380263047
335 3298.88538025557
336 3298.885380247095
337 3298.885380241049
338 3298.88538023623
339 3298.885380231663
340 3298.88538022501
341 3298.8853802200024
342 3298.885380215952
343 3298.8853802124163
344 3298.8853802085246
345 3298.885380204633
346 3298.885380201417
347 3298.8853801989994
348 3298.8853801967234
349 3298.8853801944065
350 3298.885380191588
351 3298.885380189229
352 3298.8853801865757
353 3298.885380184676
354 3298.8853801832706
355 3298.8853801817772
356 3298.8853801800738
357 3298.8853801784844
358 3298.8853801773034
359 3298.885380176101
360 3298.8853801746627
361 3298.885380173529
362 3298.8853801725672
363 3298.885380171683
364 3298.8853801706005
365 3298.885380169769
366 3298.8853801689384
367 3298.885380168141
368 3298.885380167478
369 3298.885380166786
370 3298.8853801660675
371 3298.8853801652417
372 3298.8853801646515
373 3298.8853801642217
374 3298.8853801637124
375 3298.8853801632545
376 3298.8853801626997
377 3298.885380162262
378 3298.885380161904
379 3298.8853801616074
380 3298.8853801611635
381 3298.8853801608457
382 3298.8853801606006
383 3298.8853801603177
384 3298.8853801599707
385 3298.88538015972
386 3298.885380159543
387 3298.8853801594064
388 3298.885380159174
389 3298.885380158981
390 3298.885380158818
391 3298.8853801586824
392 3298.8853801585133
393 3298.8853801583373
394 3298.8853801582122
395 3298.8853801581167
396 3298.8853801580312
397 3298.8853801579257
398 3298.8853801578475
399 3298.8853801577575
400 3298.885380157679
401 3298.8853801575765
402 3298.885380157484
403 3298.885380157419
404 3298.8853801573428
405 3298.8853801572627
406 3298.885380157204
407 3298.8853801571563
408 3298.885380157111
409 3298.885380157059
410 3298.8853801570062
411 3298.885380156937
412 3298.8853801568835
413 3298.885380156844
414 3298.885380156815
415 3298.8853801567748
416 3298.8853801567407
417 3298.8853801567143
418 3298.8853801566875
419 3298.8853801566624
420 3298.885380156637
421 3298.885380156615
422 3298.885380156587
423 3298.8853801565656
424 3298.8853801565488
425 3298.885380156531
426 3298.8853801565106
427 3298.8853801564933
428 3298.885380156476
429 3298.8853801564624
430 3298.885380156447
431 3298.8853801564346
432 3298.8853801564255
433 3298.885380156414
434 3298.8853801564055
435 3298.885380156395
436 3298.8853801563855
437 3298.8853801563782
438 3298.8853801563687
439 3298.88538015636
440 3298.8853801563528
441 3298.8853801563473
442 3298.8853801563414
443 3298.8853801563346
444 3298.885380156329
445 3298.885380156324
446 3298.8853801563187
447 3298.885380156314
448 3298.885380156309
449 3298.8853801563055
450 3298.8853801563023
451 3298.885380156298
452 3298.8853801562946
453 3298.8853801562914
454 3298.8853801562896
455 3298.885380156287
456 3298.8853801562836
457 3298.885380156282
458 3298.88538015628
459 3298.8853801562777
460 3298.885380156275
461 3298.885380156273
462 3298.8853801562714
463 3298.885380156271
464 3298.885380156269
465 3298.8853801562677
466 3298.885380156266
467 3298.885380156265
468 3298.885380156264
469 3298.885380156263
470 3298.885380156262
471 3298.885380156262
472 3298.8853801562605
473 3298.88538015626
474 3298.8853801562595
475 3298.8853801562586
476 3298.885380156258
477 3298.8853801562577
478 3298.885380156257
479 3298.8853801562564
480 3298.8853801562564
481 3298.8853801562564
482 3298.8853801562564
483 3298.885380156256
484 3298.885380156255
485 3298.8853801562545
486 3298.8853801562545
487 3298.8853801562545
488 3298.885380156254
489 3298.885380156254
490 3298.885380156254
491 3298.885380156253
492 3298.885380156253
493 3298.885380156253
494 3298.885380156253
495 3298.885380156253
496 3298.885380156253
497 3298.885380156253
498 3298.885380156253
499 3298.885380156253
500 3298.8853801562527
501 3298.8853801562527
502 3298.8853801562527
503 3298.8853801562527
504 3298.8853801562527
505 3298.8853801562527
506 3298.8853801562527
507 3298.8853801562527
508 3298.8853801562527
509 3298.8853801562527
510 3298.8853801562527
511 3298.8853801562527
512 3298.8853801562527
513 3298.8853801562527
514 3298.8853801562527
515 3298.8853801562527
516 3298.8853801562527
517 3298.8853801562527
518 3298.8853801562527
519 3298.8853801562527
520 3298.8853801562527
521 3298.8853801562527
522 3298.8853801562527
523 3298.8853801562527
524 3298.8853801562527
525 3298.8853801562527
526 3298.8853801562527
527 3298.8853801562527
528 3298.8853801562527
529 3298.8853801562527
530 3298.8853801562527
531 3298.8853801562527
532 3298.8853801562527
533 3298.8853801562527
534 3298.8853801562527
535 3298.8853801562527
536 3298.8853801562527
537 3298.8853801562527
538 3298.8853801562527
539 3298.8853801562527
540 3298.8853801562527
541 3298.8853801562527
542 3298.8853801562527
543 3298.8853801562527
544 3298.8853801562527
545 3298.8853801562527
546 3298.8853801562527
547 3298.8853801562527
548 3298.8853801562527
549 3298.8853801562527
550 3298.8853801562527
551 3298.8853801562527
552 3298.8853801562527
553 3298.8853801562527
554 3298.8853801562527
555 3298.8853801562527
556 3298.8853801562527
557 3298.8853801562527
558 3298.8853801562527
559 3298.8853801562527
560 3298.8853801562527
561 3298.8853801562527
562 3298.8853801562527
563 3298.8853801562527
564 3298.8853801562527
565 3298.8853801562527
566 3298.8853801562527
567 3298.8853801562527
568 3298.8853801562527
569 3298.8853801562527
570 3298.8853801562527
571 3298.8853801562527
572 3298.8853801562527
573 3298.8853801562527
574 3298.8853801562527
575 3298.8853801562527
576 3298.8853801562527
577 3298.8853801562527
578 3298.8853801562527
579 3298.8853801562527
580 3298.8853801562527
581 3298.8853801562527
582 3298.8853801562527
583 3298.8853801562527
584 3298.8853801562527
585 3298.8853801562527
586 3298.8853801562527
587 3298.8853801562527
588 3298.8853801562527
589 3298.8853801562527
590 3298.8853801562527
591 3298.8853801562527
592 3298.8853801562527
593 3298.8853801562527
594 3298.8853801562527
595 3298.8853801562527
596 3298.8853801562527
597 3298.8853801562527
598 3298.8853801562527
599 3298.8853801562527
600 3298.8853801562527
601 3298.8853801562527
602 3298.8853801562527
603 3298.8853801562527
604 3298.8853801562527
605 3298.8853801562527
606 3298.8853801562527
607 3298.8853801562527
608 3298.8853801562527
609 3298.8853801562527
610 3298.8853801562527
611 3298.8853801562527
612 3298.8853801562527
613 3298.8853801562527
614 3298.8853801562527
615 3298.8853801562527
616 3298.8853801562527
617 3298.8853801562527
618 3298.8853801562527
619 3298.8853801562527
620 3298.8853801562527
621 3298.8853801562527
622 3298.8853801562527
623 3298.8853801562527
624 3298.8853801562527
625 3298.8853801562527
626 3298.8853801562527
627 3298.8853801562527
628 3298.8853801562527
629 3298.8853801562527
630 3298.8853801562527
631 3298.8853801562527
632 3298.8853801562527
633 3298.8853801562527
634 3298.8853801562527
635 3298.8853801562527
636 3298.8853801562527
637 3298.8853801562527
638 3298.8853801562527
639 3298.8853801562527
640 3298.8853801562527
641 3298.8853801562527
642 3298.8853801562527
643 3298.8853801562527
644 3298.8853801562527
645 3298.8853801562527
646 3298.8853801562527
647 3298.8853801562527
648 3298.8853801562527
649 3298.8853801562527
650 3298.8853801562527
651 3298.8853801562527
652 3298.8853801562527
653 3298.8853801562527
654 3298.8853801562527
655 3298.8853801562527
656 3298.8853801562527
657 3298.8853801562527
658 3298.8853801562527
659 3298.8853801562527
660 3298.8853801562527
661 3298.8853801562527
662 3298.8853801562527
663 3298.8853801562527
664 3298.8853801562527
665 3298.8853801562527
666 3298.8853801562527
667 3298.8853801562527
668 3298.8853801562527
669 3298.8853801562527
670 3298.8853801562527
671 3298.8853801562527
672 3298.8853801562527
673 3298.8853801562527
674 3298.8853801562527
675 3298.8853801562527
676 3298.8853801562527
677 3298.8853801562527
678 3298.8853801562527
679 3298.8853801562527
680 3298.8853801562527
681 3298.8853801562527
682 3298.8853801562527
683 3298.8853801562527
684 3298.8853801562527
685 3298.8853801562527
686 3298.8853801562527
687 3298.8853801562527
688 3298.8853801562527
689 3298.8853801562527
690 3298.8853801562527
691 3298.8853801562527
692 3298.8853801562527
693 3298.8853801562527
694 3298.8853801562527
695 3298.8853801562527
696 3298.8853801562527
697 3298.8853801562527
698 3298.8853801562527
699 3298.8853801562527
700 3298.8853801562527
701 3298.8853801562527
702 3298.8853801562527
703 3298.8853801562527
704 3298.8853801562527
705 3298.8853801562527
706 3298.8853801562527
707 3298.8853801562527
708 3298.8853801562527
709 3298.8853801562527
710 3298.8853801562527
711 3298.8853801562527
712 3298.8853801562527
713 3298.8853801562527
714 3298.8853801562527
715 3298.8853801562527
716 3298.8853801562527
717 3298.8853801562527
718 3298.8853801562527
719 3298.8853801562527
720 3298.8853801562527
721 3298.8853801562527
722 3298.8853801562527
723 3298.8853801562527
724 3298.8853801562527
725 3298.8853801562527
726 3298.8853801562527
727 3298.8853801562527
728 3298.8853801562527
729 3298.8853801562527
730 3298.8853801562527
731 3298.8853801562527
732 3298.8853801562527
733 3298.8853801562527
734 3298.8853801562527
735 3298.8853801562527
736 3298.8853801562527
737 3298.8853801562527
738 3298.8853801562527
739 3298.8853801562527
740 3298.8853801562527
741 3298.8853801562527
742 3298.8853801562527
743 3298.8853801562527
744 3298.8853801562527
745 3298.8853801562527
746 3298.8853801562527
747 3298.8853801562527
748 3298.8853801562527
749 3298.8853801562527
750 3298.8853801562527
751 3298.8853801562527
752 3298.8853801562527
753 3298.8853801562527
754 3298.8853801562527
755 3298.8853801562527
756 3298.8853801562527
757 3298.8853801562527
758 3298.8853801562527
759 3298.8853801562527
760 3298.8853801562527
761 3298.8853801562527
762 3298.8853801562527
763 3298.8853801562527
764 3298.8853801562527
765 3298.8853801562527
766 3298.8853801562527
767 3298.8853801562527
768 3298.8853801562527
769 3298.8853801562527
770 3298.8853801562527
771 3298.8853801562527
772 3298.8853801562527
773 3298.8853801562527
774 3298.8853801562527
775 3298.8853801562527
776 3298.8853801562527
777 3298.8853801562527
778 3298.8853801562527
779 3298.8853801562527
780 3298.8853801562527
781 3298.8853801562527
782 3298.8853801562527
783 3298.8853801562527
784 3298.8853801562527
785 3298.8853801562527
786 3298.8853801562527
787 3298.8853801562527
788 3298.8853801562527
789 3298.8853801562527
790 3298.8853801562527
791 3298.8853801562527
792 3298.8853801562527
793 3298.8853801562527
794 3298.8853801562527
795 3298.8853801562527
796 3298.8853801562527
797 3298.8853801562527
798 3298.8853801562527
799 3298.8853801562527
800 3298.8853801562527
801 3298.8853801562527
802 3298.8853801562527
803 3298.8853801562527
804 3298.8853801562527
805 3298.8853801562527
806 3298.8853801562527
807 3298.8853801562527
808 3298.8853801562527
809 3298.8853801562527
810 3298.8853801562527
811 3298.8853801562527
812 3298.8853801562527
813 3298.8853801562527
814 3298.8853801562527
815 3298.8853801562527
816 3298.8853801562527
817 3298.8853801562527
818 3298.8853801562527
819 3298.8853801562527
820 3298.8853801562527
821 3298.8853801562527
822 3298.8853801562527
823 3298.8853801562527
824 3298.8853801562527
825 3298.8853801562527
826 3298.8853801562527
827 3298.8853801562527
828 3298.8853801562527
829 3298.8853801562527
830 3298.8853801562527
831 3298.8853801562527
832 3298.8853801562527
833 3298.8853801562527
834 3298.8853801562527
835 3298.8853801562527
836 3298.8853801562527
837 3298.8853801562527
838 3298.8853801562527
839 3298.8853801562527
840 3298.8853801562527
841 3298.8853801562527
842 3298.8853801562527
843 3298.8853801562527
844 3298.8853801562527
845 3298.8853801562527
846 3298.8853801562527
847 3298.8853801562527
848 3298.8853801562527
849 3298.8853801562527
850 3298.8853801562527
851 3298.8853801562527
852 3298.8853801562527
853 3298.8853801562527
854 3298.8853801562527
855 3298.8853801562527
856 3298.8853801562527
857 3298.8853801562527
858 3298.8853801562527
859 3298.8853801562527
860 3298.8853801562527
861 3298.8853801562527
862 3298.8853801562527
863 3298.8853801562527
864 3298.8853801562527
865 3298.8853801562527
866 3298.8853801562527
867 3298.8853801562527
868 3298.8853801562527
869 3298.8853801562527
870 3298.8853801562527
871 3298.8853801562527
872 3298.8853801562527
873 3298.8853801562527
874 3298.8853801562527
875 3298.8853801562527
876 3298.8853801562527
877 3298.8853801562527
878 3298.8853801562527
879 3298.8853801562527
880 3298.8853801562527
881 3298.8853801562527
882 3298.8853801562527
883 3298.8853801562527
884 3298.8853801562527
885 3298.8853801562527
886 3298.8853801562527
887 3298.8853801562527
888 3298.8853801562527
889 3298.8853801562527
890 3298.8853801562527
891 3298.8853801562527
892 3298.8853801562527
893 3298.8853801562527
894 3298.8853801562527
895 3298.8853801562527
896 3298.8853801562527
897 3298.8853801562527
898 3298.8853801562527
899 3298.8853801562527
900 3298.8853801562527
901 3298.8853801562527
902 3298.8853801562527
903 3298.8853801562527
904 3298.8853801562527
905 3298.8853801562527
906 3298.8853801562527
907 3298.8853801562527
908 3298.8853801562527
909 3298.8853801562527
910 3298.8853801562527
911 3298.8853801562527
912 3298.8853801562527
913 3298.8853801562527
914 3298.8853801562527
915 3298.8853801562527
916 3298.8853801562527
917 3298.8853801562527
918 3298.8853801562527
919 3298.8853801562527
920 3298.8853801562527
921 3298.8853801562527
922 3298.8853801562527
923 3298.8853801562527
924 3298.8853801562527
925 3298.8853801562527
926 3298.8853801562527
927 3298.8853801562527
928 3298.8853801562527
929 3298.8853801562527
930 3298.8853801562527
931 3298.8853801562527
932 3298.8853801562527
933 3298.8853801562527
934 3298.8853801562527
935 3298.8853801562527
936 3298.8853801562527
937 3298.8853801562527
938 3298.8853801562527
939 3298.8853801562527
940 3298.8853801562527
941 3298.8853801562527
942 3298.8853801562527
943 3298.8853801562527
944 3298.8853801562527
945 3298.8853801562527
946 3298.8853801562527
947 3298.8853801562527
948 3298.8853801562527
949 3298.8853801562527
950 3298.8853801562527
951 3298.8853801562527
952 3298.8853801562527
953 3298.8853801562527
954 3298.8853801562527
955 3298.8853801562527
956 3298.8853801562527
957 3298.8853801562527
958 3298.8853801562527
959 3298.8853801562527
960 3298.8853801562527
961 3298.8853801562527
962 3298.8853801562527
963 3298.8853801562527
964 3298.8853801562527
965 3298.8853801562527
966 3298.8853801562527
967 3298.8853801562527
968 3298.8853801562527
969 3298.8853801562527
970 3298.8853801562527
971 3298.8853801562527
972 3298.8853801562527
973 3298.8853801562527
974 3298.8853801562527
975 3298.8853801562527
976 3298.8853801562527
977 3298.8853801562527
978 3298.8853801562527
979 3298.8853801562527
980 3298.8853801562527
981 3298.8853801562527
982 3298.8853801562527
983 3298.8853801562527
984 3298.8853801562527
985 3298.8853801562527
986 3298.8853801562527
987 3298.8853801562527
988 3298.8853801562527
989 3298.8853801562527
990 3298.8853801562527
991 3298.8853801562527
992 3298.8853801562527
993 3298.8853801562527
994 3298.8853801562527
995 3298.8853801562527
996 3298.8853801562527
997 3298.8853801562527
998 3298.8853801562527
999 3298.8853801562527
1000 3298.8853801562527
1001 3298.8853801562527
1002 3298.8853801562527
1003 3298.8853801562527
1004 3298.8853801562527
1005 3298.8853801562527
1006 3298.8853801562527
1007 3298.8853801562527
1008 3298.8853801562527
1009 3298.8853801562527
1010 3298.8853801562527
1011 3298.8853801562527
1012 3298.8853801562527
1013 3298.8853801562527
1014 3298.8853801562527
1015 3298.8853801562527
1016 3298.8853801562527
1017 3298.8853801562527
1018 3298.8853801562527
1019 3298.8853801562527
1020 3298.8853801562527
1021 3298.8853801562527
1022 3298.8853801562527
1023 3298.8853801562527
1024 3298.8853801562527
1025 3298.8853801562527
1026 3298.8853801562527
1027 3298.8853801562527
1028 3298.8853801562527
1029 3298.8853801562527
1030 3298.8853801562527
1031 3298.8853801562527
1032 3298.8853801562527
1033 3298.8853801562527
1034 3298.8853801562527
1035 3298.8853801562527
1036 3298.8853801562527
1037 3298.8853801562527
1038 3298.8853801562527
1039 3298.8853801562527
1040 3298.8853801562527
1041 3298.8853801562527
1042 3298.8853801562527
1043 3298.8853801562527
1044 3298.8853801562527
1045 3298.8853801562527
1046 3298.8853801562527
1047 3298.8853801562527
1048 3298.8853801562527
1049 3298.8853801562527
1050 3298.8853801562527
1051 3298.8853801562527
1052 3298.8853801562527
1053 3298.8853801562527
1054 3298.8853801562527
1055 3298.8853801562527
1056 3298.8853801562527
1057 3298.8853801562527
1058 3298.8853801562527
1059 3298.8853801562527
1060 3298.8853801562527
1061 3298.8853801562527
1062 3298.8853801562527
1063 3298.8853801562527
1064 3298.8853801562527
1065 3298.8853801562527
1066 3298.8853801562527
1067 3298.8853801562527
1068 3298.8853801562527
1069 3298.8853801562527
1070 3298.8853801562527
1071 3298.8853801562527
1072 3298.8853801562527
1073 3298.8853801562527
1074 3298.8853801562527
1075 3298.8853801562527
1076 3298.8853801562527
1077 3298.8853801562527
1078 3298.8853801562527
1079 3298.8853801562527
1080 3298.8853801562527
1081 3298.8853801562527
1082 3298.8853801562527
1083 3298.8853801562527
1084 3298.8853801562527
1085 3298.8853801562527
1086 3298.8853801562527
1087 3298.8853801562527
1088 3298.8853801562527
1089 3298.8853801562527
1090 3298.8853801562527
1091 3298.8853801562527
1092 3298.8853801562527
1093 3298.8853801562527
1094 3298.8853801562527
1095 3298.8853801562527
1096 3298.8853801562527
1097 3298.8853801562527
1098 3298.8853801562527
1099 3298.8853801562527
1100 3298.8853801562527
1101 3298.8853801562527
1102 3298.8853801562527
1103 3298.8853801562527
1104 3298.8853801562527
1105 3298.8853801562527
1106 3298.8853801562527
1107 3298.8853801562527
1108 3298.8853801562527
1109 3298.8853801562527
1110 3298.8853801562527
1111 3298.8853801562527
1112 3298.8853801562527
1113 3298.8853801562527
1114 3298.8853801562527
1115 3298.8853801562527
1116 3298.8853801562527
1117 3298.8853801562527
1118 3298.8853801562527
1119 3298.8853801562527
1120 3298.8853801562527
1121 3298.8853801562527
1122 3298.8853801562527
1123 3298.8853801562527
1124 3298.8853801562527
1125 3298.8853801562527
1126 3298.8853801562527
1127 3298.8853801562527
1128 3298.8853801562527
1129 3298.8853801562527
1130 3298.8853801562527
1131 3298.8853801562527
1132 3298.8853801562527
1133 3298.8853801562527
1134 3298.8853801562527
1135 3298.8853801562527
1136 3298.8853801562527
1137 3298.8853801562527
1138 3298.8853801562527
1139 3298.8853801562527
1140 3298.8853801562527
1141 3298.8853801562527
1142 3298.8853801562527
1143 3298.8853801562527
1144 3298.8853801562527
1145 3298.8853801562527
1146 3298.8853801562527
1147 3298.8853801562527
1148 3298.8853801562527
1149 3298.8853801562527
1150 3298.8853801562527
1151 3298.8853801562527
1152 3298.8853801562527
1153 3298.8853801562527
1154 3298.8853801562527
1155 3298.8853801562527
1156 3298.8853801562527
1157 3298.8853801562527
1158 3298.8853801562527
1159 3298.8853801562527
1160 3298.8853801562527
1161 3298.8853801562527
1162 3298.8853801562527
1163 3298.8853801562527
1164 3298.8853801562527
1165 3298.8853801562527
1166 3298.8853801562527
1167 3298.8853801562527
1168 3298.8853801562527
1169 3298.8853801562527
1170 3298.8853801562527
1171 3298.8853801562527
1172 3298.8853801562527
1173 3298.8853801562527
1174 3298.8853801562527
1175 3298.8853801562527
1176 3298.8853801562527
1177 3298.8853801562527
1178 3298.8853801562527
1179 3298.8853801562527
1180 3298.8853801562527
1181 3298.8853801562527
1182 3298.8853801562527
1183 3298.8853801562527
1184 3298.8853801562527
1185 3298.8853801562527
1186 3298.8853801562527
1187 3298.8853801562527
1188 3298.8853801562527
1189 3298.8853801562527
1190 3298.8853801562527
1191 3298.8853801562527
1192 3298.8853801562527
1193 3298.8853801562527
1194 3298.8853801562527
1195 3298.8853801562527
1196 3298.8853801562527
1197 3298.8853801562527
1198 3298.8853801562527
1199 3298.8853801562527
1200 3298.8853801562527
1201 3298.8853801562527
1202 3298.8853801562527
1203 3298.8853801562527
1204 3298.8853801562527
1205 3298.8853801562527
1206 3298.8853801562527
1207 3298.8853801562527
1208 3298.8853801562527
1209 3298.8853801562527
1210 3298.8853801562527
1211 3298.8853801562527
1212 3298.8853801562527
1213 3298.8853801562527
1214 3298.8853801562527
1215 3298.8853801562527
1216 3298.8853801562527
1217 3298.8853801562527
1218 3298.8853801562527
1219 3298.8853801562527
1220 3298.8853801562527
1221 3298.8853801562527
1222 3298.8853801562527
1223 3298.8853801562527
1224 3298.8853801562527
1225 3298.8853801562527
1226 3298.8853801562527
1227 3298.8853801562527
1228 3298.8853801562527
1229 3298.8853801562527
1230 3298.8853801562527
1231 3298.8853801562527
1232 3298.8853801562527
1233 3298.8853801562527
1234 3298.8853801562527
1235 3298.8853801562527
1236 3298.8853801562527
1237 3298.8853801562527
1238 3298.8853801562527
1239 3298.8853801562527
1240 3298.8853801562527
1241 3298.8853801562527
1242 3298.8853801562527
1243 3298.8853801562527
1244 3298.8853801562527
1245 3298.8853801562527
1246 3298.8853801562527
1247 3298.8853801562527
1248 3298.8853801562527
1249 3298.8853801562527
1250 3298.8853801562527
1251 3298.8853801562527
1252 3298.8853801562527
1253 3298.8853801562527
1254 3298.8853801562527
1255 3298.8853801562527
1256 3298.8853801562527
1257 3298.8853801562527
1258 3298.8853801562527
1259 3298.8853801562527
1260 3298.8853801562527
1261 3298.8853801562527
1262 3298.8853801562527
1263 3298.8853801562527
1264 3298.8853801562527
1265 3298.8853801562527
1266 3298.8853801562527
1267 3298.8853801562527
1268 3298.8853801562527
1269 3298.8853801562527
1270 3298.8853801562527
1271 3298.8853801562527
1272 3298.8853801562527
1273 3298.8853801562527
1274 3298.8853801562527
1275 3298.8853801562527
1276 3298.8853801562527
1277 3298.8853801562527
1278 3298.8853801562527
1279 3298.8853801562527
1280 3298.8853801562527
1281 3298.8853801562527
1282 3298.8853801562527
1283 3298.8853801562527
1284 3298.8853801562527
1285 3298.8853801562527
1286 3298.8853801562527
1287 3298.8853801562527
1288 3298.8853801562527
1289 3298.8853801562527
1290 3298.8853801562527
1291 3298.8853801562527
1292 3298.8853801562527
1293 3298.8853801562527
1294 3298.8853801562527
1295 3298.8853801562527
1296 3298.8853801562527
1297 3298.8853801562527
1298 3298.8853801562527
1299 3298.8853801562527
1300 3298.8853801562527
1301 3298.8853801562527
1302 3298.8853801562527
1303 3298.8853801562527
1304 3298.8853801562527
1305 3298.8853801562527
1306 3298.8853801562527
1307 3298.8853801562527
1308 3298.8853801562527
1309 3298.8853801562527
1310 3298.8853801562527
1311 3298.8853801562527
1312 3298.8853801562527
1313 3298.8853801562527
1314 3298.8853801562527
1315 3298.8853801562527
1316 3298.8853801562527
1317 3298.8853801562527
1318 3298.8853801562527
1319 3298.8853801562527
1320 3298.8853801562527
1321 3298.8853801562527
1322 3298.8853801562527
1323 3298.8853801562527
1324 3298.8853801562527
1325 3298.8853801562527
1326 3298.8853801562527
1327 3298.8853801562527
1328 3298.8853801562527
1329 3298.8853801562527
1330 3298.8853801562527
1331 3298.8853801562527
1332 3298.8853801562527
1333 3298.8853801562527
1334 3298.8853801562527
1335 3298.8853801562527
1336 3298.8853801562527
1337 3298.8853801562527
1338 3298.8853801562527
1339 3298.8853801562527
1340 3298.8853801562527
1341 3298.8853801562527
1342 3298.8853801562527
1343 3298.8853801562527
1344 3298.8853801562527
1345 3298.8853801562527
1346 3298.8853801562527
1347 3298.8853801562527
1348 3298.8853801562527
1349 3298.8853801562527
1350 3298.8853801562527
1351 3298.8853801562527
1352 3298.8853801562527
1353 3298.8853801562527
1354 3298.8853801562527
1355 3298.8853801562527
1356 3298.8853801562527
1357 3298.8853801562527
1358 3298.8853801562527
1359 3298.8853801562527
1360 3298.8853801562527
1361 3298.8853801562527
1362 3298.8853801562527
1363 3298.8853801562527
1364 3298.8853801562527
1365 3298.8853801562527
1366 3298.8853801562527
1367 3298.8853801562527
1368 3298.8853801562527
1369 3298.8853801562527
1370 3298.8853801562527
1371 3298.8853801562527
1372 3298.8853801562527
1373 3298.8853801562527
1374 3298.8853801562527
1375 3298.8853801562527
1376 3298.8853801562527
1377 3298.8853801562527
1378 3298.8853801562527
1379 3298.8853801562527
1380 3298.8853801562527
1381 3298.8853801562527
1382 3298.8853801562527
1383 3298.8853801562527
1384 3298.8853801562527
1385 3298.8853801562527
1386 3298.8853801562527
1387 3298.8853801562527
1388 3298.8853801562527
1389 3298.8853801562527
1390 3298.8853801562527
1391 3298.8853801562527
1392 3298.8853801562527
1393 3298.8853801562527
1394 3298.8853801562527
1395 3298.8853801562527
1396 3298.8853801562527
1397 3298.8853801562527
1398 3298.8853801562527
1399 3298.8853801562527
1400 3298.8853801562527
1401 3298.8853801562527
1402 3298.8853801562527
1403 3298.8853801562527
1404 3298.8853801562527
1405 3298.8853801562527
1406 3298.8853801562527
1407 3298.8853801562527
1408 3298.8853801562527
1409 3298.8853801562527
1410 3298.8853801562527
1411 3298.8853801562527
1412 3298.8853801562527
1413 3298.8853801562527
1414 3298.8853801562527
1415 3298.8853801562527
1416 3298.8853801562527
1417 3298.8853801562527
1418 3298.8853801562527
1419 3298.8853801562527
1420 3298.8853801562527
1421 3298.8853801562527
1422 3298.8853801562527
1423 3298.8853801562527
1424 3298.8853801562527
1425 3298.8853801562527
1426 3298.8853801562527
1427 3298.8853801562527
1428 3298.8853801562527
1429 3298.8853801562527
1430 3298.8853801562527
1431 3298.8853801562527
1432 3298.8853801562527
1433 3298.8853801562527
1434 3298.8853801562527
1435 3298.8853801562527
1436 3298.8853801562527
1437 3298.8853801562527
1438 3298.8853801562527
1439 3298.8853801562527
1440 3298.8853801562527
1441 3298.8853801562527
1442 3298.8853801562527
1443 3298.8853801562527
1444 3298.8853801562527
1445 3298.8853801562527
1446 3298.8853801562527
1447 3298.8853801562527
1448 3298.8853801562527
1449 3298.8853801562527
1450 3298.8853801562527
1451 3298.8853801562527
1452 3298.8853801562527
1453 3298.8853801562527
1454 3298.8853801562527
1455 3298.8853801562527
1456 3298.8853801562527
1457 3298.8853801562527
1458 3298.8853801562527
1459 3298.8853801562527
1460 3298.8853801562527
1461 3298.8853801562527
1462 3298.8853801562527
1463 3298.8853801562527
1464 3298.8853801562527
1465 3298.8853801562527
1466 3298.8853801562527
1467 3298.8853801562527
1468 3298.8853801562527
1469 3298.8853801562527
1470 3298.8853801562527
1471 3298.8853801562527
1472 3298.8853801562527
1473 3298.8853801562527
1474 3298.8853801562527
1475 3298.8853801562527
1476 3298.8853801562527
1477 3298.8853801562527
1478 3298.8853801562527
1479 3298.8853801562527
1480 3298.8853801562527
1481 3298.8853801562527
1482 3298.8853801562527
1483 3298.8853801562527
1484 3298.8853801562527
1485 3298.8853801562527
1486 3298.8853801562527
1487 3298.8853801562527
1488 3298.8853801562527
1489 3298.8853801562527
1490 3298.8853801562527
1491 3298.8853801562527
1492 3298.8853801562527
1493 3298.8853801562527
1494 3298.8853801562527
1495 3298.8853801562527
1496 3298.8853801562527
1497 3298.8853801562527
1498 3298.8853801562527
1499 3298.8853801562527
1500 3298.8853801562527
1501 3298.8853801562527
1502 3298.8853801562527
1503 3298.8853801562527
1504 3298.8853801562527
1505 3298.8853801562527
1506 3298.8853801562527
1507 3298.8853801562527
1508 3298.8853801562527
1509 3298.8853801562527
1510 3298.8853801562527
1511 3298.8853801562527
1512 3298.8853801562527
1513 3298.8853801562527
1514 3298.8853801562527
1515 3298.8853801562527
1516 3298.8853801562527
1517 3298.8853801562527
1518 3298.8853801562527
1519 3298.8853801562527
1520 3298.8853801562527
1521 3298.8853801562527
1522 3298.8853801562527
1523 3298.8853801562527
1524 3298.8853801562527
1525 3298.8853801562527
1526 3298.8853801562527
1527 3298.8853801562527
1528 3298.8853801562527
1529 3298.8853801562527
1530 3298.8853801562527
1531 3298.8853801562527
1532 3298.8853801562527
1533 3298.8853801562527
1534 3298.8853801562527
1535 3298.8853801562527
1536 3298.8853801562527
1537 3298.8853801562527
1538 3298.8853801562527
1539 3298.8853801562527
1540 3298.8853801562527
1541 3298.8853801562527
1542 3298.8853801562527
1543 3298.8853801562527
1544 3298.8853801562527
1545 3298.8853801562527
1546 3298.8853801562527
1547 3298.8853801562527
1548 3298.8853801562527
1549 3298.8853801562527
1550 3298.8853801562527
1551 3298.8853801562527
1552 3298.8853801562527
1553 3298.8853801562527
1554 3298.8853801562527
1555 3298.8853801562527
1556 3298.8853801562527
1557 3298.8853801562527
1558 3298.8853801562527
1559 3298.8853801562527
1560 3298.8853801562527
1561 3298.8853801562527
1562 3298.8853801562527
1563 3298.8853801562527
1564 3298.8853801562527
1565 3298.8853801562527
1566 3298.8853801562527
1567 3298.8853801562527
1568 3298.8853801562527
1569 3298.8853801562527
1570 3298.8853801562527
1571 3298.8853801562527
1572 3298.8853801562527
1573 3298.8853801562527
1574 3298.8853801562527
1575 3298.8853801562527
1576 3298.8853801562527
1577 3298.8853801562527
1578 3298.8853801562527
1579 3298.8853801562527
1580 3298.8853801562527
1581 3298.8853801562527
1582 3298.8853801562527
1583 3298.8853801562527
1584 3298.8853801562527
1585 3298.8853801562527
1586 3298.8853801562527
1587 3298.8853801562527
1588 3298.8853801562527
1589 3298.8853801562527
1590 3298.8853801562527
1591 3298.8853801562527
1592 3298.8853801562527
1593 3298.8853801562527
1594 3298.8853801562527
1595 3298.8853801562527
1596 3298.8853801562527
1597 3298.8853801562527
1598 3298.8853801562527
1599 3298.8853801562527
1600 3298.8853801562527
1601 3298.8853801562527
1602 3298.8853801562527
1603 3298.8853801562527
1604 3298.8853801562527
1605 3298.8853801562527
1606 3298.8853801562527
1607 3298.8853801562527
1608 3298.8853801562527
1609 3298.8853801562527
1610 3298.8853801562527
1611 3298.8853801562527
1612 3298.8853801562527
1613 3298.8853801562527
1614 3298.8853801562527
1615 3298.8853801562527
1616 3298.8853801562527
1617 3298.8853801562527
1618 3298.8853801562527
1619 3298.8853801562527
1620 3298.8853801562527
1621 3298.8853801562527
1622 3298.8853801562527
1623 3298.8853801562527
1624 3298.8853801562527
1625 3298.8853801562527
1626 3298.8853801562527
1627 3298.8853801562527
1628 3298.8853801562527
1629 3298.8853801562527
1630 3298.8853801562527
1631 3298.8853801562527
1632 3298.8853801562527
1633 3298.8853801562527
1634 3298.8853801562527
1635 3298.8853801562527
1636 3298.8853801562527
1637 3298.8853801562527
1638 3298.8853801562527
1639 3298.8853801562527
1640 3298.8853801562527
1641 3298.8853801562527
1642 3298.8853801562527
1643 3298.8853801562527
1644 3298.8853801562527
1645 3298.8853801562527
1646 3298.8853801562527
1647 3298.8853801562527
1648 3298.8853801562527
1649 3298.8853801562527
1650 3298.8853801562527
1651 3298.8853801562527
1652 3298.8853801562527
1653 3298.8853801562527
1654 3298.8853801562527
1655 3298.8853801562527
1656 3298.8853801562527
1657 3298.8853801562527
1658 3298.8853801562527
1659 3298.8853801562527
1660 3298.8853801562527
1661 3298.8853801562527
1662 3298.8853801562527
1663 3298.8853801562527
1664 3298.8853801562527
1665 3298.8853801562527
1666 3298.8853801562527
1667 3298.8853801562527
1668 3298.8853801562527
1669 3298.8853801562527
1670 3298.8853801562527
1671 3298.8853801562527
1672 3298.8853801562527
1673 3298.8853801562527
1674 3298.8853801562527
1675 3298.8853801562527
1676 3298.8853801562527
1677 3298.8853801562527
1678 3298.8853801562527
1679 3298.8853801562527
1680 3298.8853801562527
1681 3298.8853801562527
1682 3298.8853801562527
1683 3298.8853801562527
1684 3298.8853801562527
1685 3298.8853801562527
1686 3298.8853801562527
1687 3298.8853801562527
1688 3298.8853801562527
1689 3298.8853801562527
1690 3298.8853801562527
1691 3298.8853801562527
1692 3298.8853801562527
1693 3298.8853801562527
1694 3298.8853801562527
1695 3298.8853801562527
1696 3298.8853801562527
1697 3298.8853801562527
1698 3298.8853801562527
1699 3298.8853801562527
1700 3298.8853801562527
1701 3298.8853801562527
1702 3298.8853801562527
1703 3298.8853801562527
1704 3298.8853801562527
1705 3298.8853801562527
1706 3298.8853801562527
1707 3298.8853801562527
1708 3298.8853801562527
1709 3298.8853801562527
1710 3298.8853801562527
1711 3298.8853801562527
1712 3298.8853801562527
1713 3298.8853801562527
1714 3298.8853801562527
1715 3298.8853801562527
1716 3298.8853801562527
1717 3298.8853801562527
1718 3298.8853801562527
1719 3298.8853801562527
1720 3298.8853801562527
1721 3298.8853801562527
1722 3298.8853801562527
1723 3298.8853801562527
1724 3298.8853801562527
1725 3298.8853801562527
1726 3298.8853801562527
1727 3298.8853801562527
1728 3298.8853801562527
1729 3298.8853801562527
1730 3298.8853801562527
1731 3298.8853801562527
1732 3298.8853801562527
1733 3298.8853801562527
1734 3298.8853801562527
1735 3298.8853801562527
1736 3298.8853801562527
1737 3298.8853801562527
1738 3298.8853801562527
1739 3298.8853801562527
1740 3298.8853801562527
1741 3298.8853801562527
1742 3298.8853801562527
1743 3298.8853801562527
1744 3298.8853801562527
1745 3298.8853801562527
1746 3298.8853801562527
1747 3298.8853801562527
1748 3298.8853801562527
1749 3298.8853801562527
1750 3298.8853801562527
1751 3298.8853801562527
1752 3298.8853801562527
1753 3298.8853801562527
1754 3298.8853801562527
1755 3298.8853801562527
1756 3298.8853801562527
1757 3298.8853801562527
1758 3298.8853801562527
1759 3298.8853801562527
1760 3298.8853801562527
1761 3298.8853801562527
1762 3298.8853801562527
1763 3298.8853801562527
1764 3298.8853801562527
1765 3298.8853801562527
1766 3298.8853801562527
1767 3298.8853801562527
1768 3298.8853801562527
1769 3298.8853801562527
1770 3298.8853801562527
1771 3298.8853801562527
1772 3298.8853801562527
1773 3298.8853801562527
1774 3298.8853801562527
1775 3298.8853801562527
1776 3298.8853801562527
1777 3298.8853801562527
1778 3298.8853801562527
1779 3298.8853801562527
1780 3298.8853801562527
1781 3298.8853801562527
1782 3298.8853801562527
1783 3298.8853801562527
1784 3298.8853801562527
1785 3298.8853801562527
1786 3298.8853801562527
1787 3298.8853801562527
1788 3298.8853801562527
1789 3298.8853801562527
1790 3298.8853801562527
1791 3298.8853801562527
1792 3298.8853801562527
1793 3298.8853801562527
1794 3298.8853801562527
1795 3298.8853801562527
1796 3298.8853801562527
1797 3298.8853801562527
1798 3298.8853801562527
1799 3298.8853801562527
1800 3298.8853801562527
1801 3298.8853801562527
1802 3298.8853801562527
1803 3298.8853801562527
1804 3298.8853801562527
1805 3298.8853801562527
1806 3298.8853801562527
1807 3298.8853801562527
1808 3298.8853801562527
1809 3298.8853801562527
1810 3298.8853801562527
1811 3298.8853801562527
1812 3298.8853801562527
1813 3298.8853801562527
1814 3298.8853801562527
1815 3298.8853801562527
1816 3298.8853801562527
1817 3298.8853801562527
1818 3298.8853801562527
1819 3298.8853801562527
1820 3298.8853801562527
1821 3298.8853801562527
1822 3298.8853801562527
1823 3298.8853801562527
1824 3298.8853801562527
1825 3298.8853801562527
1826 3298.8853801562527
1827 3298.8853801562527
1828 3298.8853801562527
1829 3298.8853801562527
1830 3298.8853801562527
1831 3298.8853801562527
1832 3298.8853801562527
1833 3298.8853801562527
1834 3298.8853801562527
1835 3298.8853801562527
1836 3298.8853801562527
1837 3298.8853801562527
1838 3298.8853801562527
1839 3298.8853801562527
1840 3298.8853801562527
1841 3298.8853801562527
1842 3298.8853801562527
1843 3298.8853801562527
1844 3298.8853801562527
1845 3298.8853801562527
1846 3298.8853801562527
1847 3298.8853801562527
1848 3298.8853801562527
1849 3298.8853801562527
1850 3298.8853801562527
1851 3298.8853801562527
1852 3298.8853801562527
1853 3298.8853801562527
1854 3298.8853801562527
1855 3298.8853801562527
1856 3298.8853801562527
1857 3298.8853801562527
1858 3298.8853801562527
1859 3298.8853801562527
1860 3298.8853801562527
1861 3298.8853801562527
1862 3298.8853801562527
1863 3298.8853801562527
1864 3298.8853801562527
1865 3298.8853801562527
1866 3298.8853801562527
1867 3298.8853801562527
1868 3298.8853801562527
1869 3298.8853801562527
1870 3298.8853801562527
1871 3298.8853801562527
1872 3298.8853801562527
1873 3298.8853801562527
1874 3298.8853801562527
1875 3298.8853801562527
1876 3298.8853801562527
1877 3298.8853801562527
1878 3298.8853801562527
1879 3298.8853801562527
1880 3298.8853801562527
1881 3298.8853801562527
1882 3298.8853801562527
1883 3298.8853801562527
1884 3298.8853801562527
1885 3298.8853801562527
1886 3298.8853801562527
1887 3298.8853801562527
1888 3298.8853801562527
1889 3298.8853801562527
1890 3298.8853801562527
1891 3298.8853801562527
1892 3298.8853801562527
1893 3298.8853801562527
1894 3298.8853801562527
1895 3298.8853801562527
1896 3298.8853801562527
1897 3298.8853801562527
1898 3298.8853801562527
1899 3298.8853801562527
1900 3298.8853801562527
1901 3298.8853801562527
1902 3298.8853801562527
1903 3298.8853801562527
1904 3298.8853801562527
1905 3298.8853801562527
1906 3298.8853801562527
1907 3298.8853801562527
1908 3298.8853801562527
1909 3298.8853801562527
1910 3298.8853801562527
1911 3298.8853801562527
1912 3298.8853801562527
1913 3298.8853801562527
1914 3298.8853801562527
1915 3298.8853801562527
1916 3298.8853801562527
1917 3298.8853801562527
1918 3298.8853801562527
1919 3298.8853801562527
1920 3298.8853801562527
1921 3298.8853801562527
1922 3298.8853801562527
1923 3298.8853801562527
1924 3298.8853801562527
1925 3298.8853801562527
1926 3298.8853801562527
1927 3298.8853801562527
1928 3298.8853801562527
1929 3298.8853801562527
1930 3298.8853801562527
1931 3298.8853801562527
1932 3298.8853801562527
1933 3298.8853801562527
1934 3298.8853801562527
1935 3298.8853801562527
1936 3298.8853801562527
1937 3298.8853801562527
1938 3298.8853801562527
1939 3298.8853801562527
1940 3298.8853801562527
1941 3298.8853801562527
1942 3298.8853801562527
1943 3298.8853801562527
1944 3298.8853801562527
1945 3298.8853801562527
1946 3298.8853801562527
1947 3298.8853801562527
1948 3298.8853801562527
1949 3298.8853801562527
1950 3298.8853801562527
1951 3298.8853801562527
1952 3298.8853801562527
1953 3298.8853801562527
1954 3298.8853801562527
1955 3298.8853801562527
1956 3298.8853801562527
1957 3298.8853801562527
1958 3298.8853801562527
1959 3298.8853801562527
1960 3298.8853801562527
1961 3298.8853801562527
1962 3298.8853801562527
1963 3298.8853801562527
1964 3298.8853801562527
1965 3298.8853801562527
1966 3298.8853801562527
1967 3298.8853801562527
1968 3298.8853801562527
1969 3298.8853801562527
1970 3298.8853801562527
1971 3298.8853801562527
1972 3298.8853801562527
1973 3298.8853801562527
1974 3298.8853801562527
1975 3298.8853801562527
1976 3298.8853801562527
1977 3298.8853801562527
1978 3298.8853801562527
1979 3298.8853801562527
1980 3298.8853801562527
1981 3298.8853801562527
1982 3298.8853801562527
1983 3298.8853801562527
1984 3298.8853801562527
1985 3298.8853801562527
1986 3298.8853801562527
1987 3298.8853801562527
1988 3298.8853801562527
1989 3298.8853801562527
1990 3298.8853801562527
1991 3298.8853801562527
1992 3298.8853801562527
1993 3298.8853801562527
1994 3298.8853801562527
1995 3298.8853801562527
1996 3298.8853801562527
1997 3298.8853801562527
1998 3298.8853801562527
1999 3298.8853801562527
2000 3298.8853801562527
2001 3298.8853801562527
2002 3298.8853801562527
2003 3298.8853801562527
2004 3298.8853801562527
2005 3298.8853801562527
2006 3298.8853801562527
2007 3298.8853801562527
2008 3298.8853801562527
2009 3298.8853801562527
2010 3298.8853801562527
2011 3298.8853801562527
2012 3298.8853801562527
2013 3298.8853801562527
2014 3298.8853801562527
2015 3298.8853801562527
2016 3298.8853801562527
2017 3298.8853801562527
2018 3298.8853801562527
2019 3298.8853801562527
2020 3298.8853801562527
2021 3298.8853801562527
2022 3298.8853801562527
2023 3298.8853801562527
2024 3298.8853801562527
2025 3298.8853801562527
2026 3298.8853801562527
2027 3298.8853801562527
2028 3298.8853801562527
2029 3298.8853801562527
2030 3298.8853801562527
2031 3298.8853801562527
2032 3298.8853801562527
2033 3298.8853801562527
2034 3298.8853801562527
2035 3298.8853801562527
2036 3298.8853801562527
2037 3298.8853801562527
2038 3298.8853801562527
2039 3298.8853801562527
2040 3298.8853801562527
2041 3298.8853801562527
2042 3298.8853801562527
2043 3298.8853801562527
2044 3298.8853801562527
2045 3298.8853801562527
2046 3298.8853801562527
2047 3298.8853801562527
2048 3298.8853801562527
2049 3298.8853801562527
2050 3298.8853801562527
2051 3298.8853801562527
2052 3298.8853801562527
2053 3298.8853801562527
2054 3298.8853801562527
2055 3298.8853801562527
2056 3298.8853801562527
2057 3298.8853801562527
2058 3298.8853801562527
2059 3298.8853801562527
2060 3298.8853801562527
2061 3298.8853801562527
2062 3298.8853801562527
2063 3298.8853801562527
2064 3298.8853801562527
2065 3298.8853801562527
2066 3298.8853801562527
2067 3298.8853801562527
2068 3298.8853801562527
2069 3298.8853801562527
2070 3298.8853801562527
2071 3298.8853801562527
2072 3298.8853801562527
2073 3298.8853801562527
2074 3298.8853801562527
2075 3298.8853801562527
2076 3298.8853801562527
2077 3298.8853801562527
2078 3298.8853801562527
2079 3298.8853801562527
2080 3298.8853801562527
2081 3298.8853801562527
2082 3298.8853801562527
2083 3298.8853801562527
2084 3298.8853801562527
2085 3298.8853801562527
2086 3298.8853801562527
2087 3298.8853801562527
2088 3298.8853801562527
2089 3298.8853801562527
2090 3298.8853801562527
2091 3298.8853801562527
2092 3298.8853801562527
2093 3298.8853801562527
2094 3298.8853801562527
2095 3298.8853801562527
2096 3298.8853801562527
2097 3298.8853801562527
2098 3298.8853801562527
2099 3298.8853801562527
2100 3298.8853801562527
2101 3298.8853801562527
2102 3298.8853801562527
2103 3298.8853801562527
2104 3298.8853801562527
2105 3298.8853801562527
2106 3298.8853801562527
2107 3298.8853801562527
2108 3298.8853801562527
2109 3298.8853801562527
2110 3298.8853801562527
2111 3298.8853801562527
2112 3298.8853801562527
2113 3298.8853801562527
2114 3298.8853801562527
2115 3298.8853801562527
2116 3298.8853801562527
2117 3298.8853801562527
2118 3298.8853801562527
2119 3298.8853801562527
2120 3298.8853801562527
2121 3298.8853801562527
2122 3298.8853801562527
2123 3298.8853801562527
2124 3298.8853801562527
2125 3298.8853801562527
2126 3298.8853801562527
2127 3298.8853801562527
2128 3298.8853801562527
2129 3298.8853801562527
2130 3298.8853801562527
2131 3298.8853801562527
2132 3298.8853801562527
2133 3298.8853801562527
2134 3298.8853801562527
2135 3298.8853801562527
2136 3298.8853801562527
2137 3298.8853801562527
2138 3298.8853801562527
2139 3298.8853801562527
2140 3298.8853801562527
2141 3298.8853801562527
2142 3298.8853801562527
2143 3298.8853801562527
2144 3298.8853801562527
2145 3298.8853801562527
2146 3298.8853801562527
2147 3298.8853801562527
2148 3298.8853801562527
2149 3298.8853801562527
2150 3298.8853801562527
2151 3298.8853801562527
2152 3298.8853801562527
2153 3298.8853801562527
2154 3298.8853801562527
2155 3298.8853801562527
2156 3298.8853801562527
2157 3298.8853801562527
2158 3298.8853801562527
2159 3298.8853801562527
2160 3298.8853801562527
2161 3298.8853801562527
2162 3298.8853801562527
2163 3298.8853801562527
2164 3298.8853801562527
2165 3298.8853801562527
2166 3298.8853801562527
2167 3298.8853801562527
2168 3298.8853801562527
2169 3298.8853801562527
2170 3298.8853801562527
2171 3298.8853801562527
2172 3298.8853801562527
2173 3298.8853801562527
2174 3298.8853801562527
2175 3298.8853801562527
2176 3298.8853801562527
2177 3298.8853801562527
2178 3298.8853801562527
2179 3298.8853801562527
2180 3298.8853801562527
2181 3298.8853801562527
2182 3298.8853801562527
2183 3298.8853801562527
2184 3298.8853801562527
2185 3298.8853801562527
2186 3298.8853801562527
2187 3298.8853801562527
2188 3298.8853801562527
2189 3298.8853801562527
2190 3298.8853801562527
2191 3298.8853801562527
2192 3298.8853801562527
2193 3298.8853801562527
2194 3298.8853801562527
2195 3298.8853801562527
2196 3298.8853801562527
2197 3298.8853801562527
2198 3298.8853801562527
2199 3298.8853801562527
2200 3298.8853801562527
2201 3298.8853801562527
2202 3298.8853801562527
2203 3298.8853801562527
2204 3298.8853801562527
2205 3298.8853801562527
2206 3298.8853801562527
2207 3298.8853801562527
2208 3298.8853801562527
2209 3298.8853801562527
2210 3298.8853801562527
2211 3298.8853801562527
2212 3298.8853801562527
2213 3298.8853801562527
2214 3298.8853801562527
2215 3298.8853801562527
2216 3298.8853801562527
2217 3298.8853801562527
2218 3298.8853801562527
2219 3298.8853801562527
2220 3298.8853801562527
2221 3298.8853801562527
2222 3298.8853801562527
2223 3298.8853801562527
2224 3298.8853801562527
2225 3298.8853801562527
2226 3298.8853801562527
2227 3298.8853801562527
2228 3298.8853801562527
2229 3298.8853801562527
2230 3298.8853801562527
2231 3298.8853801562527
2232 3298.8853801562527
2233 3298.8853801562527
2234 3298.8853801562527
2235 3298.8853801562527
2236 3298.8853801562527
2237 3298.8853801562527
2238 3298.8853801562527
2239 3298.8853801562527
2240 3298.8853801562527
2241 3298.8853801562527
2242 3298.8853801562527
2243 3298.8853801562527
2244 3298.8853801562527
2245 3298.8853801562527
2246 3298.8853801562527
2247 3298.8853801562527
2248 3298.8853801562527
2249 3298.8853801562527
2250 3298.8853801562527
2251 3298.8853801562527
2252 3298.8853801562527
2253 3298.8853801562527
2254 3298.8853801562527
2255 3298.8853801562527
2256 3298.8853801562527
2257 3298.8853801562527
2258 3298.8853801562527
2259 3298.8853801562527
2260 3298.8853801562527
2261 3298.8853801562527
2262 3298.8853801562527
2263 3298.8853801562527
2264 3298.8853801562527
2265 3298.8853801562527
2266 3298.8853801562527
2267 3298.8853801562527
2268 3298.8853801562527
2269 3298.8853801562527
2270 3298.8853801562527
2271 3298.8853801562527
2272 3298.8853801562527
2273 3298.8853801562527
2274 3298.8853801562527
2275 3298.8853801562527
2276 3298.8853801562527
2277 3298.8853801562527
2278 3298.8853801562527
2279 3298.8853801562527
2280 3298.8853801562527
2281 3298.8853801562527
2282 3298.8853801562527
2283 3298.8853801562527
2284 3298.8853801562527
2285 3298.8853801562527
2286 3298.8853801562527
2287 3298.8853801562527
2288 3298.8853801562527
2289 3298.8853801562527
2290 3298.8853801562527
2291 3298.8853801562527
2292 3298.8853801562527
2293 3298.8853801562527
2294 3298.8853801562527
2295 3298.8853801562527
2296 3298.8853801562527
2297 3298.8853801562527
2298 3298.8853801562527
2299 3298.8853801562527
2300 3298.8853801562527
2301 3298.8853801562527
2302 3298.8853801562527
2303 3298.8853801562527
2304 3298.8853801562527
2305 3298.8853801562527
2306 3298.8853801562527
2307 3298.8853801562527
2308 3298.8853801562527
2309 3298.8853801562527
2310 3298.8853801562527
2311 3298.8853801562527
2312 3298.8853801562527
2313 3298.8853801562527
2314 3298.8853801562527
2315 3298.8853801562527
2316 3298.8853801562527
2317 3298.8853801562527
2318 3298.8853801562527
2319 3298.8853801562527
2320 3298.8853801562527
2321 3298.8853801562527
2322 3298.8853801562527
2323 3298.8853801562527
2324 3298.8853801562527
2325 3298.8853801562527
2326 3298.8853801562527
2327 3298.8853801562527
2328 3298.8853801562527
2329 3298.8853801562527
2330 3298.8853801562527
2331 3298.8853801562527
2332 3298.8853801562527
2333 3298.8853801562527
2334 3298.8853801562527
2335 3298.8853801562527
2336 3298.8853801562527
2337 3298.8853801562527
2338 3298.8853801562527
2339 3298.8853801562527
2340 3298.8853801562527
2341 3298.8853801562527
2342 3298.8853801562527
2343 3298.8853801562527
2344 3298.8853801562527
2345 3298.8853801562527
2346 3298.8853801562527
2347 3298.8853801562527
2348 3298.8853801562527
2349 3298.8853801562527
2350 3298.8853801562527
2351 3298.8853801562527
2352 3298.8853801562527
2353 3298.8853801562527
2354 3298.8853801562527
2355 3298.8853801562527
2356 3298.8853801562527
2357 3298.8853801562527
2358 3298.8853801562527
2359 3298.8853801562527
2360 3298.8853801562527
2361 3298.8853801562527
2362 3298.8853801562527
2363 3298.8853801562527
2364 3298.8853801562527
2365 3298.8853801562527
2366 3298.8853801562527
2367 3298.8853801562527
2368 3298.8853801562527
2369 3298.8853801562527
2370 3298.8853801562527
2371 3298.8853801562527
2372 3298.8853801562527
2373 3298.8853801562527
2374 3298.8853801562527
2375 3298.8853801562527
2376 3298.8853801562527
2377 3298.8853801562527
2378 3298.8853801562527
2379 3298.8853801562527
2380 3298.8853801562527
2381 3298.8853801562527
2382 3298.8853801562527
2383 3298.8853801562527
2384 3298.8853801562527
2385 3298.8853801562527
2386 3298.8853801562527
2387 3298.8853801562527
2388 3298.8853801562527
2389 3298.8853801562527
2390 3298.8853801562527
2391 3298.8853801562527
2392 3298.8853801562527
2393 3298.8853801562527
2394 3298.8853801562527
2395 3298.8853801562527
2396 3298.8853801562527
2397 3298.8853801562527
2398 3298.8853801562527
2399 3298.8853801562527
2400 3298.8853801562527
2401 3298.8853801562527
2402 3298.8853801562527
2403 3298.8853801562527
2404 3298.8853801562527
2405 3298.8853801562527
2406 3298.8853801562527
2407 3298.8853801562527
2408 3298.8853801562527
2409 3298.8853801562527
2410 3298.8853801562527
2411 3298.8853801562527
2412 3298.8853801562527
2413 3298.8853801562527
2414 3298.8853801562527
2415 3298.8853801562527
2416 3298.8853801562527
2417 3298.8853801562527
2418 3298.8853801562527
2419 3298.8853801562527
2420 3298.8853801562527
2421 3298.8853801562527
2422 3298.8853801562527
2423 3298.8853801562527
2424 3298.8853801562527
2425 3298.8853801562527
2426 3298.8853801562527
2427 3298.8853801562527
2428 3298.8853801562527
2429 3298.8853801562527
2430 3298.8853801562527
2431 3298.8853801562527
2432 3298.8853801562527
2433 3298.8853801562527
2434 3298.8853801562527
2435 3298.8853801562527
2436 3298.8853801562527
2437 3298.8853801562527
2438 3298.8853801562527
2439 3298.8853801562527
2440 3298.8853801562527
2441 3298.8853801562527
2442 3298.8853801562527
2443 3298.8853801562527
2444 3298.8853801562527
2445 3298.8853801562527
2446 3298.8853801562527
2447 3298.8853801562527
2448 3298.8853801562527
2449 3298.8853801562527
2450 3298.8853801562527
2451 3298.8853801562527
2452 3298.8853801562527
2453 3298.8853801562527
2454 3298.8853801562527
2455 3298.8853801562527
2456 3298.8853801562527
2457 3298.8853801562527
2458 3298.8853801562527
2459 3298.8853801562527
2460 3298.8853801562527
2461 3298.8853801562527
2462 3298.8853801562527
2463 3298.8853801562527
2464 3298.8853801562527
2465 3298.8853801562527
2466 3298.8853801562527
2467 3298.8853801562527
2468 3298.8853801562527
2469 3298.8853801562527
2470 3298.8853801562527
2471 3298.8853801562527
2472 3298.8853801562527
2473 3298.8853801562527
2474 3298.8853801562527
2475 3298.8853801562527
2476 3298.8853801562527
2477 3298.8853801562527
2478 3298.8853801562527
2479 3298.8853801562527
2480 3298.8853801562527
2481 3298.8853801562527
2482 3298.8853801562527
2483 3298.8853801562527
2484 3298.8853801562527
2485 3298.8853801562527
2486 3298.8853801562527
2487 3298.8853801562527
2488 3298.8853801562527
2489 3298.8853801562527
2490 3298.8853801562527
2491 3298.8853801562527
2492 3298.8853801562527
2493 3298.8853801562527
2494 3298.8853801562527
2495 3298.8853801562527
2496 3298.8853801562527
2497 3298.8853801562527
2498 3298.8853801562527
2499 3298.8853801562527
2500 3298.8853801562527
2501 3298.8853801562527
2502 3298.8853801562527
2503 3298.8853801562527
2504 3298.8853801562527
2505 3298.8853801562527
2506 3298.8853801562527
2507 3298.8853801562527
2508 3298.8853801562527
2509 3298.8853801562527
2510 3298.8853801562527
2511 3298.8853801562527
2512 3298.8853801562527
2513 3298.8853801562527
2514 3298.8853801562527
2515 3298.8853801562527
2516 3298.8853801562527
2517 3298.8853801562527
2518 3298.8853801562527
2519 3298.8853801562527
2520 3298.8853801562527
2521 3298.8853801562527
2522 3298.8853801562527
2523 3298.8853801562527
2524 3298.8853801562527
2525 3298.8853801562527
2526 3298.8853801562527
2527 3298.8853801562527
2528 3298.8853801562527
2529 3298.8853801562527
2530 3298.8853801562527
2531 3298.8853801562527
2532 3298.8853801562527
2533 3298.8853801562527
2534 3298.8853801562527
2535 3298.8853801562527
2536 3298.8853801562527
2537 3298.8853801562527
2538 3298.8853801562527
2539 3298.8853801562527
2540 3298.8853801562527
2541 3298.8853801562527
2542 3298.8853801562527
2543 3298.8853801562527
2544 3298.8853801562527
2545 3298.8853801562527
2546 3298.8853801562527
2547 3298.8853801562527
2548 3298.8853801562527
2549 3298.8853801562527
2550 3298.8853801562527
2551 3298.8853801562527
2552 3298.8853801562527
2553 3298.8853801562527
2554 3298.8853801562527
2555 3298.8853801562527
2556 3298.8853801562527
2557 3298.8853801562527
2558 3298.8853801562527
2559 3298.8853801562527
2560 3298.8853801562527
2561 3298.8853801562527
2562 3298.8853801562527
2563 3298.8853801562527
2564 3298.8853801562527
2565 3298.8853801562527
2566 3298.8853801562527
2567 3298.8853801562527
2568 3298.8853801562527
2569 3298.8853801562527
2570 3298.8853801562527
2571 3298.8853801562527
2572 3298.8853801562527
2573 3298.8853801562527
2574 3298.8853801562527
2575 3298.8853801562527
2576 3298.8853801562527
2577 3298.8853801562527
2578 3298.8853801562527
2579 3298.8853801562527
2580 3298.8853801562527
2581 3298.8853801562527
2582 3298.8853801562527
2583 3298.8853801562527
2584 3298.8853801562527
2585 3298.8853801562527
2586 3298.8853801562527
2587 3298.8853801562527
2588 3298.8853801562527
2589 3298.8853801562527
2590 3298.8853801562527
2591 3298.8853801562527
2592 3298.8853801562527
2593 3298.8853801562527
2594 3298.8853801562527
2595 3298.8853801562527
2596 3298.8853801562527
2597 3298.8853801562527
2598 3298.8853801562527
2599 3298.8853801562527
2600 3298.8853801562527
2601 3298.8853801562527
2602 3298.8853801562527
2603 3298.8853801562527
2604 3298.8853801562527
2605 3298.8853801562527
2606 3298.8853801562527
2607 3298.8853801562527
2608 3298.8853801562527
2609 3298.8853801562527
2610 3298.8853801562527
2611 3298.8853801562527
2612 3298.8853801562527
2613 3298.8853801562527
2614 3298.8853801562527
2615 3298.8853801562527
2616 3298.8853801562527
2617 3298.8853801562527
2618 3298.8853801562527
2619 3298.8853801562527
2620 3298.8853801562527
2621 3298.8853801562527
2622 3298.8853801562527
2623 3298.8853801562527
2624 3298.8853801562527
2625 3298.8853801562527
2626 3298.8853801562527
2627 3298.8853801562527
2628 3298.8853801562527
2629 3298.8853801562527
2630 3298.8853801562527
2631 3298.8853801562527
2632 3298.8853801562527
2633 3298.8853801562527
2634 3298.8853801562527
2635 3298.8853801562527
2636 3298.8853801562527
2637 3298.8853801562527
2638 3298.8853801562527
2639 3298.8853801562527
2640 3298.8853801562527
2641 3298.8853801562527
2642 3298.8853801562527
2643 3298.8853801562527
2644 3298.8853801562527
2645 3298.8853801562527
2646 3298.8853801562527
2647 3298.8853801562527
2648 3298.8853801562527
2649 3298.8853801562527
2650 3298.8853801562527
2651 3298.8853801562527
2652 3298.8853801562527
2653 3298.8853801562527
2654 3298.8853801562527
2655 3298.8853801562527
2656 3298.8853801562527
2657 3298.8853801562527
2658 3298.8853801562527
2659 3298.8853801562527
2660 3298.8853801562527
2661 3298.8853801562527
2662 3298.8853801562527
2663 3298.8853801562527
2664 3298.8853801562527
2665 3298.8853801562527
2666 3298.8853801562527
2667 3298.8853801562527
2668 3298.8853801562527
2669 3298.8853801562527
2670 3298.8853801562527
2671 3298.8853801562527
2672 3298.8853801562527
2673 3298.8853801562527
2674 3298.8853801562527
2675 3298.8853801562527
2676 3298.8853801562527
2677 3298.8853801562527
2678 3298.8853801562527
2679 3298.8853801562527
2680 3298.8853801562527
2681 3298.8853801562527
2682 3298.8853801562527
2683 3298.8853801562527
2684 3298.8853801562527
2685 3298.8853801562527
2686 3298.8853801562527
2687 3298.8853801562527
2688 3298.8853801562527
2689 3298.8853801562527
2690 3298.8853801562527
2691 3298.8853801562527
2692 3298.8853801562527
2693 3298.8853801562527
2694 3298.8853801562527
2695 3298.8853801562527
2696 3298.8853801562527
2697 3298.8853801562527
2698 3298.8853801562527
2699 3298.8853801562527
2700 3298.8853801562527
2701 3298.8853801562527
2702 3298.8853801562527
2703 3298.8853801562527
2704 3298.8853801562527
2705 3298.8853801562527
2706 3298.8853801562527
2707 3298.8853801562527
2708 3298.8853801562527
2709 3298.8853801562527
2710 3298.8853801562527
2711 3298.8853801562527
2712 3298.8853801562527
2713 3298.8853801562527
2714 3298.8853801562527
2715 3298.8853801562527
2716 3298.8853801562527
2717 3298.8853801562527
2718 3298.8853801562527
2719 3298.8853801562527
2720 3298.8853801562527
2721 3298.8853801562527
2722 3298.8853801562527
2723 3298.8853801562527
2724 3298.8853801562527
2725 3298.8853801562527
2726 3298.8853801562527
2727 3298.8853801562527
2728 3298.8853801562527
2729 3298.8853801562527
2730 3298.8853801562527
2731 3298.8853801562527
2732 3298.8853801562527
2733 3298.8853801562527
2734 3298.8853801562527
2735 3298.8853801562527
2736 3298.8853801562527
2737 3298.8853801562527
2738 3298.8853801562527
2739 3298.8853801562527
2740 3298.8853801562527
2741 3298.8853801562527
2742 3298.8853801562527
2743 3298.8853801562527
2744 3298.8853801562527
2745 3298.8853801562527
2746 3298.8853801562527
2747 3298.8853801562527
2748 3298.8853801562527
2749 3298.8853801562527
2750 3298.8853801562527
2751 3298.8853801562527
2752 3298.8853801562527
2753 3298.8853801562527
2754 3298.8853801562527
2755 3298.8853801562527
2756 3298.8853801562527
2757 3298.8853801562527
2758 3298.8853801562527
2759 3298.8853801562527
2760 3298.8853801562527
2761 3298.8853801562527
2762 3298.8853801562527
2763 3298.8853801562527
2764 3298.8853801562527
2765 3298.8853801562527
2766 3298.8853801562527
2767 3298.8853801562527
2768 3298.8853801562527
2769 3298.8853801562527
2770 3298.8853801562527
2771 3298.8853801562527
2772 3298.8853801562527
2773 3298.8853801562527
2774 3298.8853801562527
2775 3298.8853801562527
2776 3298.8853801562527
2777 3298.8853801562527
2778 3298.8853801562527
2779 3298.8853801562527
2780 3298.8853801562527
2781 3298.8853801562527
2782 3298.8853801562527
2783 3298.8853801562527
2784 3298.8853801562527
2785 3298.8853801562527
2786 3298.8853801562527
2787 3298.8853801562527
2788 3298.8853801562527
2789 3298.8853801562527
2790 3298.8853801562527
2791 3298.8853801562527
2792 3298.8853801562527
2793 3298.8853801562527
2794 3298.8853801562527
2795 3298.8853801562527
2796 3298.8853801562527
2797 3298.8853801562527
2798 3298.8853801562527
2799 3298.8853801562527
2800 3298.8853801562527
2801 3298.8853801562527
2802 3298.8853801562527
2803 3298.8853801562527
2804 3298.8853801562527
2805 3298.8853801562527
2806 3298.8853801562527
2807 3298.8853801562527
2808 3298.8853801562527
2809 3298.8853801562527
2810 3298.8853801562527
2811 3298.8853801562527
2812 3298.8853801562527
2813 3298.8853801562527
2814 3298.8853801562527
2815 3298.8853801562527
2816 3298.8853801562527
2817 3298.8853801562527
2818 3298.8853801562527
2819 3298.8853801562527
2820 3298.8853801562527
2821 3298.8853801562527
2822 3298.8853801562527
2823 3298.8853801562527
2824 3298.8853801562527
2825 3298.8853801562527
2826 3298.8853801562527
2827 3298.8853801562527
2828 3298.8853801562527
2829 3298.8853801562527
2830 3298.8853801562527
2831 3298.8853801562527
2832 3298.8853801562527
2833 3298.8853801562527
2834 3298.8853801562527
2835 3298.8853801562527
2836 3298.8853801562527
2837 3298.8853801562527
2838 3298.8853801562527
2839 3298.8853801562527
2840 3298.8853801562527
2841 3298.8853801562527
2842 3298.8853801562527
2843 3298.8853801562527
2844 3298.8853801562527
2845 3298.8853801562527
2846 3298.8853801562527
2847 3298.8853801562527
2848 3298.8853801562527
2849 3298.8853801562527
2850 3298.8853801562527
2851 3298.8853801562527
2852 3298.8853801562527
2853 3298.8853801562527
2854 3298.8853801562527
2855 3298.8853801562527
2856 3298.8853801562527
2857 3298.8853801562527
2858 3298.8853801562527
2859 3298.8853801562527
2860 3298.8853801562527
2861 3298.8853801562527
2862 3298.8853801562527
2863 3298.8853801562527
2864 3298.8853801562527
2865 3298.8853801562527
2866 3298.8853801562527
2867 3298.8853801562527
2868 3298.8853801562527
2869 3298.8853801562527
2870 3298.8853801562527
2871 3298.8853801562527
2872 3298.8853801562527
2873 3298.8853801562527
2874 3298.8853801562527
2875 3298.8853801562527
2876 3298.8853801562527
2877 3298.8853801562527
2878 3298.8853801562527
2879 3298.8853801562527
2880 3298.8853801562527
2881 3298.8853801562527
2882 3298.8853801562527
2883 3298.8853801562527
2884 3298.8853801562527
2885 3298.8853801562527
2886 3298.8853801562527
2887 3298.8853801562527
2888 3298.8853801562527
2889 3298.8853801562527
2890 3298.8853801562527
2891 3298.8853801562527
2892 3298.8853801562527
2893 3298.8853801562527
2894 3298.8853801562527
2895 3298.8853801562527
2896 3298.8853801562527
2897 3298.8853801562527
2898 3298.8853801562527
2899 3298.8853801562527
2900 3298.8853801562527
2901 3298.8853801562527
2902 3298.8853801562527
2903 3298.8853801562527
2904 3298.8853801562527
2905 3298.8853801562527
2906 3298.8853801562527
2907 3298.8853801562527
2908 3298.8853801562527
2909 3298.8853801562527
2910 3298.8853801562527
2911 3298.8853801562527
2912 3298.8853801562527
2913 3298.8853801562527
2914 3298.8853801562527
2915 3298.8853801562527
2916 3298.8853801562527
2917 3298.8853801562527
2918 3298.8853801562527
2919 3298.8853801562527
2920 3298.8853801562527
2921 3298.8853801562527
2922 3298.8853801562527
2923 3298.8853801562527
2924 3298.8853801562527
2925 3298.8853801562527
2926 3298.8853801562527
2927 3298.8853801562527
2928 3298.8853801562527
2929 3298.8853801562527
2930 3298.8853801562527
2931 3298.8853801562527
2932 3298.8853801562527
2933 3298.8853801562527
2934 3298.8853801562527
2935 3298.8853801562527
2936 3298.8853801562527
2937 3298.8853801562527
2938 3298.8853801562527
2939 3298.8853801562527
2940 3298.8853801562527
2941 3298.8853801562527
2942 3298.8853801562527
2943 3298.8853801562527
2944 3298.8853801562527
2945 3298.8853801562527
2946 3298.8853801562527
2947 3298.8853801562527
2948 3298.8853801562527
2949 3298.8853801562527
2950 3298.8853801562527
2951 3298.8853801562527
2952 3298.8853801562527
2953 3298.8853801562527
2954 3298.8853801562527
2955 3298.8853801562527
2956 3298.8853801562527
2957 3298.8853801562527
2958 3298.8853801562527
2959 3298.8853801562527
2960 3298.8853801562527
2961 3298.8853801562527
2962 3298.8853801562527
2963 3298.8853801562527
2964 3298.8853801562527
2965 3298.8853801562527
2966 3298.8853801562527
2967 3298.8853801562527
2968 3298.8853801562527
2969 3298.8853801562527
2970 3298.8853801562527
2971 3298.8853801562527
2972 3298.8853801562527
2973 3298.8853801562527
2974 3298.8853801562527
2975 3298.8853801562527
2976 3298.8853801562527
2977 3298.8853801562527
2978 3298.8853801562527
2979 3298.8853801562527
2980 3298.8853801562527
2981 3298.8853801562527
2982 3298.8853801562527
2983 3298.8853801562527
2984 3298.8853801562527
2985 3298.8853801562527
2986 3298.8853801562527
2987 3298.8853801562527
2988 3298.8853801562527
2989 3298.8853801562527
2990 3298.8853801562527
2991 3298.8853801562527
2992 3298.8853801562527
2993 3298.8853801562527
2994 3298.8853801562527
2995 3298.8853801562527
2996 3298.8853801562527
2997 3298.8853801562527
2998 3298.8853801562527
2999 3298.8853801562527
3000 3298.8853801562527
3001 3298.8853801562527
3002 3298.8853801562527
3003 3298.8853801562527
3004 3298.8853801562527
3005 3298.8853801562527
3006 3298.8853801562527
3007 3298.8853801562527
3008 3298.8853801562527
3009 3298.8853801562527
3010 3298.8853801562527
3011 3298.8853801562527
3012 3298.8853801562527
3013 3298.8853801562527
3014 3298.8853801562527
3015 3298.8853801562527
3016 3298.8853801562527
3017 3298.8853801562527
3018 3298.8853801562527
3019 3298.8853801562527
3020 3298.8853801562527
3021 3298.8853801562527
3022 3298.8853801562527
3023 3298.8853801562527
3024 3298.8853801562527
3025 3298.8853801562527
3026 3298.8853801562527
3027 3298.8853801562527
3028 3298.8853801562527
3029 3298.8853801562527
3030 3298.8853801562527
3031 3298.8853801562527
3032 3298.8853801562527
3033 3298.8853801562527
3034 3298.8853801562527
3035 3298.8853801562527
3036 3298.8853801562527
3037 3298.8853801562527
3038 3298.8853801562527
3039 3298.8853801562527
3040 3298.8853801562527
3041 3298.8853801562527
3042 3298.8853801562527
3043 3298.8853801562527
3044 3298.8853801562527
3045 3298.8853801562527
3046 3298.8853801562527
3047 3298.8853801562527
3048 3298.8853801562527
3049 3298.8853801562527
3050 3298.8853801562527
3051 3298.8853801562527
3052 3298.8853801562527
3053 3298.8853801562527
3054 3298.8853801562527
3055 3298.8853801562527
3056 3298.8853801562527
3057 3298.8853801562527
3058 3298.8853801562527
3059 3298.8853801562527
3060 3298.8853801562527
3061 3298.8853801562527
3062 3298.8853801562527
3063 3298.8853801562527
3064 3298.8853801562527
3065 3298.8853801562527
3066 3298.8853801562527
3067 3298.8853801562527
3068 3298.8853801562527
3069 3298.8853801562527
3070 3298.8853801562527
3071 3298.8853801562527
3072 3298.8853801562527
3073 3298.8853801562527
3074 3298.8853801562527
3075 3298.8853801562527
3076 3298.8853801562527
3077 3298.8853801562527
3078 3298.8853801562527
3079 3298.8853801562527
3080 3298.8853801562527
3081 3298.8853801562527
3082 3298.8853801562527
3083 3298.8853801562527
3084 3298.8853801562527
3085 3298.8853801562527
3086 3298.8853801562527
3087 3298.8853801562527
3088 3298.8853801562527
3089 3298.8853801562527
3090 3298.8853801562527
3091 3298.8853801562527
3092 3298.8853801562527
3093 3298.8853801562527
3094 3298.8853801562527
3095 3298.8853801562527
3096 3298.8853801562527
3097 3298.8853801562527
3098 3298.8853801562527
3099 3298.8853801562527
3100 3298.8853801562527
3101 3298.8853801562527
3102 3298.8853801562527
3103 3298.8853801562527
3104 3298.8853801562527
3105 3298.8853801562527
3106 3298.8853801562527
3107 3298.8853801562527
3108 3298.8853801562527
3109 3298.8853801562527
3110 3298.8853801562527
3111 3298.8853801562527
3112 3298.8853801562527
3113 3298.8853801562527
3114 3298.8853801562527
3115 3298.8853801562527
3116 3298.8853801562527
3117 3298.8853801562527
3118 3298.8853801562527
3119 3298.8853801562527
3120 3298.8853801562527
3121 3298.8853801562527
3122 3298.8853801562527
3123 3298.8853801562527
3124 3298.8853801562527
3125 3298.8853801562527
3126 3298.8853801562527
3127 3298.8853801562527
3128 3298.8853801562527
3129 3298.8853801562527
3130 3298.8853801562527
3131 3298.8853801562527
3132 3298.8853801562527
3133 3298.8853801562527
3134 3298.8853801562527
3135 3298.8853801562527
3136 3298.8853801562527
3137 3298.8853801562527
3138 3298.8853801562527
3139 3298.8853801562527
3140 3298.8853801562527
3141 3298.8853801562527
3142 3298.8853801562527
3143 3298.8853801562527
3144 3298.8853801562527
3145 3298.8853801562527
3146 3298.8853801562527
3147 3298.8853801562527
3148 3298.8853801562527
3149 3298.8853801562527
3150 3298.8853801562527
3151 3298.8853801562527
3152 3298.8853801562527
3153 3298.8853801562527
3154 3298.8853801562527
3155 3298.8853801562527
3156 3298.8853801562527
3157 3298.8853801562527
3158 3298.8853801562527
3159 3298.8853801562527
3160 3298.8853801562527
3161 3298.8853801562527
3162 3298.8853801562527
3163 3298.8853801562527
3164 3298.8853801562527
3165 3298.8853801562527
3166 3298.8853801562527
3167 3298.8853801562527
3168 3298.8853801562527
3169 3298.8853801562527
3170 3298.8853801562527
3171 3298.8853801562527
3172 3298.8853801562527
3173 3298.8853801562527
3174 3298.8853801562527
3175 3298.8853801562527
3176 3298.8853801562527
3177 3298.8853801562527
3178 3298.8853801562527
3179 3298.8853801562527
3180 3298.8853801562527
3181 3298.8853801562527
3182 3298.8853801562527
3183 3298.8853801562527
3184 3298.8853801562527
3185 3298.8853801562527
3186 3298.8853801562527
3187 3298.8853801562527
3188 3298.8853801562527
3189 3298.8853801562527
3190 3298.8853801562527
3191 3298.8853801562527
3192 3298.8853801562527
3193 3298.8853801562527
3194 3298.8853801562527
3195 3298.8853801562527
3196 3298.8853801562527
3197 3298.8853801562527
3198 3298.8853801562527
3199 3298.8853801562527
3200 3298.8853801562527
3201 3298.8853801562527
3202 3298.8853801562527
3203 3298.8853801562527
3204 3298.8853801562527
3205 3298.8853801562527
3206 3298.8853801562527
3207 3298.8853801562527
3208 3298.8853801562527
3209 3298.8853801562527
3210 3298.8853801562527
3211 3298.8853801562527
3212 3298.8853801562527
3213 3298.8853801562527
3214 3298.8853801562527
3215 3298.8853801562527
3216 3298.8853801562527
3217 3298.8853801562527
3218 3298.8853801562527
3219 3298.8853801562527
3220 3298.8853801562527
3221 3298.8853801562527
3222 3298.8853801562527
3223 3298.8853801562527
3224 3298.8853801562527
3225 3298.8853801562527
3226 3298.8853801562527
3227 3298.8853801562527
3228 3298.8853801562527
3229 3298.8853801562527
3230 3298.8853801562527
3231 3298.8853801562527
3232 3298.8853801562527
3233 3298.8853801562527
3234 3298.8853801562527
3235 3298.8853801562527
3236 3298.8853801562527
3237 3298.8853801562527
3238 3298.8853801562527
3239 3298.8853801562527
3240 3298.8853801562527
3241 3298.8853801562527
3242 3298.8853801562527
3243 3298.8853801562527
3244 3298.8853801562527
3245 3298.8853801562527
3246 3298.8853801562527
3247 3298.8853801562527
3248 3298.8853801562527
3249 3298.8853801562527
3250 3298.8853801562527
3251 3298.8853801562527
3252 3298.8853801562527
3253 3298.8853801562527
3254 3298.8853801562527
3255 3298.8853801562527
3256 3298.8853801562527
3257 3298.8853801562527
3258 3298.8853801562527
3259 3298.8853801562527
3260 3298.8853801562527
3261 3298.8853801562527
3262 3298.8853801562527
3263 3298.8853801562527
3264 3298.8853801562527
3265 3298.8853801562527
3266 3298.8853801562527
3267 3298.8853801562527
3268 3298.8853801562527
3269 3298.8853801562527
3270 3298.8853801562527
3271 3298.8853801562527
3272 3298.8853801562527
3273 3298.8853801562527
3274 3298.8853801562527
3275 3298.8853801562527
3276 3298.8853801562527
3277 3298.8853801562527
3278 3298.8853801562527
3279 3298.8853801562527
3280 3298.8853801562527
3281 3298.8853801562527
3282 3298.8853801562527
3283 3298.8853801562527
3284 3298.8853801562527
3285 3298.8853801562527
3286 3298.8853801562527
3287 3298.8853801562527
3288 3298.8853801562527
3289 3298.8853801562527
3290 3298.8853801562527
3291 3298.8853801562527
3292 3298.8853801562527
3293 3298.8853801562527
3294 3298.8853801562527
3295 3298.8853801562527
3296 3298.8853801562527
3297 3298.8853801562527
3298 3298.8853801562527
3299 3298.8853801562527
3300 3298.8853801562527
3301 3298.8853801562527
3302 3298.8853801562527
3303 3298.8853801562527
3304 3298.8853801562527
3305 3298.8853801562527
3306 3298.8853801562527
3307 3298.8853801562527
3308 3298.8853801562527
3309 3298.8853801562527
3310 3298.8853801562527
3311 3298.8853801562527
3312 3298.8853801562527
3313 3298.8853801562527
3314 3298.8853801562527
3315 3298.8853801562527
3316 3298.8853801562527
3317 3298.8853801562527
3318 3298.8853801562527
3319 3298.8853801562527
3320 3298.8853801562527
3321 3298.8853801562527
3322 3298.8853801562527
3323 3298.8853801562527
3324 3298.8853801562527
3325 3298.8853801562527
3326 3298.8853801562527
3327 3298.8853801562527
3328 3298.8853801562527
3329 3298.8853801562527
3330 3298.8853801562527
3331 3298.8853801562527
3332 3298.8853801562527
3333 3298.8853801562527
3334 3298.8853801562527
3335 3298.8853801562527
3336 3298.8853801562527
3337 3298.8853801562527
3338 3298.8853801562527
3339 3298.8853801562527
3340 3298.8853801562527
3341 3298.8853801562527
3342 3298.8853801562527
3343 3298.8853801562527
3344 3298.8853801562527
3345 3298.8853801562527
3346 3298.8853801562527
3347 3298.8853801562527
3348 3298.8853801562527
3349 3298.8853801562527
3350 3298.8853801562527
3351 3298.8853801562527
3352 3298.8853801562527
3353 3298.8853801562527
3354 3298.8853801562527
3355 3298.8853801562527
3356 3298.8853801562527
3357 3298.8853801562527
3358 3298.8853801562527
3359 3298.8853801562527
3360 3298.8853801562527
3361 3298.8853801562527
3362 3298.8853801562527
3363 3298.8853801562527
3364 3298.8853801562527
3365 3298.8853801562527
3366 3298.8853801562527
3367 3298.8853801562527
3368 3298.8853801562527
3369 3298.8853801562527
3370 3298.8853801562527
3371 3298.8853801562527
3372 3298.8853801562527
3373 3298.8853801562527
3374 3298.8853801562527
3375 3298.8853801562527
3376 3298.8853801562527
3377 3298.8853801562527
3378 3298.8853801562527
3379 3298.8853801562527
3380 3298.8853801562527
3381 3298.8853801562527
3382 3298.8853801562527
3383 3298.8853801562527
3384 3298.8853801562527
3385 3298.8853801562527
3386 3298.8853801562527
3387 3298.8853801562527
3388 3298.8853801562527
3389 3298.8853801562527
3390 3298.8853801562527
3391 3298.8853801562527
3392 3298.8853801562527
3393 3298.8853801562527
3394 3298.8853801562527
3395 3298.8853801562527
3396 3298.8853801562527
3397 3298.8853801562527
3398 3298.8853801562527
3399 3298.8853801562527
3400 3298.8853801562527
3401 3298.8853801562527
3402 3298.8853801562527
3403 3298.8853801562527
3404 3298.8853801562527
3405 3298.8853801562527
3406 3298.8853801562527
3407 3298.8853801562527
3408 3298.8853801562527
3409 3298.8853801562527
3410 3298.8853801562527
3411 3298.8853801562527
3412 3298.8853801562527
3413 3298.8853801562527
3414 3298.8853801562527
3415 3298.8853801562527
3416 3298.8853801562527
3417 3298.8853801562527
3418 3298.8853801562527
3419 3298.8853801562527
3420 3298.8853801562527
3421 3298.8853801562527
3422 3298.8853801562527
3423 3298.8853801562527
3424 3298.8853801562527
3425 3298.8853801562527
3426 3298.8853801562527
3427 3298.8853801562527
3428 3298.8853801562527
3429 3298.8853801562527
3430 3298.8853801562527
3431 3298.8853801562527
3432 3298.8853801562527
3433 3298.8853801562527
3434 3298.8853801562527
3435 3298.8853801562527
3436 3298.8853801562527
3437 3298.8853801562527
3438 3298.8853801562527
3439 3298.8853801562527
3440 3298.8853801562527
3441 3298.8853801562527
3442 3298.8853801562527
3443 3298.8853801562527
3444 3298.8853801562527
3445 3298.8853801562527
3446 3298.8853801562527
3447 3298.8853801562527
3448 3298.8853801562527
3449 3298.8853801562527
3450 3298.8853801562527
3451 3298.8853801562527
3452 3298.8853801562527
3453 3298.8853801562527
3454 3298.8853801562527
3455 3298.8853801562527
3456 3298.8853801562527
3457 3298.8853801562527
3458 3298.8853801562527
3459 3298.8853801562527
3460 3298.8853801562527
3461 3298.8853801562527
3462 3298.8853801562527
3463 3298.8853801562527
3464 3298.8853801562527
3465 3298.8853801562527
3466 3298.8853801562527
3467 3298.8853801562527
3468 3298.8853801562527
3469 3298.8853801562527
3470 3298.8853801562527
3471 3298.8853801562527
3472 3298.8853801562527
3473 3298.8853801562527
3474 3298.8853801562527
3475 3298.8853801562527
3476 3298.8853801562527
3477 3298.8853801562527
3478 3298.8853801562527
3479 3298.8853801562527
3480 3298.8853801562527
3481 3298.8853801562527
3482 3298.8853801562527
3483 3298.8853801562527
3484 3298.8853801562527
3485 3298.8853801562527
3486 3298.8853801562527
3487 3298.8853801562527
3488 3298.8853801562527
3489 3298.8853801562527
3490 3298.8853801562527
3491 3298.8853801562527
3492 3298.8853801562527
3493 3298.8853801562527
3494 3298.8853801562527
3495 3298.8853801562527
3496 3298.8853801562527
3497 3298.8853801562527
3498 3298.8853801562527
3499 3298.8853801562527
3500 3298.8853801562527
3501 3298.8853801562527
3502 3298.8853801562527
3503 3298.8853801562527
3504 3298.8853801562527
3505 3298.8853801562527
3506 3298.8853801562527
3507 3298.8853801562527
3508 3298.8853801562527
3509 3298.8853801562527
3510 3298.8853801562527
3511 3298.8853801562527
3512 3298.8853801562527
3513 3298.8853801562527
3514 3298.8853801562527
3515 3298.8853801562527
3516 3298.8853801562527
3517 3298.8853801562527
3518 3298.8853801562527
3519 3298.8853801562527
3520 3298.8853801562527
3521 3298.8853801562527
3522 3298.8853801562527
3523 3298.8853801562527
3524 3298.8853801562527
3525 3298.8853801562527
3526 3298.8853801562527
3527 3298.8853801562527
3528 3298.8853801562527
3529 3298.8853801562527
3530 3298.8853801562527
3531 3298.8853801562527
3532 3298.8853801562527
3533 3298.8853801562527
3534 3298.8853801562527
3535 3298.8853801562527
3536 3298.8853801562527
3537 3298.8853801562527
3538 3298.8853801562527
3539 3298.8853801562527
3540 3298.8853801562527
3541 3298.8853801562527
3542 3298.8853801562527
3543 3298.8853801562527
3544 3298.8853801562527
3545 3298.8853801562527
3546 3298.8853801562527
3547 3298.8853801562527
3548 3298.8853801562527
3549 3298.8853801562527
3550 3298.8853801562527
3551 3298.8853801562527
3552 3298.8853801562527
3553 3298.8853801562527
3554 3298.8853801562527
3555 3298.8853801562527
3556 3298.8853801562527
3557 3298.8853801562527
3558 3298.8853801562527
3559 3298.8853801562527
3560 3298.8853801562527
3561 3298.8853801562527
3562 3298.8853801562527
3563 3298.8853801562527
3564 3298.8853801562527
3565 3298.8853801562527
3566 3298.8853801562527
3567 3298.8853801562527
3568 3298.8853801562527
3569 3298.8853801562527
3570 3298.8853801562527
3571 3298.8853801562527
3572 3298.8853801562527
3573 3298.8853801562527
3574 3298.8853801562527
3575 3298.8853801562527
3576 3298.8853801562527
3577 3298.8853801562527
3578 3298.8853801562527
3579 3298.8853801562527
3580 3298.8853801562527
3581 3298.8853801562527
3582 3298.8853801562527
3583 3298.8853801562527
3584 3298.8853801562527
3585 3298.8853801562527
3586 3298.8853801562527
3587 3298.8853801562527
3588 3298.8853801562527
3589 3298.8853801562527
3590 3298.8853801562527
3591 3298.8853801562527
3592 3298.8853801562527
3593 3298.8853801562527
3594 3298.8853801562527
3595 3298.8853801562527
3596 3298.8853801562527
3597 3298.8853801562527
3598 3298.8853801562527
3599 3298.8853801562527
3600 3298.8853801562527
3601 3298.8853801562527
3602 3298.8853801562527
3603 3298.8853801562527
3604 3298.8853801562527
3605 3298.8853801562527
3606 3298.8853801562527
3607 3298.8853801562527
3608 3298.8853801562527
3609 3298.8853801562527
3610 3298.8853801562527
3611 3298.8853801562527
3612 3298.8853801562527
3613 3298.8853801562527
3614 3298.8853801562527
3615 3298.8853801562527
3616 3298.8853801562527
3617 3298.8853801562527
3618 3298.8853801562527
3619 3298.8853801562527
3620 3298.8853801562527
3621 3298.8853801562527
3622 3298.8853801562527
3623 3298.8853801562527
3624 3298.8853801562527
3625 3298.8853801562527
3626 3298.8853801562527
3627 3298.8853801562527
3628 3298.8853801562527
3629 3298.8853801562527
3630 3298.8853801562527
3631 3298.8853801562527
3632 3298.8853801562527
3633 3298.8853801562527
3634 3298.8853801562527
3635 3298.8853801562527
3636 3298.8853801562527
3637 3298.8853801562527
3638 3298.8853801562527
3639 3298.8853801562527
3640 3298.8853801562527
3641 3298.8853801562527
3642 3298.8853801562527
3643 3298.8853801562527
3644 3298.8853801562527
3645 3298.8853801562527
3646 3298.8853801562527
3647 3298.8853801562527
3648 3298.8853801562527
3649 3298.8853801562527
3650 3298.8853801562527
3651 3298.8853801562527
3652 3298.8853801562527
3653 3298.8853801562527
3654 3298.8853801562527
3655 3298.8853801562527
3656 3298.8853801562527
3657 3298.8853801562527
3658 3298.8853801562527
3659 3298.8853801562527
3660 3298.8853801562527
3661 3298.8853801562527
3662 3298.8853801562527
3663 3298.8853801562527
3664 3298.8853801562527
3665 3298.8853801562527
3666 3298.8853801562527
3667 3298.8853801562527
3668 3298.8853801562527
3669 3298.8853801562527
3670 3298.8853801562527
3671 3298.8853801562527
3672 3298.8853801562527
3673 3298.8853801562527
3674 3298.8853801562527
3675 3298.8853801562527
3676 3298.8853801562527
3677 3298.8853801562527
3678 3298.8853801562527
3679 3298.8853801562527
3680 3298.8853801562527
3681 3298.8853801562527
3682 3298.8853801562527
3683 3298.8853801562527
3684 3298.8853801562527
3685 3298.8853801562527
3686 3298.8853801562527
3687 3298.8853801562527
3688 3298.8853801562527
3689 3298.8853801562527
3690 3298.8853801562527
3691 3298.8853801562527
3692 3298.8853801562527
3693 3298.8853801562527
3694 3298.8853801562527
3695 3298.8853801562527
3696 3298.8853801562527
3697 3298.8853801562527
3698 3298.8853801562527
3699 3298.8853801562527
3700 3298.8853801562527
3701 3298.8853801562527
3702 3298.8853801562527
3703 3298.8853801562527
3704 3298.8853801562527
3705 3298.8853801562527
3706 3298.8853801562527
3707 3298.8853801562527
3708 3298.8853801562527
3709 3298.8853801562527
3710 3298.8853801562527
3711 3298.8853801562527
3712 3298.8853801562527
3713 3298.8853801562527
3714 3298.8853801562527
3715 3298.8853801562527
3716 3298.8853801562527
3717 3298.8853801562527
3718 3298.8853801562527
3719 3298.8853801562527
3720 3298.8853801562527
3721 3298.8853801562527
3722 3298.8853801562527
3723 3298.8853801562527
3724 3298.8853801562527
3725 3298.8853801562527
3726 3298.8853801562527
3727 3298.8853801562527
3728 3298.8853801562527
3729 3298.8853801562527
3730 3298.8853801562527
3731 3298.8853801562527
3732 3298.8853801562527
3733 3298.8853801562527
3734 3298.8853801562527
3735 3298.8853801562527
3736 3298.8853801562527
3737 3298.8853801562527
3738 3298.8853801562527
3739 3298.8853801562527
3740 3298.8853801562527
3741 3298.8853801562527
3742 3298.8853801562527
3743 3298.8853801562527
3744 3298.8853801562527
3745 3298.8853801562527
3746 3298.8853801562527
3747 3298.8853801562527
3748 3298.8853801562527
3749 3298.8853801562527
3750 3298.8853801562527
3751 3298.8853801562527
3752 3298.8853801562527
3753 3298.8853801562527
3754 3298.8853801562527
3755 3298.8853801562527
3756 3298.8853801562527
3757 3298.8853801562527
3758 3298.8853801562527
3759 3298.8853801562527
3760 3298.8853801562527
3761 3298.8853801562527
3762 3298.8853801562527
3763 3298.8853801562527
3764 3298.8853801562527
3765 3298.8853801562527
3766 3298.8853801562527
3767 3298.8853801562527
3768 3298.8853801562527
3769 3298.8853801562527
3770 3298.8853801562527
3771 3298.8853801562527
3772 3298.8853801562527
3773 3298.8853801562527
3774 3298.8853801562527
3775 3298.8853801562527
3776 3298.8853801562527
3777 3298.8853801562527
3778 3298.8853801562527
3779 3298.8853801562527
3780 3298.8853801562527
3781 3298.8853801562527
3782 3298.8853801562527
3783 3298.8853801562527
3784 3298.8853801562527
3785 3298.8853801562527
3786 3298.8853801562527
3787 3298.8853801562527
3788 3298.8853801562527
3789 3298.8853801562527
3790 3298.8853801562527
3791 3298.8853801562527
3792 3298.8853801562527
3793 3298.8853801562527
3794 3298.8853801562527
3795 3298.8853801562527
3796 3298.8853801562527
3797 3298.8853801562527
3798 3298.8853801562527
3799 3298.8853801562527
3800 3298.8853801562527
3801 3298.8853801562527
3802 3298.8853801562527
3803 3298.8853801562527
3804 3298.8853801562527
3805 3298.8853801562527
3806 3298.8853801562527
3807 3298.8853801562527
3808 3298.8853801562527
3809 3298.8853801562527
3810 3298.8853801562527
3811 3298.8853801562527
3812 3298.8853801562527
3813 3298.8853801562527
3814 3298.8853801562527
3815 3298.8853801562527
3816 3298.8853801562527
3817 3298.8853801562527
3818 3298.8853801562527
3819 3298.8853801562527
3820 3298.8853801562527
3821 3298.8853801562527
3822 3298.8853801562527
3823 3298.8853801562527
3824 3298.8853801562527
3825 3298.8853801562527
3826 3298.8853801562527
3827 3298.8853801562527
3828 3298.8853801562527
3829 3298.8853801562527
3830 3298.8853801562527
3831 3298.8853801562527
3832 3298.8853801562527
3833 3298.8853801562527
3834 3298.8853801562527
3835 3298.8853801562527
3836 3298.8853801562527
3837 3298.8853801562527
3838 3298.8853801562527
3839 3298.8853801562527
3840 3298.8853801562527
3841 3298.8853801562527
3842 3298.8853801562527
3843 3298.8853801562527
3844 3298.8853801562527
3845 3298.8853801562527
3846 3298.8853801562527
3847 3298.8853801562527
3848 3298.8853801562527
3849 3298.8853801562527
3850 3298.8853801562527
3851 3298.8853801562527
3852 3298.8853801562527
3853 3298.8853801562527
3854 3298.8853801562527
3855 3298.8853801562527
3856 3298.8853801562527
3857 3298.8853801562527
3858 3298.8853801562527
3859 3298.8853801562527
3860 3298.8853801562527
3861 3298.8853801562527
3862 3298.8853801562527
3863 3298.8853801562527
3864 3298.8853801562527
3865 3298.8853801562527
3866 3298.8853801562527
3867 3298.8853801562527
3868 3298.8853801562527
3869 3298.8853801562527
3870 3298.8853801562527
3871 3298.8853801562527
3872 3298.8853801562527
3873 3298.8853801562527
3874 3298.8853801562527
3875 3298.8853801562527
3876 3298.8853801562527
3877 3298.8853801562527
3878 3298.8853801562527
3879 3298.8853801562527
3880 3298.8853801562527
3881 3298.8853801562527
3882 3298.8853801562527
3883 3298.8853801562527
3884 3298.8853801562527
3885 3298.8853801562527
3886 3298.8853801562527
3887 3298.8853801562527
3888 3298.8853801562527
3889 3298.8853801562527
3890 3298.8853801562527
3891 3298.8853801562527
3892 3298.8853801562527
3893 3298.8853801562527
3894 3298.8853801562527
3895 3298.8853801562527
3896 3298.8853801562527
3897 3298.8853801562527
3898 3298.8853801562527
3899 3298.8853801562527
3900 3298.8853801562527
3901 3298.8853801562527
3902 3298.8853801562527
3903 3298.8853801562527
3904 3298.8853801562527
3905 3298.8853801562527
3906 3298.8853801562527
3907 3298.8853801562527
3908 3298.8853801562527
3909 3298.8853801562527
3910 3298.8853801562527
3911 3298.8853801562527
3912 3298.8853801562527
3913 3298.8853801562527
3914 3298.8853801562527
3915 3298.8853801562527
3916 3298.8853801562527
3917 3298.8853801562527
3918 3298.8853801562527
3919 3298.8853801562527
3920 3298.8853801562527
3921 3298.8853801562527
3922 3298.8853801562527
3923 3298.8853801562527
3924 3298.8853801562527
3925 3298.8853801562527
3926 3298.8853801562527
3927 3298.8853801562527
3928 3298.8853801562527
3929 3298.8853801562527
3930 3298.8853801562527
3931 3298.8853801562527
3932 3298.8853801562527
3933 3298.8853801562527
3934 3298.8853801562527
3935 3298.8853801562527
3936 3298.8853801562527
3937 3298.8853801562527
3938 3298.8853801562527
3939 3298.8853801562527
3940 3298.8853801562527
3941 3298.8853801562527
3942 3298.8853801562527
3943 3298.8853801562527
3944 3298.8853801562527
3945 3298.8853801562527
3946 3298.8853801562527
3947 3298.8853801562527
3948 3298.8853801562527
3949 3298.8853801562527
3950 3298.8853801562527
3951 3298.8853801562527
3952 3298.8853801562527
3953 3298.8853801562527
3954 3298.8853801562527
3955 3298.8853801562527
3956 3298.8853801562527
3957 3298.8853801562527
3958 3298.8853801562527
3959 3298.8853801562527
3960 3298.8853801562527
3961 3298.8853801562527
3962 3298.8853801562527
3963 3298.8853801562527
3964 3298.8853801562527
3965 3298.8853801562527
3966 3298.8853801562527
3967 3298.8853801562527
3968 3298.8853801562527
3969 3298.8853801562527
3970 3298.8853801562527
3971 3298.8853801562527
3972 3298.8853801562527
3973 3298.8853801562527
3974 3298.8853801562527
3975 3298.8853801562527
3976 3298.8853801562527
3977 3298.8853801562527
3978 3298.8853801562527
3979 3298.8853801562527
3980 3298.8853801562527
3981 3298.8853801562527
3982 3298.8853801562527
3983 3298.8853801562527
3984 3298.8853801562527
3985 3298.8853801562527
3986 3298.8853801562527
3987 3298.8853801562527
3988 3298.8853801562527
3989 3298.8853801562527
3990 3298.8853801562527
3991 3298.8853801562527
3992 3298.8853801562527
3993 3298.8853801562527
3994 3298.8853801562527
3995 3298.8853801562527
3996 3298.8853801562527
3997 3298.8853801562527
3998 3298.8853801562527
3999 3298.8853801562527
4000 3298.8853801562527
