0 5784.807884045891
1 4552.423725391073
2 2533.261844321511
3 1395.996433477858
4 933.6763824702867
5 868.2366581092356
6 820.4093307049238
7 769.2239886323842
8 740.171075669995
9 667.0072000408591
10 587.0114380203944
11 521.7347470043081
12 486.41058890328776
13 442.6814723161668
14 404.58597096515405
15 384.49388858125695
16 356.8524498794081
17 334.27667675264416
18 309.76276971026056
19 283.16534843574044
20 266.6834524989693
21 253.1102575753536
22 239.82582499275813
23 229.28955408745074
24 220.28699610240014
25 209.3386566109075
26 201.17155870864698
27 194.67116198669999
28 187.7235823267391
29 182.6224910342146
30 179.10438670933422
31 174.4865591011625
32 170.08200328281654
33 166.33984786058025
34 163.60988087247776
35 161.62074093421327
36 158.8582240887737
37 156.47673990418204
38 154.67379354889434
39 153.256026211381
40 152.03795209502394
41 150.80185136982712
42 149.53338230106826
43 148.43428375671056
44 147.58612610777024
45 146.84085172389783
46 146.25610558909617
47 145.635769205966
48 145.20095940941744
49 144.72821226300323
50 144.36162032842876
51 143.95332293172032
52 143.57238174555104
53 143.2674298370628
54 143.02215868534572
55 142.78430074295648
56 142.59492642945503
57 142.44078680226053
58 142.22946756347787
59 142.06126113653224
60 141.92841533688215
61 141.80866379875545
62 141.71849819773468
63 141.57716312625908
64 141.46727187589656
65 141.38866810459456
66 141.33085174471285
67 141.25646574517052
68 141.19434209920902
69 141.13069761980012
70 141.0801581271041
71 141.03116368821273
72 140.99255403632716
73 140.95121084522359
74 140.91670160367642
75 140.88943253140783
76 140.86117644178236
77 140.83828952207864
78 140.81518176019702
79 140.79320796802196
80 140.7734233668685
81 140.7565577264738
82 140.7415337297066
83 140.72531701671613
84 140.7071879567351
85 140.69350995896124
86 140.68227359781042
87 140.67368142264334
88 140.6651691272598
89 140.65765558623298
90 140.6496114850253
91 140.64053800447567
92 140.63323033291934
93 140.62634360028534
94 140.62091208114705
95 140.6126410834184
96 140.60449153327679
97 140.598200854152
98 140.5936703561941
99 140.59030154173286
100 140.5849687653462
101 140.5791057270554
102 140.57473735704164
103 140.57148171510207
104 140.56756990242215
105 140.56384641867677
106 140.56037657746094
107 140.55725408150096
108 140.5539813966375
109 140.55010223137154
110 140.54731189627987
111 140.54517130226472
112 140.54277014803347
113 140.54045138916356
114 140.538778737037
115 140.53646146651135
116 140.53469380866736
117 140.53287761822367
118 140.53086120027672
119 140.5294324415116
120 140.52836077982923
121 140.5270901487557
122 140.52592368478165
123 140.5246410573848
124 140.52365150334987
125 140.52282049336304
126 140.52180587194448
127 140.5208012539936
128 140.5200975106663
129 140.51958449053933
130 140.51884079048617
131 140.51809436701842
132 140.51756040153677
133 140.51717850490442
134 140.5166914114694
135 140.51625425906687
136 140.5158179218174
137 140.51544401289527
138 140.51517854703923
139 140.51486618884883
140 140.51452571093338
141 140.51426509213775
142 140.5140810622987
143 140.5138926232473
144 140.5136690157874
145 140.51349932787954
146 140.51333564237663
147 140.51311176848415
148 140.5129537939988
149 140.51283588382987
150 140.5127459104008
151 140.51262774445686
152 140.5125091502546
153 140.51239922534606
154 140.51231713910047
155 140.5122305422562
156 140.51212755254167
157 140.5120548501481
158 140.51197815500356
159 140.51191950060297
160 140.51183953895557
161 140.51176949397765
162 140.51171791213406
163 140.51166850389959
164 140.5116106248468
165 140.5115675485895
166 140.51152465643437
167 140.51148585866014
168 140.51144547426816
169 140.51140477056205
170 140.51137483294823
171 140.51134648018896
172 140.51132119167923
173 140.5112999453128
174 140.51127642962607
175 140.51125618676372
176 140.51123090496648
177 140.51120800610144
178 140.51119181901186
179 140.51117357854173
180 140.5111554405515
181 140.5111420851032
182 140.51113245390778
183 140.51111676807906
184 140.51110495877646
185 140.51109537856817
186 140.51108445939835
187 140.51107411318253
188 140.511065857349
189 140.51105749360212
190 140.51105154546119
191 140.51104563972544
192 140.51103923811652
193 140.51103372541448
194 140.51102750780214
195 140.51102260578932
196 140.51101882164002
197 140.5110141700334
198 140.51100889796837
199 140.5110051659013
200 140.51100239215455
201 140.51099867365244
202 140.51099507587904
203 140.51099219533145
204 140.51099006362787
205 140.5109873284596
206 140.51098505988685
207 140.5109832969208
208 140.5109805359538
209 140.51097827100986
210 140.51097663373218
211 140.51097546480972
212 140.51097368542264
213 140.51097223264296
214 140.51097115452168
215 140.5109697175828
216 140.5109685535252
217 140.51096759316786
218 140.51096663166356
219 140.51096569460728
220 140.51096496883204
221 140.51096430758457
222 140.5109632645196
223 140.5109620467872
224 140.5109611558452
225 140.51096045657778
226 140.51095995276717
227 140.51095953413224
228 140.51095873722863
229 140.51095816979893
230 140.51095770093875
231 140.51095725906364
232 140.5109568098817
233 140.51095632497024
234 140.51095597514788
235 140.51095560776625
236 140.5109552389508
237 140.51095497223594
238 140.51095468993398
239 140.51095442374285
240 140.51095419656588
241 140.51095389201052
242 140.51095361663556
243 140.51095342123403
244 140.51095324892037
245 140.5109530615567
246 140.51095283369787
247 140.51095264026307
248 140.5109524886427
249 140.51095233896788
250 140.51095221857915
251 140.51095212493453
252 140.5109519670976
253 140.51095183292475
254 140.51095173461633
255 140.51095166389072
256 140.51095158393355
257 140.51095149897813
258 140.5109514215958
259 140.51095135449944
260 140.51095129779597
261 140.5109512457523
262 140.51095119248055
263 140.51095112983998
264 140.51095108367375
265 140.51095105126493
266 140.510950968529
267 140.5109509075643
268 140.51095086484594
269 140.51095083327718
270 140.51095080696413
271 140.51095076206374
272 140.51095072597164
273 140.51095069108544
274 140.51095066436267
275 140.51095063475358
276 140.51095059428118
277 140.51095055602093
278 140.51095052818582
279 140.51095050785057
280 140.5109504923349
281 140.51095046555312
282 140.51095044299268
283 140.5109504259085
284 140.51095041017535
285 140.51095039405874
286 140.51095037796162
287 140.51095036409154
288 140.5109503461834
289 140.51095032877788
290 140.51095031659403
291 140.5109503079401
292 140.51095030017612
293 140.51095028832637
294 140.51095027875678
295 140.510950272058
296 140.5109502664356
297 140.5109502600321
298 140.5109502525862
299 140.5109502466208
300 140.51095023929687
301 140.5109502321612
302 140.5109502268991
303 140.5109502228356
304 140.51095021725436
305 140.51095021332162
306 140.51095020976763
307 140.5109502060856
308 140.51095020179278
309 140.51095019697868
310 140.51095019354258
311 140.5109501910323
312 140.5109501888393
313 140.51095018552851
314 140.5109501830816
315 140.51095018081716
316 140.51095017830426
317 140.5109501765297
318 140.51095017522547
319 140.51095017390855
320 140.51095017126337
321 140.51095016925512
322 140.51095016779837
323 140.5109501667528
324 140.51095016557875
325 140.5109501644924
326 140.51095016343564
327 140.51095016239051
328 140.5109501611752
329 140.51095016016632
330 140.5109501593976
331 140.51095015884366
332 140.51095015790364
333 140.5109501569364
334 140.51095015622772
335 140.51095015571443
336 140.5109501551885
337 140.51095015459796
338 140.51095015407023
339 140.51095015356046
340 140.5109501532024
341 140.51095015278187
342 140.51095015241526
343 140.51095015213915
344 140.51095015168585
345 140.51095015134192
346 140.51095015109865
347 140.5109501509231
348 140.51095015066107
349 140.51095015029338
350 140.5109501500294
351 140.5109501498409
352 140.51095014970724
353 140.51095014952375
354 140.51095014935626
355 140.5109501492377
356 140.51095014910072
357 140.51095014900017
358 140.51095014884967
359 140.51095014873187
360 140.51095014864745
361 140.510950148535
362 140.5109501484453
363 140.5109501483605
364 140.51095014829244
365 140.51095014824102
366 140.5109501481798
367 140.51095014811236
368 140.51095014806154
369 140.51095014801103
370 140.51095014796059
371 140.51095014791713
372 140.51095014788083
373 140.51095014785474
374 140.51095014781507
375 140.51095014778528
376 140.51095014776365
377 140.5109501477361
378 140.5109501477119
379 140.5109501476908
380 140.51095014766386
381 140.51095014764016
382 140.51095014762294
383 140.51095014760992
384 140.5109501475877
385 140.51095014756916
386 140.51095014755575
387 140.51095014754603
388 140.51095014753568
389 140.51095014751778
390 140.51095014750433
391 140.51095014749464
392 140.51095014748748
393 140.5109501474777
394 140.51095014746866
395 140.51095014746224
396 140.51095014745468
397 140.5109501474484
398 140.51095014743993
399 140.51095014743183
400 140.51095014742603
401 140.51095014742168
402 140.51095014741824
403 140.5109501474127
404 140.5109501474088
405 140.51095014740417
406 140.51095014740008
407 140.51095014739712
408 140.51095014739363
409 140.51095014739
410 140.51095014738533
411 140.51095014738192
412 140.51095014737913
413 140.51095014737703
414 140.51095014737373
415 140.5109501473712
416 140.5109501473693
417 140.5109501473676
418 140.5109501473648
419 140.51095014736222
420 140.5109501473601
421 140.51095014735859
422 140.5109501473573
423 140.51095014735543
424 140.5109501473539
425 140.51095014735253
426 140.5109501473511
427 140.51095014734986
428 140.510950147349
429 140.5109501473481
430 140.51095014734713
431 140.5109501473463
432 140.5109501473456
433 140.51095014734477
434 140.51095014734392
435 140.51095014734332
436 140.5109501473429
437 140.51095014734247
438 140.5109501473419
439 140.51095014734133
440 140.51095014734094
441 140.5109501473406
442 140.51095014734025
443 140.5109501473399
444 140.51095014733963
445 140.51095014733937
446 140.51095014733906
447 140.51095014733883
448 140.51095014733858
449 140.51095014733835
450 140.51095014733818
451 140.51095014733798
452 140.51095014733775
453 140.51095014733758
454 140.51095014733747
455 140.51095014733735
456 140.51095014733718
457 140.510950147337
458 140.5109501473369
459 140.51095014733679
460 140.51095014733673
461 140.51095014733662
462 140.51095014733653
463 140.51095014733644
464 140.5109501473364
465 140.5109501473363
466 140.51095014733627
467 140.5109501473362
468 140.5109501473361
469 140.51095014733608
470 140.51095014733602
471 140.51095014733596
472 140.51095014733593
473 140.5109501473359
474 140.51095014733588
475 140.51095014733585
476 140.51095014733582
477 140.5109501473358
478 140.51095014733576
479 140.51095014733573
480 140.5109501473357
481 140.51095014733568
482 140.51095014733565
483 140.51095014733565
484 140.51095014733562
485 140.51095014733562
486 140.5109501473356
487 140.5109501473356
488 140.51095014733556
489 140.51095014733556
490 140.51095014733554
491 140.51095014733554
492 140.51095014733554
493 140.51095014733554
494 140.51095014733554
495 140.5109501473355
496 140.5109501473355
497 140.5109501473355
498 140.5109501473355
499 140.5109501473355
500 140.5109501473355
501 140.5109501473355
502 140.5109501473355
503 140.5109501473355
504 140.5109501473355
505 140.5109501473355
506 140.5109501473355
507 140.5109501473355
508 140.5109501473355
509 140.5109501473355
510 140.5109501473355
511 140.5109501473355
512 140.5109501473355
513 140.5109501473355
514 140.5109501473355
515 140.5109501473355
516 140.5109501473355
517 140.5109501473355
518 140.5109501473355
519 140.5109501473355
520 140.5109501473355
521 140.5109501473355
522 140.5109501473355
523 140.5109501473355
524 140.5109501473355
525 140.5109501473355
526 140.5109501473355
527 140.5109501473355
528 140.5109501473355
529 140.5109501473355
530 140.5109501473355
531 140.5109501473355
532 140.5109501473355
533 140.5109501473355
534 140.5109501473355
535 140.5109501473355
536 140.5109501473355
537 140.5109501473355
538 140.5109501473355
539 140.5109501473355
540 140.5109501473355
541 140.5109501473355
542 140.5109501473355
543 140.5109501473355
544 140.5109501473355
545 140.5109501473355
546 140.5109501473355
547 140.5109501473355
548 140.5109501473355
549 140.5109501473355
550 140.5109501473355
551 140.5109501473355
552 140.5109501473355
553 140.5109501473355
554 140.5109501473355
555 140.5109501473355
556 140.5109501473355
557 140.5109501473355
558 140.5109501473355
559 140.5109501473355
560 140.5109501473355
561 140.5109501473355
562 140.5109501473355
563 140.5109501473355
564 140.5109501473355
565 140.5109501473355
566 140.5109501473355
567 140.5109501473355
568 140.5109501473355
569 140.5109501473355
570 140.5109501473355
571 140.5109501473355
572 140.5109501473355
573 140.5109501473355
574 140.5109501473355
575 140.5109501473355
576 140.5109501473355
577 140.5109501473355
578 140.5109501473355
579 140.5109501473355
580 140.5109501473355
581 140.5109501473355
582 140.5109501473355
583 140.5109501473355
584 140.5109501473355
585 140.5109501473355
586 140.5109501473355
587 140.5109501473355
588 140.5109501473355
589 140.5109501473355
590 140.5109501473355
591 140.5109501473355
592 140.5109501473355
593 140.5109501473355
594 140.5109501473355
595 140.5109501473355
596 140.5109501473355
597 140.5109501473355
598 140.5109501473355
599 140.5109501473355
600 140.5109501473355
601 140.5109501473355
602 140.5109501473355
603 140.5109501473355
604 140.5109501473355
605 140.5109501473355
606 140.5109501473355
607 140.5109501473355
608 140.5109501473355
609 140.5109501473355
610 140.5109501473355
611 140.5109501473355
612 140.5109501473355
613 140.5109501473355
614 140.5109501473355
615 140.5109501473355
616 140.5109501473355
617 140.5109501473355
618 140.5109501473355
619 140.5109501473355
620 140.5109501473355
621 140.5109501473355
622 140.5109501473355
623 140.5109501473355
624 140.5109501473355
625 140.5109501473355
626 140.5109501473355
627 140.5109501473355
628 140.5109501473355
629 140.5109501473355
630 140.5109501473355
631 140.5109501473355
632 140.5109501473355
633 140.5109501473355
634 140.5109501473355
635 140.5109501473355
636 140.5109501473355
637 140.5109501473355
638 140.5109501473355
639 140.5109501473355
640 140.5109501473355
641 140.5109501473355
642 140.5109501473355
643 140.5109501473355
644 140.5109501473355
645 140.5109501473355
646 140.5109501473355
647 140.5109501473355
648 140.5109501473355
649 140.5109501473355
650 140.5109501473355
651 140.5109501473355
652 140.5109501473355
653 140.5109501473355
654 140.5109501473355
655 140.5109501473355
656 140.5109501473355
657 140.5109501473355
658 140.5109501473355
659 140.5109501473355
660 140.5109501473355
661 140.5109501473355
662 140.5109501473355
663 140.5109501473355
664 140.5109501473355
665 140.5109501473355
666 140.5109501473355
667 140.5109501473355
668 140.5109501473355
669 140.5109501473355
670 140.5109501473355
671 140.5109501473355
672 140.5109501473355
673 140.5109501473355
674 140.5109501473355
675 140.5109501473355
676 140.5109501473355
677 140.5109501473355
678 140.5109501473355
679 140.5109501473355
680 140.5109501473355
681 140.5109501473355
682 140.5109501473355
683 140.5109501473355
684 140.5109501473355
685 140.5109501473355
686 140.5109501473355
687 140.5109501473355
688 140.5109501473355
689 140.5109501473355
690 140.5109501473355
691 140.5109501473355
692 140.5109501473355
693 140.5109501473355
694 140.5109501473355
695 140.5109501473355
696 140.5109501473355
697 140.5109501473355
698 140.5109501473355
699 140.5109501473355
700 140.5109501473355
701 140.5109501473355
702 140.5109501473355
703 140.5109501473355
704 140.5109501473355
705 140.5109501473355
706 140.5109501473355
707 140.5109501473355
708 140.5109501473355
709 140.5109501473355
710 140.5109501473355
711 140.5109501473355
712 140.5109501473355
713 140.5109501473355
714 140.5109501473355
715 140.5109501473355
716 140.5109501473355
717 140.5109501473355
718 140.5109501473355
719 140.5109501473355
720 140.5109501473355
721 140.5109501473355
722 140.5109501473355
723 140.5109501473355
724 140.5109501473355
725 140.5109501473355
726 140.5109501473355
727 140.5109501473355
728 140.5109501473355
729 140.5109501473355
730 140.5109501473355
731 140.5109501473355
732 140.5109501473355
733 140.5109501473355
734 140.5109501473355
735 140.5109501473355
736 140.5109501473355
737 140.5109501473355
738 140.5109501473355
739 140.5109501473355
740 140.5109501473355
741 140.5109501473355
742 140.5109501473355
743 140.5109501473355
744 140.5109501473355
745 140.5109501473355
746 140.5109501473355
747 140.5109501473355
748 140.5109501473355
749 140.5109501473355
750 140.5109501473355
751 140.5109501473355
752 140.5109501473355
753 140.5109501473355
754 140.5109501473355
755 140.5109501473355
756 140.5109501473355
757 140.5109501473355
758 140.5109501473355
759 140.5109501473355
760 140.5109501473355
761 140.5109501473355
762 140.5109501473355
763 140.5109501473355
764 140.5109501473355
765 140.5109501473355
766 140.5109501473355
767 140.5109501473355
768 140.5109501473355
769 140.5109501473355
770 140.5109501473355
771 140.5109501473355
772 140.5109501473355
773 140.5109501473355
774 140.5109501473355
775 140.5109501473355
776 140.5109501473355
777 140.5109501473355
778 140.5109501473355
779 140.5109501473355
780 140.5109501473355
781 140.5109501473355
782 140.5109501473355
783 140.5109501473355
784 140.5109501473355
785 140.5109501473355
786 140.5109501473355
787 140.5109501473355
788 140.5109501473355
789 140.5109501473355
790 140.5109501473355
791 140.5109501473355
792 140.5109501473355
793 140.5109501473355
794 140.5109501473355
795 140.5109501473355
796 140.5109501473355
797 140.5109501473355
798 140.5109501473355
799 140.5109501473355
800 140.5109501473355
801 140.5109501473355
802 140.5109501473355
803 140.5109501473355
804 140.5109501473355
805 140.5109501473355
806 140.5109501473355
807 140.5109501473355
808 140.5109501473355
809 140.5109501473355
810 140.5109501473355
811 140.5109501473355
812 140.5109501473355
813 140.5109501473355
814 140.5109501473355
815 140.5109501473355
816 140.5109501473355
817 140.5109501473355
818 140.5109501473355
819 140.5109501473355
820 140.5109501473355
821 140.5109501473355
822 140.5109501473355
823 140.5109501473355
824 140.5109501473355
825 140.5109501473355
826 140.5109501473355
827 140.5109501473355
828 140.5109501473355
829 140.5109501473355
830 140.5109501473355
831 140.5109501473355
832 140.5109501473355
833 140.5109501473355
834 140.5109501473355
835 140.5109501473355
836 140.5109501473355
837 140.5109501473355
838 140.5109501473355
839 140.5109501473355
840 140.5109501473355
841 140.5109501473355
842 140.5109501473355
843 140.5109501473355
844 140.5109501473355
845 140.5109501473355
846 140.5109501473355
847 140.5109501473355
848 140.5109501473355
849 140.5109501473355
850 140.5109501473355
851 140.5109501473355
852 140.5109501473355
853 140.5109501473355
854 140.5109501473355
855 140.5109501473355
856 140.5109501473355
857 140.5109501473355
858 140.5109501473355
859 140.5109501473355
860 140.5109501473355
861 140.5109501473355
862 140.5109501473355
863 140.5109501473355
864 140.5109501473355
865 140.5109501473355
866 140.5109501473355
867 140.5109501473355
868 140.5109501473355
869 140.5109501473355
870 140.5109501473355
871 140.5109501473355
872 140.5109501473355
873 140.5109501473355
874 140.5109501473355
875 140.5109501473355
876 140.5109501473355
877 140.5109501473355
878 140.5109501473355
879 140.5109501473355
880 140.5109501473355
881 140.5109501473355
882 140.5109501473355
883 140.5109501473355
884 140.5109501473355
885 140.5109501473355
886 140.5109501473355
887 140.5109501473355
888 140.5109501473355
889 140.5109501473355
890 140.5109501473355
891 140.5109501473355
892 140.5109501473355
893 140.5109501473355
894 140.5109501473355
895 140.5109501473355
896 140.5109501473355
897 140.5109501473355
898 140.5109501473355
899 140.5109501473355
900 140.5109501473355
901 140.5109501473355
902 140.5109501473355
903 140.5109501473355
904 140.5109501473355
905 140.5109501473355
906 140.5109501473355
907 140.5109501473355
908 140.5109501473355
909 140.5109501473355
910 140.5109501473355
911 140.5109501473355
912 140.5109501473355
913 140.5109501473355
914 140.5109501473355
915 140.5109501473355
916 140.5109501473355
917 140.5109501473355
918 140.5109501473355
919 140.5109501473355
920 140.5109501473355
921 140.5109501473355
922 140.5109501473355
923 140.5109501473355
924 140.5109501473355
925 140.5109501473355
926 140.5109501473355
927 140.5109501473355
928 140.5109501473355
929 140.5109501473355
930 140.5109501473355
931 140.5109501473355
932 140.5109501473355
933 140.5109501473355
934 140.5109501473355
935 140.5109501473355
936 140.5109501473355
937 140.5109501473355
938 140.5109501473355
939 140.5109501473355
940 140.5109501473355
941 140.5109501473355
942 140.5109501473355
943 140.5109501473355
944 140.5109501473355
945 140.5109501473355
946 140.5109501473355
947 140.5109501473355
948 140.5109501473355
949 140.5109501473355
950 140.5109501473355
951 140.5109501473355
952 140.5109501473355
953 140.5109501473355
954 140.5109501473355
955 140.5109501473355
956 140.5109501473355
957 140.5109501473355
958 140.5109501473355
959 140.5109501473355
960 140.5109501473355
961 140.5109501473355
962 140.5109501473355
963 140.5109501473355
964 140.5109501473355
965 140.5109501473355
966 140.5109501473355
967 140.5109501473355
968 140.5109501473355
969 140.5109501473355
970 140.5109501473355
971 140.5109501473355
972 140.5109501473355
973 140.5109501473355
974 140.5109501473355
975 140.5109501473355
976 140.5109501473355
977 140.5109501473355
978 140.5109501473355
979 140.5109501473355
980 140.5109501473355
981 140.5109501473355
982 140.5109501473355
983 140.5109501473355
984 140.5109501473355
985 140.5109501473355
986 140.5109501473355
987 140.5109501473355
988 140.5109501473355
989 140.5109501473355
990 140.5109501473355
991 140.5109501473355
992 140.5109501473355
993 140.5109501473355
994 140.5109501473355
995 140.5109501473355
996 140.5109501473355
997 140.5109501473355
998 140.5109501473355
999 140.5109501473355
1000 140.5109501473355
1001 140.5109501473355
1002 140.5109501473355
1003 140.5109501473355
1004 140.5109501473355
1005 140.5109501473355
1006 140.5109501473355
1007 140.5109501473355
1008 140.5109501473355
1009 140.5109501473355
1010 140.5109501473355
1011 140.5109501473355
1012 140.5109501473355
1013 140.5109501473355
1014 140.5109501473355
1015 140.5109501473355
1016 140.5109501473355
1017 140.5109501473355
1018 140.5109501473355
1019 140.5109501473355
1020 140.5109501473355
1021 140.5109501473355
1022 140.5109501473355
1023 140.5109501473355
1024 140.5109501473355
1025 140.5109501473355
1026 140.5109501473355
1027 140.5109501473355
1028 140.5109501473355
1029 140.5109501473355
1030 140.5109501473355
1031 140.5109501473355
1032 140.5109501473355
1033 140.5109501473355
1034 140.5109501473355
1035 140.5109501473355
1036 140.5109501473355
1037 140.5109501473355
1038 140.5109501473355
1039 140.5109501473355
1040 140.5109501473355
1041 140.5109501473355
1042 140.5109501473355
1043 140.5109501473355
1044 140.5109501473355
1045 140.5109501473355
1046 140.5109501473355
1047 140.5109501473355
1048 140.5109501473355
1049 140.5109501473355
1050 140.5109501473355
1051 140.5109501473355
1052 140.5109501473355
1053 140.5109501473355
1054 140.5109501473355
1055 140.5109501473355
1056 140.5109501473355
1057 140.5109501473355
1058 140.5109501473355
1059 140.5109501473355
1060 140.5109501473355
1061 140.5109501473355
1062 140.5109501473355
1063 140.5109501473355
1064 140.5109501473355
1065 140.5109501473355
1066 140.5109501473355
1067 140.5109501473355
1068 140.5109501473355
1069 140.5109501473355
1070 140.5109501473355
1071 140.5109501473355
1072 140.5109501473355
1073 140.5109501473355
1074 140.5109501473355
1075 140.5109501473355
1076 140.5109501473355
1077 140.5109501473355
1078 140.5109501473355
1079 140.5109501473355
1080 140.5109501473355
1081 140.5109501473355
1082 140.5109501473355
1083 140.5109501473355
1084 140.5109501473355
1085 140.5109501473355
1086 140.5109501473355
1087 140.5109501473355
1088 140.5109501473355
1089 140.5109501473355
1090 140.5109501473355
1091 140.5109501473355
1092 140.5109501473355
1093 140.5109501473355
1094 140.5109501473355
1095 140.5109501473355
1096 140.5109501473355
1097 140.5109501473355
1098 140.5109501473355
1099 140.5109501473355
1100 140.5109501473355
1101 140.5109501473355
1102 140.5109501473355
1103 140.5109501473355
1104 140.5109501473355
1105 140.5109501473355
1106 140.5109501473355
1107 140.5109501473355
1108 140.5109501473355
1109 140.5109501473355
1110 140.5109501473355
1111 140.5109501473355
1112 140.5109501473355
1113 140.5109501473355
1114 140.5109501473355
1115 140.5109501473355
1116 140.5109501473355
1117 140.5109501473355
1118 140.5109501473355
1119 140.5109501473355
1120 140.5109501473355
1121 140.5109501473355
1122 140.5109501473355
1123 140.5109501473355
1124 140.5109501473355
1125 140.5109501473355
1126 140.5109501473355
1127 140.5109501473355
1128 140.5109501473355
1129 140.5109501473355
1130 140.5109501473355
1131 140.5109501473355
1132 140.5109501473355
1133 140.5109501473355
1134 140.5109501473355
1135 140.5109501473355
1136 140.5109501473355
1137 140.5109501473355
1138 140.5109501473355
1139 140.5109501473355
1140 140.5109501473355
1141 140.5109501473355
1142 140.5109501473355
1143 140.5109501473355
1144 140.5109501473355
1145 140.5109501473355
1146 140.5109501473355
1147 140.5109501473355
1148 140.5109501473355
1149 140.5109501473355
1150 140.5109501473355
1151 140.5109501473355
1152 140.5109501473355
1153 140.5109501473355
1154 140.5109501473355
1155 140.5109501473355
1156 140.5109501473355
1157 140.5109501473355
1158 140.5109501473355
1159 140.5109501473355
1160 140.5109501473355
1161 140.5109501473355
1162 140.5109501473355
1163 140.5109501473355
1164 140.5109501473355
1165 140.5109501473355
1166 140.5109501473355
1167 140.5109501473355
1168 140.5109501473355
1169 140.5109501473355
1170 140.5109501473355
1171 140.5109501473355
1172 140.5109501473355
1173 140.5109501473355
1174 140.5109501473355
1175 140.5109501473355
1176 140.5109501473355
1177 140.5109501473355
1178 140.5109501473355
1179 140.5109501473355
1180 140.5109501473355
1181 140.5109501473355
1182 140.5109501473355
1183 140.5109501473355
1184 140.5109501473355
1185 140.5109501473355
1186 140.5109501473355
1187 140.5109501473355
1188 140.5109501473355
1189 140.5109501473355
1190 140.5109501473355
1191 140.5109501473355
1192 140.5109501473355
1193 140.5109501473355
1194 140.5109501473355
1195 140.5109501473355
1196 140.5109501473355
1197 140.5109501473355
1198 140.5109501473355
1199 140.5109501473355
1200 140.5109501473355
1201 140.5109501473355
1202 140.5109501473355
1203 140.5109501473355
1204 140.5109501473355
1205 140.5109501473355
1206 140.5109501473355
1207 140.5109501473355
1208 140.5109501473355
1209 140.5109501473355
1210 140.5109501473355
1211 140.5109501473355
1212 140.5109501473355
1213 140.5109501473355
1214 140.5109501473355
1215 140.5109501473355
1216 140.5109501473355
1217 140.5109501473355
1218 140.5109501473355
1219 140.5109501473355
1220 140.5109501473355
1221 140.5109501473355
1222 140.5109501473355
1223 140.5109501473355
1224 140.5109501473355
1225 140.5109501473355
1226 140.5109501473355
1227 140.5109501473355
1228 140.5109501473355
1229 140.5109501473355
1230 140.5109501473355
1231 140.5109501473355
1232 140.5109501473355
1233 140.5109501473355
1234 140.5109501473355
1235 140.5109501473355
1236 140.5109501473355
1237 140.5109501473355
1238 140.5109501473355
1239 140.5109501473355
1240 140.5109501473355
1241 140.5109501473355
1242 140.5109501473355
1243 140.5109501473355
1244 140.5109501473355
1245 140.5109501473355
1246 140.5109501473355
1247 140.5109501473355
1248 140.5109501473355
1249 140.5109501473355
1250 140.5109501473355
1251 140.5109501473355
1252 140.5109501473355
1253 140.5109501473355
1254 140.5109501473355
1255 140.5109501473355
1256 140.5109501473355
1257 140.5109501473355
1258 140.5109501473355
1259 140.5109501473355
1260 140.5109501473355
1261 140.5109501473355
1262 140.5109501473355
1263 140.5109501473355
1264 140.5109501473355
1265 140.5109501473355
1266 140.5109501473355
1267 140.5109501473355
1268 140.5109501473355
1269 140.5109501473355
1270 140.5109501473355
1271 140.5109501473355
1272 140.5109501473355
1273 140.5109501473355
1274 140.5109501473355
1275 140.5109501473355
1276 140.5109501473355
1277 140.5109501473355
1278 140.5109501473355
1279 140.5109501473355
1280 140.5109501473355
1281 140.5109501473355
1282 140.5109501473355
1283 140.5109501473355
1284 140.5109501473355
1285 140.5109501473355
1286 140.5109501473355
1287 140.5109501473355
1288 140.5109501473355
1289 140.5109501473355
1290 140.5109501473355
1291 140.5109501473355
1292 140.5109501473355
1293 140.5109501473355
1294 140.5109501473355
1295 140.5109501473355
1296 140.5109501473355
1297 140.5109501473355
1298 140.5109501473355
1299 140.5109501473355
1300 140.5109501473355
1301 140.5109501473355
1302 140.5109501473355
1303 140.5109501473355
1304 140.5109501473355
1305 140.5109501473355
1306 140.5109501473355
1307 140.5109501473355
1308 140.5109501473355
1309 140.5109501473355
1310 140.5109501473355
1311 140.5109501473355
1312 140.5109501473355
1313 140.5109501473355
1314 140.5109501473355
1315 140.5109501473355
1316 140.5109501473355
1317 140.5109501473355
1318 140.5109501473355
1319 140.5109501473355
1320 140.5109501473355
1321 140.5109501473355
1322 140.5109501473355
1323 140.5109501473355
1324 140.5109501473355
1325 140.5109501473355
1326 140.5109501473355
1327 140.5109501473355
1328 140.5109501473355
1329 140.5109501473355
1330 140.5109501473355
1331 140.5109501473355
1332 140.5109501473355
1333 140.5109501473355
1334 140.5109501473355
1335 140.5109501473355
1336 140.5109501473355
1337 140.5109501473355
1338 140.5109501473355
1339 140.5109501473355
1340 140.5109501473355
1341 140.5109501473355
1342 140.5109501473355
1343 140.5109501473355
1344 140.5109501473355
1345 140.5109501473355
1346 140.5109501473355
1347 140.5109501473355
1348 140.5109501473355
1349 140.5109501473355
1350 140.5109501473355
1351 140.5109501473355
1352 140.5109501473355
1353 140.5109501473355
1354 140.5109501473355
1355 140.5109501473355
1356 140.5109501473355
1357 140.5109501473355
1358 140.5109501473355
1359 140.5109501473355
1360 140.5109501473355
1361 140.5109501473355
1362 140.5109501473355
1363 140.5109501473355
1364 140.5109501473355
1365 140.5109501473355
1366 140.5109501473355
1367 140.5109501473355
1368 140.5109501473355
1369 140.5109501473355
1370 140.5109501473355
1371 140.5109501473355
1372 140.5109501473355
1373 140.5109501473355
1374 140.5109501473355
1375 140.5109501473355
1376 140.5109501473355
1377 140.5109501473355
1378 140.5109501473355
1379 140.5109501473355
1380 140.5109501473355
1381 140.5109501473355
1382 140.5109501473355
1383 140.5109501473355
1384 140.5109501473355
1385 140.5109501473355
1386 140.5109501473355
1387 140.5109501473355
1388 140.5109501473355
1389 140.5109501473355
1390 140.5109501473355
1391 140.5109501473355
1392 140.5109501473355
1393 140.5109501473355
1394 140.5109501473355
1395 140.5109501473355
1396 140.5109501473355
1397 140.5109501473355
1398 140.5109501473355
1399 140.5109501473355
1400 140.5109501473355
1401 140.5109501473355
1402 140.5109501473355
1403 140.5109501473355
1404 140.5109501473355
1405 140.5109501473355
1406 140.5109501473355
1407 140.5109501473355
1408 140.5109501473355
1409 140.5109501473355
1410 140.5109501473355
1411 140.5109501473355
1412 140.5109501473355
1413 140.5109501473355
1414 140.5109501473355
1415 140.5109501473355
1416 140.5109501473355
1417 140.5109501473355
1418 140.5109501473355
1419 140.5109501473355
1420 140.5109501473355
1421 140.5109501473355
1422 140.5109501473355
1423 140.5109501473355
1424 140.5109501473355
1425 140.5109501473355
1426 140.5109501473355
1427 140.5109501473355
1428 140.5109501473355
1429 140.5109501473355
1430 140.5109501473355
1431 140.5109501473355
1432 140.5109501473355
1433 140.5109501473355
1434 140.5109501473355
1435 140.5109501473355
1436 140.5109501473355
1437 140.5109501473355
1438 140.5109501473355
1439 140.5109501473355
1440 140.5109501473355
1441 140.5109501473355
1442 140.5109501473355
1443 140.5109501473355
1444 140.5109501473355
1445 140.5109501473355
1446 140.5109501473355
1447 140.5109501473355
1448 140.5109501473355
1449 140.5109501473355
1450 140.5109501473355
1451 140.5109501473355
1452 140.5109501473355
1453 140.5109501473355
1454 140.5109501473355
1455 140.5109501473355
1456 140.5109501473355
1457 140.5109501473355
1458 140.5109501473355
1459 140.5109501473355
1460 140.5109501473355
1461 140.5109501473355
1462 140.5109501473355
1463 140.5109501473355
1464 140.5109501473355
1465 140.5109501473355
1466 140.5109501473355
1467 140.5109501473355
1468 140.5109501473355
1469 140.5109501473355
1470 140.5109501473355
1471 140.5109501473355
1472 140.5109501473355
1473 140.5109501473355
1474 140.5109501473355
1475 140.5109501473355
1476 140.5109501473355
1477 140.5109501473355
1478 140.5109501473355
1479 140.5109501473355
1480 140.5109501473355
1481 140.5109501473355
1482 140.5109501473355
1483 140.5109501473355
1484 140.5109501473355
1485 140.5109501473355
1486 140.5109501473355
1487 140.5109501473355
1488 140.5109501473355
1489 140.5109501473355
1490 140.5109501473355
1491 140.5109501473355
1492 140.5109501473355
1493 140.5109501473355
1494 140.5109501473355
1495 140.5109501473355
1496 140.5109501473355
1497 140.5109501473355
1498 140.5109501473355
1499 140.5109501473355
1500 140.5109501473355
1501 140.5109501473355
1502 140.5109501473355
1503 140.5109501473355
1504 140.5109501473355
1505 140.5109501473355
1506 140.5109501473355
1507 140.5109501473355
1508 140.5109501473355
1509 140.5109501473355
1510 140.5109501473355
1511 140.5109501473355
1512 140.5109501473355
1513 140.5109501473355
1514 140.5109501473355
1515 140.5109501473355
1516 140.5109501473355
1517 140.5109501473355
1518 140.5109501473355
1519 140.5109501473355
1520 140.5109501473355
1521 140.5109501473355
1522 140.5109501473355
1523 140.5109501473355
1524 140.5109501473355
1525 140.5109501473355
1526 140.5109501473355
1527 140.5109501473355
1528 140.5109501473355
1529 140.5109501473355
1530 140.5109501473355
1531 140.5109501473355
1532 140.5109501473355
1533 140.5109501473355
1534 140.5109501473355
1535 140.5109501473355
1536 140.5109501473355
1537 140.5109501473355
1538 140.5109501473355
1539 140.5109501473355
1540 140.5109501473355
1541 140.5109501473355
1542 140.5109501473355
1543 140.5109501473355
1544 140.5109501473355
1545 140.5109501473355
1546 140.5109501473355
1547 140.5109501473355
1548 140.5109501473355
1549 140.5109501473355
1550 140.5109501473355
1551 140.5109501473355
1552 140.5109501473355
1553 140.5109501473355
1554 140.5109501473355
1555 140.5109501473355
1556 140.5109501473355
1557 140.5109501473355
1558 140.5109501473355
1559 140.5109501473355
1560 140.5109501473355
1561 140.5109501473355
1562 140.5109501473355
1563 140.5109501473355
1564 140.5109501473355
1565 140.5109501473355
1566 140.5109501473355
1567 140.5109501473355
1568 140.5109501473355
1569 140.5109501473355
1570 140.5109501473355
1571 140.5109501473355
1572 140.5109501473355
1573 140.5109501473355
1574 140.5109501473355
1575 140.5109501473355
1576 140.5109501473355
1577 140.5109501473355
1578 140.5109501473355
1579 140.5109501473355
1580 140.5109501473355
1581 140.5109501473355
1582 140.5109501473355
1583 140.5109501473355
1584 140.5109501473355
1585 140.5109501473355
1586 140.5109501473355
1587 140.5109501473355
1588 140.5109501473355
1589 140.5109501473355
1590 140.5109501473355
1591 140.5109501473355
1592 140.5109501473355
1593 140.5109501473355
1594 140.5109501473355
1595 140.5109501473355
1596 140.5109501473355
1597 140.5109501473355
1598 140.5109501473355
1599 140.5109501473355
1600 140.5109501473355
1601 140.5109501473355
1602 140.5109501473355
1603 140.5109501473355
1604 140.5109501473355
1605 140.5109501473355
1606 140.5109501473355
1607 140.5109501473355
1608 140.5109501473355
1609 140.5109501473355
1610 140.5109501473355
1611 140.5109501473355
1612 140.5109501473355
1613 140.5109501473355
1614 140.5109501473355
1615 140.5109501473355
1616 140.5109501473355
1617 140.5109501473355
1618 140.5109501473355
1619 140.5109501473355
1620 140.5109501473355
1621 140.5109501473355
1622 140.5109501473355
1623 140.5109501473355
1624 140.5109501473355
1625 140.5109501473355
1626 140.5109501473355
1627 140.5109501473355
1628 140.5109501473355
1629 140.5109501473355
1630 140.5109501473355
1631 140.5109501473355
1632 140.5109501473355
1633 140.5109501473355
1634 140.5109501473355
1635 140.5109501473355
1636 140.5109501473355
1637 140.5109501473355
1638 140.5109501473355
1639 140.5109501473355
1640 140.5109501473355
1641 140.5109501473355
1642 140.5109501473355
1643 140.5109501473355
1644 140.5109501473355
1645 140.5109501473355
1646 140.5109501473355
1647 140.5109501473355
1648 140.5109501473355
1649 140.5109501473355
1650 140.5109501473355
1651 140.5109501473355
1652 140.5109501473355
1653 140.5109501473355
1654 140.5109501473355
1655 140.5109501473355
1656 140.5109501473355
1657 140.5109501473355
1658 140.5109501473355
1659 140.5109501473355
1660 140.5109501473355
1661 140.5109501473355
1662 140.5109501473355
1663 140.5109501473355
1664 140.5109501473355
1665 140.5109501473355
1666 140.5109501473355
1667 140.5109501473355
1668 140.5109501473355
1669 140.5109501473355
1670 140.5109501473355
1671 140.5109501473355
1672 140.5109501473355
1673 140.5109501473355
1674 140.5109501473355
1675 140.5109501473355
1676 140.5109501473355
1677 140.5109501473355
1678 140.5109501473355
1679 140.5109501473355
1680 140.5109501473355
1681 140.5109501473355
1682 140.5109501473355
1683 140.5109501473355
1684 140.5109501473355
1685 140.5109501473355
1686 140.5109501473355
1687 140.5109501473355
1688 140.5109501473355
1689 140.5109501473355
1690 140.5109501473355
1691 140.5109501473355
1692 140.5109501473355
1693 140.5109501473355
1694 140.5109501473355
1695 140.5109501473355
1696 140.5109501473355
1697 140.5109501473355
1698 140.5109501473355
1699 140.5109501473355
1700 140.5109501473355
1701 140.5109501473355
1702 140.5109501473355
1703 140.5109501473355
1704 140.5109501473355
1705 140.5109501473355
1706 140.5109501473355
1707 140.5109501473355
1708 140.5109501473355
1709 140.5109501473355
1710 140.5109501473355
1711 140.5109501473355
1712 140.5109501473355
1713 140.5109501473355
1714 140.5109501473355
1715 140.5109501473355
1716 140.5109501473355
1717 140.5109501473355
1718 140.5109501473355
1719 140.5109501473355
1720 140.5109501473355
1721 140.5109501473355
1722 140.5109501473355
1723 140.5109501473355
1724 140.5109501473355
1725 140.5109501473355
1726 140.5109501473355
1727 140.5109501473355
1728 140.5109501473355
1729 140.5109501473355
1730 140.5109501473355
1731 140.5109501473355
1732 140.5109501473355
1733 140.5109501473355
1734 140.5109501473355
1735 140.5109501473355
1736 140.5109501473355
1737 140.5109501473355
1738 140.5109501473355
1739 140.5109501473355
1740 140.5109501473355
1741 140.5109501473355
1742 140.5109501473355
1743 140.5109501473355
1744 140.5109501473355
1745 140.5109501473355
1746 140.5109501473355
1747 140.5109501473355
1748 140.5109501473355
1749 140.5109501473355
1750 140.5109501473355
1751 140.5109501473355
1752 140.5109501473355
1753 140.5109501473355
1754 140.5109501473355
1755 140.5109501473355
1756 140.5109501473355
1757 140.5109501473355
1758 140.5109501473355
1759 140.5109501473355
1760 140.5109501473355
1761 140.5109501473355
1762 140.5109501473355
1763 140.5109501473355
1764 140.5109501473355
1765 140.5109501473355
1766 140.5109501473355
1767 140.5109501473355
1768 140.5109501473355
1769 140.5109501473355
1770 140.5109501473355
1771 140.5109501473355
1772 140.5109501473355
1773 140.5109501473355
1774 140.5109501473355
1775 140.5109501473355
1776 140.5109501473355
1777 140.5109501473355
1778 140.5109501473355
1779 140.5109501473355
1780 140.5109501473355
1781 140.5109501473355
1782 140.5109501473355
1783 140.5109501473355
1784 140.5109501473355
1785 140.5109501473355
1786 140.5109501473355
1787 140.5109501473355
1788 140.5109501473355
1789 140.5109501473355
1790 140.5109501473355
1791 140.5109501473355
1792 140.5109501473355
1793 140.5109501473355
1794 140.5109501473355
1795 140.5109501473355
1796 140.5109501473355
1797 140.5109501473355
1798 140.5109501473355
1799 140.5109501473355
1800 140.5109501473355
1801 140.5109501473355
1802 140.5109501473355
1803 140.5109501473355
1804 140.5109501473355
1805 140.5109501473355
1806 140.5109501473355
1807 140.5109501473355
1808 140.5109501473355
1809 140.5109501473355
1810 140.5109501473355
1811 140.5109501473355
1812 140.5109501473355
1813 140.5109501473355
1814 140.5109501473355
1815 140.5109501473355
1816 140.5109501473355
1817 140.5109501473355
1818 140.5109501473355
1819 140.5109501473355
1820 140.5109501473355
1821 140.5109501473355
1822 140.5109501473355
1823 140.5109501473355
1824 140.5109501473355
1825 140.5109501473355
1826 140.5109501473355
1827 140.5109501473355
1828 140.5109501473355
1829 140.5109501473355
1830 140.5109501473355
1831 140.5109501473355
1832 140.5109501473355
1833 140.5109501473355
1834 140.5109501473355
1835 140.5109501473355
1836 140.5109501473355
1837 140.5109501473355
1838 140.5109501473355
1839 140.5109501473355
1840 140.5109501473355
1841 140.5109501473355
1842 140.5109501473355
1843 140.5109501473355
1844 140.5109501473355
1845 140.5109501473355
1846 140.5109501473355
1847 140.5109501473355
1848 140.5109501473355
1849 140.5109501473355
1850 140.5109501473355
1851 140.5109501473355
1852 140.5109501473355
1853 140.5109501473355
1854 140.5109501473355
1855 140.5109501473355
1856 140.5109501473355
1857 140.5109501473355
1858 140.5109501473355
1859 140.5109501473355
1860 140.5109501473355
1861 140.5109501473355
1862 140.5109501473355
1863 140.5109501473355
1864 140.5109501473355
1865 140.5109501473355
1866 140.5109501473355
1867 140.5109501473355
1868 140.5109501473355
1869 140.5109501473355
1870 140.5109501473355
1871 140.5109501473355
1872 140.5109501473355
1873 140.5109501473355
1874 140.5109501473355
1875 140.5109501473355
1876 140.5109501473355
1877 140.5109501473355
1878 140.5109501473355
1879 140.5109501473355
1880 140.5109501473355
1881 140.5109501473355
1882 140.5109501473355
1883 140.5109501473355
1884 140.5109501473355
1885 140.5109501473355
1886 140.5109501473355
1887 140.5109501473355
1888 140.5109501473355
1889 140.5109501473355
1890 140.5109501473355
1891 140.5109501473355
1892 140.5109501473355
1893 140.5109501473355
1894 140.5109501473355
1895 140.5109501473355
1896 140.5109501473355
1897 140.5109501473355
1898 140.5109501473355
1899 140.5109501473355
1900 140.5109501473355
1901 140.5109501473355
1902 140.5109501473355
1903 140.5109501473355
1904 140.5109501473355
1905 140.5109501473355
1906 140.5109501473355
1907 140.5109501473355
1908 140.5109501473355
1909 140.5109501473355
1910 140.5109501473355
1911 140.5109501473355
1912 140.5109501473355
1913 140.5109501473355
1914 140.5109501473355
1915 140.5109501473355
1916 140.5109501473355
1917 140.5109501473355
1918 140.5109501473355
1919 140.5109501473355
1920 140.5109501473355
1921 140.5109501473355
1922 140.5109501473355
1923 140.5109501473355
1924 140.5109501473355
1925 140.5109501473355
1926 140.5109501473355
1927 140.5109501473355
1928 140.5109501473355
1929 140.5109501473355
1930 140.5109501473355
1931 140.5109501473355
1932 140.5109501473355
1933 140.5109501473355
1934 140.5109501473355
1935 140.5109501473355
1936 140.5109501473355
1937 140.5109501473355
1938 140.5109501473355
1939 140.5109501473355
1940 140.5109501473355
1941 140.5109501473355
1942 140.5109501473355
1943 140.5109501473355
1944 140.5109501473355
1945 140.5109501473355
1946 140.5109501473355
1947 140.5109501473355
1948 140.5109501473355
1949 140.5109501473355
1950 140.5109501473355
1951 140.5109501473355
1952 140.5109501473355
1953 140.5109501473355
1954 140.5109501473355
1955 140.5109501473355
1956 140.5109501473355
1957 140.5109501473355
1958 140.5109501473355
1959 140.5109501473355
1960 140.5109501473355
1961 140.5109501473355
1962 140.5109501473355
1963 140.5109501473355
1964 140.5109501473355
1965 140.5109501473355
1966 140.5109501473355
1967 140.5109501473355
1968 140.5109501473355
1969 140.5109501473355
1970 140.5109501473355
1971 140.5109501473355
1972 140.5109501473355
1973 140.5109501473355
1974 140.5109501473355
1975 140.5109501473355
1976 140.5109501473355
1977 140.5109501473355
1978 140.5109501473355
1979 140.5109501473355
1980 140.5109501473355
1981 140.5109501473355
1982 140.5109501473355
1983 140.5109501473355
1984 140.5109501473355
1985 140.5109501473355
1986 140.5109501473355
1987 140.5109501473355
1988 140.5109501473355
1989 140.5109501473355
1990 140.5109501473355
1991 140.5109501473355
1992 140.5109501473355
1993 140.5109501473355
1994 140.5109501473355
1995 140.5109501473355
1996 140.5109501473355
1997 140.5109501473355
1998 140.5109501473355
1999 140.5109501473355
2000 140.5109501473355
2001 140.5109501473355
2002 140.5109501473355
2003 140.5109501473355
2004 140.5109501473355
2005 140.5109501473355
2006 140.5109501473355
2007 140.5109501473355
2008 140.5109501473355
2009 140.5109501473355
2010 140.5109501473355
2011 140.5109501473355
2012 140.5109501473355
2013 140.5109501473355
2014 140.5109501473355
2015 140.5109501473355
2016 140.5109501473355
2017 140.5109501473355
2018 140.5109501473355
2019 140.5109501473355
2020 140.5109501473355
2021 140.5109501473355
2022 140.5109501473355
2023 140.5109501473355
2024 140.5109501473355
2025 140.5109501473355
2026 140.5109501473355
2027 140.5109501473355
2028 140.5109501473355
2029 140.5109501473355
2030 140.5109501473355
2031 140.5109501473355
2032 140.5109501473355
2033 140.5109501473355
2034 140.5109501473355
2035 140.5109501473355
2036 140.5109501473355
2037 140.5109501473355
2038 140.5109501473355
2039 140.5109501473355
2040 140.5109501473355
2041 140.5109501473355
2042 140.5109501473355
2043 140.5109501473355
2044 140.5109501473355
2045 140.5109501473355
2046 140.5109501473355
2047 140.5109501473355
2048 140.5109501473355
2049 140.5109501473355
2050 140.5109501473355
2051 140.5109501473355
2052 140.5109501473355
2053 140.5109501473355
2054 140.5109501473355
2055 140.5109501473355
2056 140.5109501473355
2057 140.5109501473355
2058 140.5109501473355
2059 140.5109501473355
2060 140.5109501473355
2061 140.5109501473355
2062 140.5109501473355
2063 140.5109501473355
2064 140.5109501473355
2065 140.5109501473355
2066 140.5109501473355
2067 140.5109501473355
2068 140.5109501473355
2069 140.5109501473355
2070 140.5109501473355
2071 140.5109501473355
2072 140.5109501473355
2073 140.5109501473355
2074 140.5109501473355
2075 140.5109501473355
2076 140.5109501473355
2077 140.5109501473355
2078 140.5109501473355
2079 140.5109501473355
2080 140.5109501473355
2081 140.5109501473355
2082 140.5109501473355
2083 140.5109501473355
2084 140.5109501473355
2085 140.5109501473355
2086 140.5109501473355
2087 140.5109501473355
2088 140.5109501473355
2089 140.5109501473355
2090 140.5109501473355
2091 140.5109501473355
2092 140.5109501473355
2093 140.5109501473355
2094 140.5109501473355
2095 140.5109501473355
2096 140.5109501473355
2097 140.5109501473355
2098 140.5109501473355
2099 140.5109501473355
2100 140.5109501473355
2101 140.5109501473355
2102 140.5109501473355
2103 140.5109501473355
2104 140.5109501473355
2105 140.5109501473355
2106 140.5109501473355
2107 140.5109501473355
2108 140.5109501473355
2109 140.5109501473355
2110 140.5109501473355
2111 140.5109501473355
2112 140.5109501473355
2113 140.5109501473355
2114 140.5109501473355
2115 140.5109501473355
2116 140.5109501473355
2117 140.5109501473355
2118 140.5109501473355
2119 140.5109501473355
2120 140.5109501473355
2121 140.5109501473355
2122 140.5109501473355
2123 140.5109501473355
2124 140.5109501473355
2125 140.5109501473355
2126 140.5109501473355
2127 140.5109501473355
2128 140.5109501473355
2129 140.5109501473355
2130 140.5109501473355
2131 140.5109501473355
2132 140.5109501473355
2133 140.5109501473355
2134 140.5109501473355
2135 140.5109501473355
2136 140.5109501473355
2137 140.5109501473355
2138 140.5109501473355
2139 140.5109501473355
2140 140.5109501473355
2141 140.5109501473355
2142 140.5109501473355
2143 140.5109501473355
2144 140.5109501473355
2145 140.5109501473355
2146 140.5109501473355
2147 140.5109501473355
2148 140.5109501473355
2149 140.5109501473355
2150 140.5109501473355
2151 140.5109501473355
2152 140.5109501473355
2153 140.5109501473355
2154 140.5109501473355
2155 140.5109501473355
2156 140.5109501473355
2157 140.5109501473355
2158 140.5109501473355
2159 140.5109501473355
2160 140.5109501473355
2161 140.5109501473355
2162 140.5109501473355
2163 140.5109501473355
2164 140.5109501473355
2165 140.5109501473355
2166 140.5109501473355
2167 140.5109501473355
2168 140.5109501473355
2169 140.5109501473355
2170 140.5109501473355
2171 140.5109501473355
2172 140.5109501473355
2173 140.5109501473355
2174 140.5109501473355
2175 140.5109501473355
2176 140.5109501473355
2177 140.5109501473355
2178 140.5109501473355
2179 140.5109501473355
2180 140.5109501473355
2181 140.5109501473355
2182 140.5109501473355
2183 140.5109501473355
2184 140.5109501473355
2185 140.5109501473355
2186 140.5109501473355
2187 140.5109501473355
2188 140.5109501473355
2189 140.5109501473355
2190 140.5109501473355
2191 140.5109501473355
2192 140.5109501473355
2193 140.5109501473355
2194 140.5109501473355
2195 140.5109501473355
2196 140.5109501473355
2197 140.5109501473355
2198 140.5109501473355
2199 140.5109501473355
2200 140.5109501473355
2201 140.5109501473355
2202 140.5109501473355
2203 140.5109501473355
2204 140.5109501473355
2205 140.5109501473355
2206 140.5109501473355
2207 140.5109501473355
2208 140.5109501473355
2209 140.5109501473355
2210 140.5109501473355
2211 140.5109501473355
2212 140.5109501473355
2213 140.5109501473355
2214 140.5109501473355
2215 140.5109501473355
2216 140.5109501473355
2217 140.5109501473355
2218 140.5109501473355
2219 140.5109501473355
2220 140.5109501473355
2221 140.5109501473355
2222 140.5109501473355
2223 140.5109501473355
2224 140.5109501473355
2225 140.5109501473355
2226 140.5109501473355
2227 140.5109501473355
2228 140.5109501473355
2229 140.5109501473355
2230 140.5109501473355
2231 140.5109501473355
2232 140.5109501473355
2233 140.5109501473355
2234 140.5109501473355
2235 140.5109501473355
2236 140.5109501473355
2237 140.5109501473355
2238 140.5109501473355
2239 140.5109501473355
2240 140.5109501473355
2241 140.5109501473355
2242 140.5109501473355
2243 140.5109501473355
2244 140.5109501473355
2245 140.5109501473355
2246 140.5109501473355
2247 140.5109501473355
2248 140.5109501473355
2249 140.5109501473355
2250 140.5109501473355
2251 140.5109501473355
2252 140.5109501473355
2253 140.5109501473355
2254 140.5109501473355
2255 140.5109501473355
2256 140.5109501473355
2257 140.5109501473355
2258 140.5109501473355
2259 140.5109501473355
2260 140.5109501473355
2261 140.5109501473355
2262 140.5109501473355
2263 140.5109501473355
2264 140.5109501473355
2265 140.5109501473355
2266 140.5109501473355
2267 140.5109501473355
2268 140.5109501473355
2269 140.5109501473355
2270 140.5109501473355
2271 140.5109501473355
2272 140.5109501473355
2273 140.5109501473355
2274 140.5109501473355
2275 140.5109501473355
2276 140.5109501473355
2277 140.5109501473355
2278 140.5109501473355
2279 140.5109501473355
2280 140.5109501473355
2281 140.5109501473355
2282 140.5109501473355
2283 140.5109501473355
2284 140.5109501473355
2285 140.5109501473355
2286 140.5109501473355
2287 140.5109501473355
2288 140.5109501473355
2289 140.5109501473355
2290 140.5109501473355
2291 140.5109501473355
2292 140.5109501473355
2293 140.5109501473355
2294 140.5109501473355
2295 140.5109501473355
2296 140.5109501473355
2297 140.5109501473355
2298 140.5109501473355
2299 140.5109501473355
2300 140.5109501473355
2301 140.5109501473355
2302 140.5109501473355
2303 140.5109501473355
2304 140.5109501473355
2305 140.5109501473355
2306 140.5109501473355
2307 140.5109501473355
2308 140.5109501473355
2309 140.5109501473355
2310 140.5109501473355
2311 140.5109501473355
2312 140.5109501473355
2313 140.5109501473355
2314 140.5109501473355
2315 140.5109501473355
2316 140.5109501473355
2317 140.5109501473355
2318 140.5109501473355
2319 140.5109501473355
2320 140.5109501473355
2321 140.5109501473355
2322 140.5109501473355
2323 140.5109501473355
2324 140.5109501473355
2325 140.5109501473355
2326 140.5109501473355
2327 140.5109501473355
2328 140.5109501473355
2329 140.5109501473355
2330 140.5109501473355
2331 140.5109501473355
2332 140.5109501473355
2333 140.5109501473355
2334 140.5109501473355
2335 140.5109501473355
2336 140.5109501473355
2337 140.5109501473355
2338 140.5109501473355
2339 140.5109501473355
2340 140.5109501473355
2341 140.5109501473355
2342 140.5109501473355
2343 140.5109501473355
2344 140.5109501473355
2345 140.5109501473355
2346 140.5109501473355
2347 140.5109501473355
2348 140.5109501473355
2349 140.5109501473355
2350 140.5109501473355
2351 140.5109501473355
2352 140.5109501473355
2353 140.5109501473355
2354 140.5109501473355
2355 140.5109501473355
2356 140.5109501473355
2357 140.5109501473355
2358 140.5109501473355
2359 140.5109501473355
2360 140.5109501473355
2361 140.5109501473355
2362 140.5109501473355
2363 140.5109501473355
2364 140.5109501473355
2365 140.5109501473355
2366 140.5109501473355
2367 140.5109501473355
2368 140.5109501473355
2369 140.5109501473355
2370 140.5109501473355
2371 140.5109501473355
2372 140.5109501473355
2373 140.5109501473355
2374 140.5109501473355
2375 140.5109501473355
2376 140.5109501473355
2377 140.5109501473355
2378 140.5109501473355
2379 140.5109501473355
2380 140.5109501473355
2381 140.5109501473355
2382 140.5109501473355
2383 140.5109501473355
2384 140.5109501473355
2385 140.5109501473355
2386 140.5109501473355
2387 140.5109501473355
2388 140.5109501473355
2389 140.5109501473355
2390 140.5109501473355
2391 140.5109501473355
2392 140.5109501473355
2393 140.5109501473355
2394 140.5109501473355
2395 140.5109501473355
2396 140.5109501473355
2397 140.5109501473355
2398 140.5109501473355
2399 140.5109501473355
2400 140.5109501473355
2401 140.5109501473355
2402 140.5109501473355
2403 140.5109501473355
2404 140.5109501473355
2405 140.5109501473355
2406 140.5109501473355
2407 140.5109501473355
2408 140.5109501473355
2409 140.5109501473355
2410 140.5109501473355
2411 140.5109501473355
2412 140.5109501473355
2413 140.5109501473355
2414 140.5109501473355
2415 140.5109501473355
2416 140.5109501473355
2417 140.5109501473355
2418 140.5109501473355
2419 140.5109501473355
2420 140.5109501473355
2421 140.5109501473355
2422 140.5109501473355
2423 140.5109501473355
2424 140.5109501473355
2425 140.5109501473355
2426 140.5109501473355
2427 140.5109501473355
2428 140.5109501473355
2429 140.5109501473355
2430 140.5109501473355
2431 140.5109501473355
2432 140.5109501473355
2433 140.5109501473355
2434 140.5109501473355
2435 140.5109501473355
2436 140.5109501473355
2437 140.5109501473355
2438 140.5109501473355
2439 140.5109501473355
2440 140.5109501473355
2441 140.5109501473355
2442 140.5109501473355
2443 140.5109501473355
2444 140.5109501473355
2445 140.5109501473355
2446 140.5109501473355
2447 140.5109501473355
2448 140.5109501473355
2449 140.5109501473355
2450 140.5109501473355
2451 140.5109501473355
2452 140.5109501473355
2453 140.5109501473355
2454 140.5109501473355
2455 140.5109501473355
2456 140.5109501473355
2457 140.5109501473355
2458 140.5109501473355
2459 140.5109501473355
2460 140.5109501473355
2461 140.5109501473355
2462 140.5109501473355
2463 140.5109501473355
2464 140.5109501473355
2465 140.5109501473355
2466 140.5109501473355
2467 140.5109501473355
2468 140.5109501473355
2469 140.5109501473355
2470 140.5109501473355
2471 140.5109501473355
2472 140.5109501473355
2473 140.5109501473355
2474 140.5109501473355
2475 140.5109501473355
2476 140.5109501473355
2477 140.5109501473355
2478 140.5109501473355
2479 140.5109501473355
2480 140.5109501473355
2481 140.5109501473355
2482 140.5109501473355
2483 140.5109501473355
2484 140.5109501473355
2485 140.5109501473355
2486 140.5109501473355
2487 140.5109501473355
2488 140.5109501473355
2489 140.5109501473355
2490 140.5109501473355
2491 140.5109501473355
2492 140.5109501473355
2493 140.5109501473355
2494 140.5109501473355
2495 140.5109501473355
2496 140.5109501473355
2497 140.5109501473355
2498 140.5109501473355
2499 140.5109501473355
2500 140.5109501473355
2501 140.5109501473355
2502 140.5109501473355
2503 140.5109501473355
2504 140.5109501473355
2505 140.5109501473355
2506 140.5109501473355
2507 140.5109501473355
2508 140.5109501473355
2509 140.5109501473355
2510 140.5109501473355
2511 140.5109501473355
2512 140.5109501473355
2513 140.5109501473355
2514 140.5109501473355
2515 140.5109501473355
2516 140.5109501473355
2517 140.5109501473355
2518 140.5109501473355
2519 140.5109501473355
2520 140.5109501473355
2521 140.5109501473355
2522 140.5109501473355
2523 140.5109501473355
2524 140.5109501473355
2525 140.5109501473355
2526 140.5109501473355
2527 140.5109501473355
2528 140.5109501473355
2529 140.5109501473355
2530 140.5109501473355
2531 140.5109501473355
2532 140.5109501473355
2533 140.5109501473355
2534 140.5109501473355
2535 140.5109501473355
2536 140.5109501473355
2537 140.5109501473355
2538 140.5109501473355
2539 140.5109501473355
2540 140.5109501473355
2541 140.5109501473355
2542 140.5109501473355
2543 140.5109501473355
2544 140.5109501473355
2545 140.5109501473355
2546 140.5109501473355
2547 140.5109501473355
2548 140.5109501473355
2549 140.5109501473355
2550 140.5109501473355
2551 140.5109501473355
2552 140.5109501473355
2553 140.5109501473355
2554 140.5109501473355
2555 140.5109501473355
2556 140.5109501473355
2557 140.5109501473355
2558 140.5109501473355
2559 140.5109501473355
2560 140.5109501473355
2561 140.5109501473355
2562 140.5109501473355
2563 140.5109501473355
2564 140.5109501473355
2565 140.5109501473355
2566 140.5109501473355
2567 140.5109501473355
2568 140.5109501473355
2569 140.5109501473355
2570 140.5109501473355
2571 140.5109501473355
2572 140.5109501473355
2573 140.5109501473355
2574 140.5109501473355
2575 140.5109501473355
2576 140.5109501473355
2577 140.5109501473355
2578 140.5109501473355
2579 140.5109501473355
2580 140.5109501473355
2581 140.5109501473355
2582 140.5109501473355
2583 140.5109501473355
2584 140.5109501473355
2585 140.5109501473355
2586 140.5109501473355
2587 140.5109501473355
2588 140.5109501473355
2589 140.5109501473355
2590 140.5109501473355
2591 140.5109501473355
2592 140.5109501473355
2593 140.5109501473355
2594 140.5109501473355
2595 140.5109501473355
2596 140.5109501473355
2597 140.5109501473355
2598 140.5109501473355
2599 140.5109501473355
2600 140.5109501473355
2601 140.5109501473355
2602 140.5109501473355
2603 140.5109501473355
2604 140.5109501473355
2605 140.5109501473355
2606 140.5109501473355
2607 140.5109501473355
2608 140.5109501473355
2609 140.5109501473355
2610 140.5109501473355
2611 140.5109501473355
2612 140.5109501473355
2613 140.5109501473355
2614 140.5109501473355
2615 140.5109501473355
2616 140.5109501473355
2617 140.5109501473355
2618 140.5109501473355
2619 140.5109501473355
2620 140.5109501473355
2621 140.5109501473355
2622 140.5109501473355
2623 140.5109501473355
2624 140.5109501473355
2625 140.5109501473355
2626 140.5109501473355
2627 140.5109501473355
2628 140.5109501473355
2629 140.5109501473355
2630 140.5109501473355
2631 140.5109501473355
2632 140.5109501473355
2633 140.5109501473355
2634 140.5109501473355
2635 140.5109501473355
2636 140.5109501473355
2637 140.5109501473355
2638 140.5109501473355
2639 140.5109501473355
2640 140.5109501473355
2641 140.5109501473355
2642 140.5109501473355
2643 140.5109501473355
2644 140.5109501473355
2645 140.5109501473355
2646 140.5109501473355
2647 140.5109501473355
2648 140.5109501473355
2649 140.5109501473355
2650 140.5109501473355
2651 140.5109501473355
2652 140.5109501473355
2653 140.5109501473355
2654 140.5109501473355
2655 140.5109501473355
2656 140.5109501473355
2657 140.5109501473355
2658 140.5109501473355
2659 140.5109501473355
2660 140.5109501473355
2661 140.5109501473355
2662 140.5109501473355
2663 140.5109501473355
2664 140.5109501473355
2665 140.5109501473355
2666 140.5109501473355
2667 140.5109501473355
2668 140.5109501473355
2669 140.5109501473355
2670 140.5109501473355
2671 140.5109501473355
2672 140.5109501473355
2673 140.5109501473355
2674 140.5109501473355
2675 140.5109501473355
2676 140.5109501473355
2677 140.5109501473355
2678 140.5109501473355
2679 140.5109501473355
2680 140.5109501473355
2681 140.5109501473355
2682 140.5109501473355
2683 140.5109501473355
2684 140.5109501473355
2685 140.5109501473355
2686 140.5109501473355
2687 140.5109501473355
2688 140.5109501473355
2689 140.5109501473355
2690 140.5109501473355
2691 140.5109501473355
2692 140.5109501473355
2693 140.5109501473355
2694 140.5109501473355
2695 140.5109501473355
2696 140.5109501473355
2697 140.5109501473355
2698 140.5109501473355
2699 140.5109501473355
2700 140.5109501473355
2701 140.5109501473355
2702 140.5109501473355
2703 140.5109501473355
2704 140.5109501473355
2705 140.5109501473355
2706 140.5109501473355
2707 140.5109501473355
2708 140.5109501473355
2709 140.5109501473355
2710 140.5109501473355
2711 140.5109501473355
2712 140.5109501473355
2713 140.5109501473355
2714 140.5109501473355
2715 140.5109501473355
2716 140.5109501473355
2717 140.5109501473355
2718 140.5109501473355
2719 140.5109501473355
2720 140.5109501473355
2721 140.5109501473355
2722 140.5109501473355
2723 140.5109501473355
2724 140.5109501473355
2725 140.5109501473355
2726 140.5109501473355
2727 140.5109501473355
2728 140.5109501473355
2729 140.5109501473355
2730 140.5109501473355
2731 140.5109501473355
2732 140.5109501473355
2733 140.5109501473355
2734 140.5109501473355
2735 140.5109501473355
2736 140.5109501473355
2737 140.5109501473355
2738 140.5109501473355
2739 140.5109501473355
2740 140.5109501473355
2741 140.5109501473355
2742 140.5109501473355
2743 140.5109501473355
2744 140.5109501473355
2745 140.5109501473355
2746 140.5109501473355
2747 140.5109501473355
2748 140.5109501473355
2749 140.5109501473355
2750 140.5109501473355
2751 140.5109501473355
2752 140.5109501473355
2753 140.5109501473355
2754 140.5109501473355
2755 140.5109501473355
2756 140.5109501473355
2757 140.5109501473355
2758 140.5109501473355
2759 140.5109501473355
2760 140.5109501473355
2761 140.5109501473355
2762 140.5109501473355
2763 140.5109501473355
2764 140.5109501473355
2765 140.5109501473355
2766 140.5109501473355
2767 140.5109501473355
2768 140.5109501473355
2769 140.5109501473355
2770 140.5109501473355
2771 140.5109501473355
2772 140.5109501473355
2773 140.5109501473355
2774 140.5109501473355
2775 140.5109501473355
2776 140.5109501473355
2777 140.5109501473355
2778 140.5109501473355
2779 140.5109501473355
2780 140.5109501473355
2781 140.5109501473355
2782 140.5109501473355
2783 140.5109501473355
2784 140.5109501473355
2785 140.5109501473355
2786 140.5109501473355
2787 140.5109501473355
2788 140.5109501473355
2789 140.5109501473355
2790 140.5109501473355
2791 140.5109501473355
2792 140.5109501473355
2793 140.5109501473355
2794 140.5109501473355
2795 140.5109501473355
2796 140.5109501473355
2797 140.5109501473355
2798 140.5109501473355
2799 140.5109501473355
2800 140.5109501473355
2801 140.5109501473355
2802 140.5109501473355
2803 140.5109501473355
2804 140.5109501473355
2805 140.5109501473355
2806 140.5109501473355
2807 140.5109501473355
2808 140.5109501473355
2809 140.5109501473355
2810 140.5109501473355
2811 140.5109501473355
2812 140.5109501473355
2813 140.5109501473355
2814 140.5109501473355
2815 140.5109501473355
2816 140.5109501473355
2817 140.5109501473355
2818 140.5109501473355
2819 140.5109501473355
2820 140.5109501473355
2821 140.5109501473355
2822 140.5109501473355
2823 140.5109501473355
2824 140.5109501473355
2825 140.5109501473355
2826 140.5109501473355
2827 140.5109501473355
2828 140.5109501473355
2829 140.5109501473355
2830 140.5109501473355
2831 140.5109501473355
2832 140.5109501473355
2833 140.5109501473355
2834 140.5109501473355
2835 140.5109501473355
2836 140.5109501473355
2837 140.5109501473355
2838 140.5109501473355
2839 140.5109501473355
2840 140.5109501473355
2841 140.5109501473355
2842 140.5109501473355
2843 140.5109501473355
2844 140.5109501473355
2845 140.5109501473355
2846 140.5109501473355
2847 140.5109501473355
2848 140.5109501473355
2849 140.5109501473355
2850 140.5109501473355
2851 140.5109501473355
2852 140.5109501473355
2853 140.5109501473355
2854 140.5109501473355
2855 140.5109501473355
2856 140.5109501473355
2857 140.5109501473355
2858 140.5109501473355
2859 140.5109501473355
2860 140.5109501473355
2861 140.5109501473355
2862 140.5109501473355
2863 140.5109501473355
2864 140.5109501473355
2865 140.5109501473355
2866 140.5109501473355
2867 140.5109501473355
2868 140.5109501473355
2869 140.5109501473355
2870 140.5109501473355
2871 140.5109501473355
2872 140.5109501473355
2873 140.5109501473355
2874 140.5109501473355
2875 140.5109501473355
2876 140.5109501473355
2877 140.5109501473355
2878 140.5109501473355
2879 140.5109501473355
2880 140.5109501473355
2881 140.5109501473355
2882 140.5109501473355
2883 140.5109501473355
2884 140.5109501473355
2885 140.5109501473355
2886 140.5109501473355
2887 140.5109501473355
2888 140.5109501473355
2889 140.5109501473355
2890 140.5109501473355
2891 140.5109501473355
2892 140.5109501473355
2893 140.5109501473355
2894 140.5109501473355
2895 140.5109501473355
2896 140.5109501473355
2897 140.5109501473355
2898 140.5109501473355
2899 140.5109501473355
2900 140.5109501473355
2901 140.5109501473355
2902 140.5109501473355
2903 140.5109501473355
2904 140.5109501473355
2905 140.5109501473355
2906 140.5109501473355
2907 140.5109501473355
2908 140.5109501473355
2909 140.5109501473355
2910 140.5109501473355
2911 140.5109501473355
2912 140.5109501473355
2913 140.5109501473355
2914 140.5109501473355
2915 140.5109501473355
2916 140.5109501473355
2917 140.5109501473355
2918 140.5109501473355
2919 140.5109501473355
2920 140.5109501473355
2921 140.5109501473355
2922 140.5109501473355
2923 140.5109501473355
2924 140.5109501473355
2925 140.5109501473355
2926 140.5109501473355
2927 140.5109501473355
2928 140.5109501473355
2929 140.5109501473355
2930 140.5109501473355
2931 140.5109501473355
2932 140.5109501473355
2933 140.5109501473355
2934 140.5109501473355
2935 140.5109501473355
2936 140.5109501473355
2937 140.5109501473355
2938 140.5109501473355
2939 140.5109501473355
2940 140.5109501473355
2941 140.5109501473355
2942 140.5109501473355
2943 140.5109501473355
2944 140.5109501473355
2945 140.5109501473355
2946 140.5109501473355
2947 140.5109501473355
2948 140.5109501473355
2949 140.5109501473355
2950 140.5109501473355
2951 140.5109501473355
2952 140.5109501473355
2953 140.5109501473355
2954 140.5109501473355
2955 140.5109501473355
2956 140.5109501473355
2957 140.5109501473355
2958 140.5109501473355
2959 140.5109501473355
2960 140.5109501473355
2961 140.5109501473355
2962 140.5109501473355
2963 140.5109501473355
2964 140.5109501473355
2965 140.5109501473355
2966 140.5109501473355
2967 140.5109501473355
2968 140.5109501473355
2969 140.5109501473355
2970 140.5109501473355
2971 140.5109501473355
2972 140.5109501473355
2973 140.5109501473355
2974 140.5109501473355
2975 140.5109501473355
2976 140.5109501473355
2977 140.5109501473355
2978 140.5109501473355
2979 140.5109501473355
2980 140.5109501473355
2981 140.5109501473355
2982 140.5109501473355
2983 140.5109501473355
2984 140.5109501473355
2985 140.5109501473355
2986 140.5109501473355
2987 140.5109501473355
2988 140.5109501473355
2989 140.5109501473355
2990 140.5109501473355
2991 140.5109501473355
2992 140.5109501473355
2993 140.5109501473355
2994 140.5109501473355
2995 140.5109501473355
2996 140.5109501473355
2997 140.5109501473355
2998 140.5109501473355
2999 140.5109501473355
3000 140.5109501473355
3001 140.5109501473355
3002 140.5109501473355
3003 140.5109501473355
3004 140.5109501473355
3005 140.5109501473355
3006 140.5109501473355
3007 140.5109501473355
3008 140.5109501473355
3009 140.5109501473355
3010 140.5109501473355
3011 140.5109501473355
3012 140.5109501473355
3013 140.5109501473355
3014 140.5109501473355
3015 140.5109501473355
3016 140.5109501473355
3017 140.5109501473355
3018 140.5109501473355
3019 140.5109501473355
3020 140.5109501473355
3021 140.5109501473355
3022 140.5109501473355
3023 140.5109501473355
3024 140.5109501473355
3025 140.5109501473355
3026 140.5109501473355
3027 140.5109501473355
3028 140.5109501473355
3029 140.5109501473355
3030 140.5109501473355
3031 140.5109501473355
3032 140.5109501473355
3033 140.5109501473355
3034 140.5109501473355
3035 140.5109501473355
3036 140.5109501473355
3037 140.5109501473355
3038 140.5109501473355
3039 140.5109501473355
3040 140.5109501473355
3041 140.5109501473355
3042 140.5109501473355
3043 140.5109501473355
3044 140.5109501473355
3045 140.5109501473355
3046 140.5109501473355
3047 140.5109501473355
3048 140.5109501473355
3049 140.5109501473355
3050 140.5109501473355
3051 140.5109501473355
3052 140.5109501473355
3053 140.5109501473355
3054 140.5109501473355
3055 140.5109501473355
3056 140.5109501473355
3057 140.5109501473355
3058 140.5109501473355
3059 140.5109501473355
3060 140.5109501473355
3061 140.5109501473355
3062 140.5109501473355
3063 140.5109501473355
3064 140.5109501473355
3065 140.5109501473355
3066 140.5109501473355
3067 140.5109501473355
3068 140.5109501473355
3069 140.5109501473355
3070 140.5109501473355
3071 140.5109501473355
3072 140.5109501473355
3073 140.5109501473355
3074 140.5109501473355
3075 140.5109501473355
3076 140.5109501473355
3077 140.5109501473355
3078 140.5109501473355
3079 140.5109501473355
3080 140.5109501473355
3081 140.5109501473355
3082 140.5109501473355
3083 140.5109501473355
3084 140.5109501473355
3085 140.5109501473355
3086 140.5109501473355
3087 140.5109501473355
3088 140.5109501473355
3089 140.5109501473355
3090 140.5109501473355
3091 140.5109501473355
3092 140.5109501473355
3093 140.5109501473355
3094 140.5109501473355
3095 140.5109501473355
3096 140.5109501473355
3097 140.5109501473355
3098 140.5109501473355
3099 140.5109501473355
3100 140.5109501473355
3101 140.5109501473355
3102 140.5109501473355
3103 140.5109501473355
3104 140.5109501473355
3105 140.5109501473355
3106 140.5109501473355
3107 140.5109501473355
3108 140.5109501473355
3109 140.5109501473355
3110 140.5109501473355
3111 140.5109501473355
3112 140.5109501473355
3113 140.5109501473355
3114 140.5109501473355
3115 140.5109501473355
3116 140.5109501473355
3117 140.5109501473355
3118 140.5109501473355
3119 140.5109501473355
3120 140.5109501473355
3121 140.5109501473355
3122 140.5109501473355
3123 140.5109501473355
3124 140.5109501473355
3125 140.5109501473355
3126 140.5109501473355
3127 140.5109501473355
3128 140.5109501473355
3129 140.5109501473355
3130 140.5109501473355
3131 140.5109501473355
3132 140.5109501473355
3133 140.5109501473355
3134 140.5109501473355
3135 140.5109501473355
3136 140.5109501473355
3137 140.5109501473355
3138 140.5109501473355
3139 140.5109501473355
3140 140.5109501473355
3141 140.5109501473355
3142 140.5109501473355
3143 140.5109501473355
3144 140.5109501473355
3145 140.5109501473355
3146 140.5109501473355
3147 140.5109501473355
3148 140.5109501473355
3149 140.5109501473355
3150 140.5109501473355
3151 140.5109501473355
3152 140.5109501473355
3153 140.5109501473355
3154 140.5109501473355
3155 140.5109501473355
3156 140.5109501473355
3157 140.5109501473355
3158 140.5109501473355
3159 140.5109501473355
3160 140.5109501473355
3161 140.5109501473355
3162 140.5109501473355
3163 140.5109501473355
3164 140.5109501473355
3165 140.5109501473355
3166 140.5109501473355
3167 140.5109501473355
3168 140.5109501473355
3169 140.5109501473355
3170 140.5109501473355
3171 140.5109501473355
3172 140.5109501473355
3173 140.5109501473355
3174 140.5109501473355
3175 140.5109501473355
3176 140.5109501473355
3177 140.5109501473355
3178 140.5109501473355
3179 140.5109501473355
3180 140.5109501473355
3181 140.5109501473355
3182 140.5109501473355
3183 140.5109501473355
3184 140.5109501473355
3185 140.5109501473355
3186 140.5109501473355
3187 140.5109501473355
3188 140.5109501473355
3189 140.5109501473355
3190 140.5109501473355
3191 140.5109501473355
3192 140.5109501473355
3193 140.5109501473355
3194 140.5109501473355
3195 140.5109501473355
3196 140.5109501473355
3197 140.5109501473355
3198 140.5109501473355
3199 140.5109501473355
3200 140.5109501473355
3201 140.5109501473355
3202 140.5109501473355
3203 140.5109501473355
3204 140.5109501473355
3205 140.5109501473355
3206 140.5109501473355
3207 140.5109501473355
3208 140.5109501473355
3209 140.5109501473355
3210 140.5109501473355
3211 140.5109501473355
3212 140.5109501473355
3213 140.5109501473355
3214 140.5109501473355
3215 140.5109501473355
3216 140.5109501473355
3217 140.5109501473355
3218 140.5109501473355
3219 140.5109501473355
3220 140.5109501473355
3221 140.5109501473355
3222 140.5109501473355
3223 140.5109501473355
3224 140.5109501473355
3225 140.5109501473355
3226 140.5109501473355
3227 140.5109501473355
3228 140.5109501473355
3229 140.5109501473355
3230 140.5109501473355
3231 140.5109501473355
3232 140.5109501473355
3233 140.5109501473355
3234 140.5109501473355
3235 140.5109501473355
3236 140.5109501473355
3237 140.5109501473355
3238 140.5109501473355
3239 140.5109501473355
3240 140.5109501473355
3241 140.5109501473355
3242 140.5109501473355
3243 140.5109501473355
3244 140.5109501473355
3245 140.5109501473355
3246 140.5109501473355
3247 140.5109501473355
3248 140.5109501473355
3249 140.5109501473355
3250 140.5109501473355
3251 140.5109501473355
3252 140.5109501473355
3253 140.5109501473355
3254 140.5109501473355
3255 140.5109501473355
3256 140.5109501473355
3257 140.5109501473355
3258 140.5109501473355
3259 140.5109501473355
3260 140.5109501473355
3261 140.5109501473355
3262 140.5109501473355
3263 140.5109501473355
3264 140.5109501473355
3265 140.5109501473355
3266 140.5109501473355
3267 140.5109501473355
3268 140.5109501473355
3269 140.5109501473355
3270 140.5109501473355
3271 140.5109501473355
3272 140.5109501473355
3273 140.5109501473355
3274 140.5109501473355
3275 140.5109501473355
3276 140.5109501473355
3277 140.5109501473355
3278 140.5109501473355
3279 140.5109501473355
3280 140.5109501473355
3281 140.5109501473355
3282 140.5109501473355
3283 140.5109501473355
3284 140.5109501473355
3285 140.5109501473355
3286 140.5109501473355
3287 140.5109501473355
3288 140.5109501473355
3289 140.5109501473355
3290 140.5109501473355
3291 140.5109501473355
3292 140.5109501473355
3293 140.5109501473355
3294 140.5109501473355
3295 140.5109501473355
3296 140.5109501473355
3297 140.5109501473355
3298 140.5109501473355
3299 140.5109501473355
3300 140.5109501473355
3301 140.5109501473355
3302 140.5109501473355
3303 140.5109501473355
3304 140.5109501473355
3305 140.5109501473355
3306 140.5109501473355
3307 140.5109501473355
3308 140.5109501473355
3309 140.5109501473355
3310 140.5109501473355
3311 140.5109501473355
3312 140.5109501473355
3313 140.5109501473355
3314 140.5109501473355
3315 140.5109501473355
3316 140.5109501473355
3317 140.5109501473355
3318 140.5109501473355
3319 140.5109501473355
3320 140.5109501473355
3321 140.5109501473355
3322 140.5109501473355
3323 140.5109501473355
3324 140.5109501473355
3325 140.5109501473355
3326 140.5109501473355
3327 140.5109501473355
3328 140.5109501473355
3329 140.5109501473355
3330 140.5109501473355
3331 140.5109501473355
3332 140.5109501473355
3333 140.5109501473355
3334 140.5109501473355
3335 140.5109501473355
3336 140.5109501473355
3337 140.5109501473355
3338 140.5109501473355
3339 140.5109501473355
3340 140.5109501473355
3341 140.5109501473355
3342 140.5109501473355
3343 140.5109501473355
3344 140.5109501473355
3345 140.5109501473355
3346 140.5109501473355
3347 140.5109501473355
3348 140.5109501473355
3349 140.5109501473355
3350 140.5109501473355
3351 140.5109501473355
3352 140.5109501473355
3353 140.5109501473355
3354 140.5109501473355
3355 140.5109501473355
3356 140.5109501473355
3357 140.5109501473355
3358 140.5109501473355
3359 140.5109501473355
3360 140.5109501473355
3361 140.5109501473355
3362 140.5109501473355
3363 140.5109501473355
3364 140.5109501473355
3365 140.5109501473355
3366 140.5109501473355
3367 140.5109501473355
3368 140.5109501473355
3369 140.5109501473355
3370 140.5109501473355
3371 140.5109501473355
3372 140.5109501473355
3373 140.5109501473355
3374 140.5109501473355
3375 140.5109501473355
3376 140.5109501473355
3377 140.5109501473355
3378 140.5109501473355
3379 140.5109501473355
3380 140.5109501473355
3381 140.5109501473355
3382 140.5109501473355
3383 140.5109501473355
3384 140.5109501473355
3385 140.5109501473355
3386 140.5109501473355
3387 140.5109501473355
3388 140.5109501473355
3389 140.5109501473355
3390 140.5109501473355
3391 140.5109501473355
3392 140.5109501473355
3393 140.5109501473355
3394 140.5109501473355
3395 140.5109501473355
3396 140.5109501473355
3397 140.5109501473355
3398 140.5109501473355
3399 140.5109501473355
3400 140.5109501473355
3401 140.5109501473355
3402 140.5109501473355
3403 140.5109501473355
3404 140.5109501473355
3405 140.5109501473355
3406 140.5109501473355
3407 140.5109501473355
3408 140.5109501473355
3409 140.5109501473355
3410 140.5109501473355
3411 140.5109501473355
3412 140.5109501473355
3413 140.5109501473355
3414 140.5109501473355
3415 140.5109501473355
3416 140.5109501473355
3417 140.5109501473355
3418 140.5109501473355
3419 140.5109501473355
3420 140.5109501473355
3421 140.5109501473355
3422 140.5109501473355
3423 140.5109501473355
3424 140.5109501473355
3425 140.5109501473355
3426 140.5109501473355
3427 140.5109501473355
3428 140.5109501473355
3429 140.5109501473355
3430 140.5109501473355
3431 140.5109501473355
3432 140.5109501473355
3433 140.5109501473355
3434 140.5109501473355
3435 140.5109501473355
3436 140.5109501473355
3437 140.5109501473355
3438 140.5109501473355
3439 140.5109501473355
3440 140.5109501473355
3441 140.5109501473355
3442 140.5109501473355
3443 140.5109501473355
3444 140.5109501473355
3445 140.5109501473355
3446 140.5109501473355
3447 140.5109501473355
3448 140.5109501473355
3449 140.5109501473355
3450 140.5109501473355
3451 140.5109501473355
3452 140.5109501473355
3453 140.5109501473355
3454 140.5109501473355
3455 140.5109501473355
3456 140.5109501473355
3457 140.5109501473355
3458 140.5109501473355
3459 140.5109501473355
3460 140.5109501473355
3461 140.5109501473355
3462 140.5109501473355
3463 140.5109501473355
3464 140.5109501473355
3465 140.5109501473355
3466 140.5109501473355
3467 140.5109501473355
3468 140.5109501473355
3469 140.5109501473355
3470 140.5109501473355
3471 140.5109501473355
3472 140.5109501473355
3473 140.5109501473355
3474 140.5109501473355
3475 140.5109501473355
3476 140.5109501473355
3477 140.5109501473355
3478 140.5109501473355
3479 140.5109501473355
3480 140.5109501473355
3481 140.5109501473355
3482 140.5109501473355
3483 140.5109501473355
3484 140.5109501473355
3485 140.5109501473355
3486 140.5109501473355
3487 140.5109501473355
3488 140.5109501473355
3489 140.5109501473355
3490 140.5109501473355
3491 140.5109501473355
3492 140.5109501473355
3493 140.5109501473355
3494 140.5109501473355
3495 140.5109501473355
3496 140.5109501473355
3497 140.5109501473355
3498 140.5109501473355
3499 140.5109501473355
3500 140.5109501473355
3501 140.5109501473355
3502 140.5109501473355
3503 140.5109501473355
3504 140.5109501473355
3505 140.5109501473355
3506 140.5109501473355
3507 140.5109501473355
3508 140.5109501473355
3509 140.5109501473355
3510 140.5109501473355
3511 140.5109501473355
3512 140.5109501473355
3513 140.5109501473355
3514 140.5109501473355
3515 140.5109501473355
3516 140.5109501473355
3517 140.5109501473355
3518 140.5109501473355
3519 140.5109501473355
3520 140.5109501473355
3521 140.5109501473355
3522 140.5109501473355
3523 140.5109501473355
3524 140.5109501473355
3525 140.5109501473355
3526 140.5109501473355
3527 140.5109501473355
3528 140.5109501473355
3529 140.5109501473355
3530 140.5109501473355
3531 140.5109501473355
3532 140.5109501473355
3533 140.5109501473355
3534 140.5109501473355
3535 140.5109501473355
3536 140.5109501473355
3537 140.5109501473355
3538 140.5109501473355
3539 140.5109501473355
3540 140.5109501473355
3541 140.5109501473355
3542 140.5109501473355
3543 140.5109501473355
3544 140.5109501473355
3545 140.5109501473355
3546 140.5109501473355
3547 140.5109501473355
3548 140.5109501473355
3549 140.5109501473355
3550 140.5109501473355
3551 140.5109501473355
3552 140.5109501473355
3553 140.5109501473355
3554 140.5109501473355
3555 140.5109501473355
3556 140.5109501473355
3557 140.5109501473355
3558 140.5109501473355
3559 140.5109501473355
3560 140.5109501473355
3561 140.5109501473355
3562 140.5109501473355
3563 140.5109501473355
3564 140.5109501473355
3565 140.5109501473355
3566 140.5109501473355
3567 140.5109501473355
3568 140.5109501473355
3569 140.5109501473355
3570 140.5109501473355
3571 140.5109501473355
3572 140.5109501473355
3573 140.5109501473355
3574 140.5109501473355
3575 140.5109501473355
3576 140.5109501473355
3577 140.5109501473355
3578 140.5109501473355
3579 140.5109501473355
3580 140.5109501473355
3581 140.5109501473355
3582 140.5109501473355
3583 140.5109501473355
3584 140.5109501473355
3585 140.5109501473355
3586 140.5109501473355
3587 140.5109501473355
3588 140.5109501473355
3589 140.5109501473355
3590 140.5109501473355
3591 140.5109501473355
3592 140.5109501473355
3593 140.5109501473355
3594 140.5109501473355
3595 140.5109501473355
3596 140.5109501473355
3597 140.5109501473355
3598 140.5109501473355
3599 140.5109501473355
3600 140.5109501473355
3601 140.5109501473355
3602 140.5109501473355
3603 140.5109501473355
3604 140.5109501473355
3605 140.5109501473355
3606 140.5109501473355
3607 140.5109501473355
3608 140.5109501473355
3609 140.5109501473355
3610 140.5109501473355
3611 140.5109501473355
3612 140.5109501473355
3613 140.5109501473355
3614 140.5109501473355
3615 140.5109501473355
3616 140.5109501473355
3617 140.5109501473355
3618 140.5109501473355
3619 140.5109501473355
3620 140.5109501473355
3621 140.5109501473355
3622 140.5109501473355
3623 140.5109501473355
3624 140.5109501473355
3625 140.5109501473355
3626 140.5109501473355
3627 140.5109501473355
3628 140.5109501473355
3629 140.5109501473355
3630 140.5109501473355
3631 140.5109501473355
3632 140.5109501473355
3633 140.5109501473355
3634 140.5109501473355
3635 140.5109501473355
3636 140.5109501473355
3637 140.5109501473355
3638 140.5109501473355
3639 140.5109501473355
3640 140.5109501473355
3641 140.5109501473355
3642 140.5109501473355
3643 140.5109501473355
3644 140.5109501473355
3645 140.5109501473355
3646 140.5109501473355
3647 140.5109501473355
3648 140.5109501473355
3649 140.5109501473355
3650 140.5109501473355
3651 140.5109501473355
3652 140.5109501473355
3653 140.5109501473355
3654 140.5109501473355
3655 140.5109501473355
3656 140.5109501473355
3657 140.5109501473355
3658 140.5109501473355
3659 140.5109501473355
3660 140.5109501473355
3661 140.5109501473355
3662 140.5109501473355
3663 140.5109501473355
3664 140.5109501473355
3665 140.5109501473355
3666 140.5109501473355
3667 140.5109501473355
3668 140.5109501473355
3669 140.5109501473355
3670 140.5109501473355
3671 140.5109501473355
3672 140.5109501473355
3673 140.5109501473355
3674 140.5109501473355
3675 140.5109501473355
3676 140.5109501473355
3677 140.5109501473355
3678 140.5109501473355
3679 140.5109501473355
3680 140.5109501473355
3681 140.5109501473355
3682 140.5109501473355
3683 140.5109501473355
3684 140.5109501473355
3685 140.5109501473355
3686 140.5109501473355
3687 140.5109501473355
3688 140.5109501473355
3689 140.5109501473355
3690 140.5109501473355
3691 140.5109501473355
3692 140.5109501473355
3693 140.5109501473355
3694 140.5109501473355
3695 140.5109501473355
3696 140.5109501473355
3697 140.5109501473355
3698 140.5109501473355
3699 140.5109501473355
3700 140.5109501473355
3701 140.5109501473355
3702 140.5109501473355
3703 140.5109501473355
3704 140.5109501473355
3705 140.5109501473355
3706 140.5109501473355
3707 140.5109501473355
3708 140.5109501473355
3709 140.5109501473355
3710 140.5109501473355
3711 140.5109501473355
3712 140.5109501473355
3713 140.5109501473355
3714 140.5109501473355
3715 140.5109501473355
3716 140.5109501473355
3717 140.5109501473355
3718 140.5109501473355
3719 140.5109501473355
3720 140.5109501473355
3721 140.5109501473355
3722 140.5109501473355
3723 140.5109501473355
3724 140.5109501473355
3725 140.5109501473355
3726 140.5109501473355
3727 140.5109501473355
3728 140.5109501473355
3729 140.5109501473355
3730 140.5109501473355
3731 140.5109501473355
3732 140.5109501473355
3733 140.5109501473355
3734 140.5109501473355
3735 140.5109501473355
3736 140.5109501473355
3737 140.5109501473355
3738 140.5109501473355
3739 140.5109501473355
3740 140.5109501473355
3741 140.5109501473355
3742 140.5109501473355
3743 140.5109501473355
3744 140.5109501473355
3745 140.5109501473355
3746 140.5109501473355
3747 140.5109501473355
3748 140.5109501473355
3749 140.5109501473355
3750 140.5109501473355
3751 140.5109501473355
3752 140.5109501473355
3753 140.5109501473355
3754 140.5109501473355
3755 140.5109501473355
3756 140.5109501473355
3757 140.5109501473355
3758 140.5109501473355
3759 140.5109501473355
3760 140.5109501473355
3761 140.5109501473355
3762 140.5109501473355
3763 140.5109501473355
3764 140.5109501473355
3765 140.5109501473355
3766 140.5109501473355
3767 140.5109501473355
3768 140.5109501473355
3769 140.5109501473355
3770 140.5109501473355
3771 140.5109501473355
3772 140.5109501473355
3773 140.5109501473355
3774 140.5109501473355
3775 140.5109501473355
3776 140.5109501473355
3777 140.5109501473355
3778 140.5109501473355
3779 140.5109501473355
3780 140.5109501473355
3781 140.5109501473355
3782 140.5109501473355
3783 140.5109501473355
3784 140.5109501473355
3785 140.5109501473355
3786 140.5109501473355
3787 140.5109501473355
3788 140.5109501473355
3789 140.5109501473355
3790 140.5109501473355
3791 140.5109501473355
3792 140.5109501473355
3793 140.5109501473355
3794 140.5109501473355
3795 140.5109501473355
3796 140.5109501473355
3797 140.5109501473355
3798 140.5109501473355
3799 140.5109501473355
3800 140.5109501473355
3801 140.5109501473355
3802 140.5109501473355
3803 140.5109501473355
3804 140.5109501473355
3805 140.5109501473355
3806 140.5109501473355
3807 140.5109501473355
3808 140.5109501473355
3809 140.5109501473355
3810 140.5109501473355
3811 140.5109501473355
3812 140.5109501473355
3813 140.5109501473355
3814 140.5109501473355
3815 140.5109501473355
3816 140.5109501473355
3817 140.5109501473355
3818 140.5109501473355
3819 140.5109501473355
3820 140.5109501473355
3821 140.5109501473355
3822 140.5109501473355
3823 140.5109501473355
3824 140.5109501473355
3825 140.5109501473355
3826 140.5109501473355
3827 140.5109501473355
3828 140.5109501473355
3829 140.5109501473355
3830 140.5109501473355
3831 140.5109501473355
3832 140.5109501473355
3833 140.5109501473355
3834 140.5109501473355
3835 140.5109501473355
3836 140.5109501473355
3837 140.5109501473355
3838 140.5109501473355
3839 140.5109501473355
3840 140.5109501473355
3841 140.5109501473355
3842 140.5109501473355
3843 140.5109501473355
3844 140.5109501473355
3845 140.5109501473355
3846 140.5109501473355
3847 140.5109501473355
3848 140.5109501473355
3849 140.5109501473355
3850 140.5109501473355
3851 140.5109501473355
3852 140.5109501473355
3853 140.5109501473355
3854 140.5109501473355
3855 140.5109501473355
3856 140.5109501473355
3857 140.5109501473355
3858 140.5109501473355
3859 140.5109501473355
3860 140.5109501473355
3861 140.5109501473355
3862 140.5109501473355
3863 140.5109501473355
3864 140.5109501473355
3865 140.5109501473355
3866 140.5109501473355
3867 140.5109501473355
3868 140.5109501473355
3869 140.5109501473355
3870 140.5109501473355
3871 140.5109501473355
3872 140.5109501473355
3873 140.5109501473355
3874 140.5109501473355
3875 140.5109501473355
3876 140.5109501473355
3877 140.5109501473355
3878 140.5109501473355
3879 140.5109501473355
3880 140.5109501473355
3881 140.5109501473355
3882 140.5109501473355
3883 140.5109501473355
3884 140.5109501473355
3885 140.5109501473355
3886 140.5109501473355
3887 140.5109501473355
3888 140.5109501473355
3889 140.5109501473355
3890 140.5109501473355
3891 140.5109501473355
3892 140.5109501473355
3893 140.5109501473355
3894 140.5109501473355
3895 140.5109501473355
3896 140.5109501473355
3897 140.5109501473355
3898 140.5109501473355
3899 140.5109501473355
3900 140.5109501473355
3901 140.5109501473355
3902 140.5109501473355
3903 140.5109501473355
3904 140.5109501473355
3905 140.5109501473355
3906 140.5109501473355
3907 140.5109501473355
3908 140.5109501473355
3909 140.5109501473355
3910 140.5109501473355
3911 140.5109501473355
3912 140.5109501473355
3913 140.5109501473355
3914 140.5109501473355
3915 140.5109501473355
3916 140.5109501473355
3917 140.5109501473355
3918 140.5109501473355
3919 140.5109501473355
3920 140.5109501473355
3921 140.5109501473355
3922 140.5109501473355
3923 140.5109501473355
3924 140.5109501473355
3925 140.5109501473355
3926 140.5109501473355
3927 140.5109501473355
3928 140.5109501473355
3929 140.5109501473355
3930 140.5109501473355
3931 140.5109501473355
3932 140.5109501473355
3933 140.5109501473355
3934 140.5109501473355
3935 140.5109501473355
3936 140.5109501473355
3937 140.5109501473355
3938 140.5109501473355
3939 140.5109501473355
3940 140.5109501473355
3941 140.5109501473355
3942 140.5109501473355
3943 140.5109501473355
3944 140.5109501473355
3945 140.5109501473355
3946 140.5109501473355
3947 140.5109501473355
3948 140.5109501473355
3949 140.5109501473355
3950 140.5109501473355
3951 140.5109501473355
3952 140.5109501473355
3953 140.5109501473355
3954 140.5109501473355
3955 140.5109501473355
3956 140.5109501473355
3957 140.5109501473355
3958 140.5109501473355
3959 140.5109501473355
3960 140.5109501473355
3961 140.5109501473355
3962 140.5109501473355
3963 140.5109501473355
3964 140.5109501473355
3965 140.5109501473355
3966 140.5109501473355
3967 140.5109501473355
3968 140.5109501473355
3969 140.5109501473355
3970 140.5109501473355
3971 140.5109501473355
3972 140.5109501473355
3973 140.5109501473355
3974 140.5109501473355
3975 140.5109501473355
3976 140.5109501473355
3977 140.5109501473355
3978 140.5109501473355
3979 140.5109501473355
3980 140.5109501473355
3981 140.5109501473355
3982 140.5109501473355
3983 140.5109501473355
3984 140.5109501473355
3985 140.5109501473355
3986 140.5109501473355
3987 140.5109501473355
3988 140.5109501473355
3989 140.5109501473355
3990 140.5109501473355
3991 140.5109501473355
3992 140.5109501473355
3993 140.5109501473355
3994 140.5109501473355
3995 140.5109501473355
3996 140.5109501473355
3997 140.5109501473355
3998 140.5109501473355
3999 140.5109501473355
4000 140.5109501473355
