0,-6.087654149526883
1,-8.537120180725442
2,-8.537120180725442
3,-8.589664437697445
4,-8.589664437697445
5,-9.590650079973914
6,-9.590650079973914
7,-10.033479915221784
8,-10.033479915221784
9,-10.033479915221784
10,-10.033479915221784
11,-10.033479915221784
12,-10.033479915221784
13,-10.033479915221784
14,-10.033479915221784
15,-10.033479915221784
16,-10.033479915221784
17,-10.033479915221784
18,-10.033479915221784
19,-10.033479915221784
20,-10.033479915221784
21,-10.033479915221784
22,-10.033479915221784
23,-10.033479915221784
24,-10.033479915221784
25,-10.033479915221784
26,-10.033479915221784
27,-10.033479915221784
28,-10.033479915221784
29,-10.033479915221784
30,-10.033479915221784
31,-10.033479915221784
32,-10.033479915221784
33,-10.033479915221784
34,-10.632964314920578
35,-12.395669430380083
36,-12.395669430380083
37,-12.395669430380083
38,-12.395669430380083
39,-12.395669430380083
40,-12.395669430380083
41,-12.395669430380083
42,-12.395669430380083
43,-12.395669430380083
44,-12.395669430380083
45,-12.395669430380083
46,-12.395669430380083
47,-12.395669430380083
48,-12.395669430380083
49,-12.395669430380083
50,-12.395669430380083
51,-12.395669430380083
52,-12.395669430380083
53,-12.395669430380083
54,-12.395669430380083
55,-12.395669430380083
56,-12.395669430380083
57,-12.395669430380083
58,-12.395669430380083
59,-12.395669430380083
60,-12.395669430380083
61,-12.395669430380083
62,-12.395669430380083
63,-12.395669430380083
64,-12.395669430380083
65,-12.395669430380083
66,-12.395669430380083
67,-12.395669430380083
68,-12.395669430380083
69,-12.395669430380083
70,-12.395669430380083
71,-12.395669430380083
72,-12.395669430380083
73,-12.395669430380083
74,-12.395669430380083
75,-12.395669430380083
76,-12.395669430380083
77,-12.395669430380083
78,-12.395669430380083
79,-12.395669430380083
80,-12.395669430380083
81,-12.395669430380083
82,-12.395669430380083
83,-12.395669430380083
84,-12.395669430380083
85,-12.395669430380083
86,-12.395669430380083
87,-12.395669430380083
88,-12.395669430380083
89,-12.395669430380083
90,-12.395669430380083
91,-12.395669430380083
92,-12.395669430380083
93,-12.395669430380083
94,-12.395669430380083
95,-12.395669430380083
96,-12.395669430380083
97,-12.395669430380083
98,-12.395669430380083
99,-12.395669430380083
100,-12.395669430380083
101,-12.395669430380083
102,-12.395669430380083
103,-12.395669430380083
104,-12.395669430380083
105,-13.088995970534416
106,-13.088995970534416
107,-13.088995970534416
108,-13.088995970534416
109,-13.088995970534416
110,-13.088995970534416
111,-13.088995970534416
112,-13.088995970534416
113,-13.088995970534416
114,-13.088995970534416
115,-13.088995970534416
116,-13.088995970534416
117,-13.088995970534416
118,-13.088995970534416
119,-13.088995970534416
120,-13.088995970534416
121,-13.088995970534416
122,-13.088995970534416
123,-13.088995970534416
124,-13.088995970534416
125,-13.088995970534416
126,-13.088995970534416
127,-13.088995970534416
128,-13.088995970534416
129,-13.088995970534416
130,-13.088995970534416
131,-13.088995970534416
132,-13.088995970534416
133,-13.088995970534416
134,-13.088995970534416
135,-13.088995970534416
136,-13.088995970534416
137,-13.088995970534416
138,-13.088995970534416
139,-13.088995970534416
140,-13.088995970534416
141,-13.088995970534416
142,-13.088995970534416
143,-13.088995970534416
144,-13.088995970534416
145,-13.088995970534416
146,-13.088995970534416
147,-13.088995970534416
148,-13.088995970534416
149,-13.088995970534416
150,-13.088995970534416
151,-13.088995970534416
152,-13.088995970534416
153,-13.088995970534416
154,-13.088995970534416
155,-13.088995970534416
156,-13.088995970534416
157,-13.088995970534416
158,-13.088995970534416
159,-13.088995970534416
160,-13.088995970534416
161,-13.088995970534416
162,-13.088995970534416
163,-13.088995970534416
164,-13.088995970534416
165,-13.088995970534416
166,-13.088995970534416
167,-13.088995970534416
168,-13.088995970534416
169,-13.088995970534416
170,-13.088995970534416
171,-13.088995970534416
172,-13.088995970534416
173,-13.088995970534416
174,-13.088995970534416
175,-13.088995970534416
176,-13.088995970534416
177,-13.088995970534416
178,-13.088995970534416
179,-13.088995970534416
180,-13.088995970534416
181,-13.088995970534416
182,-13.088995970534416
183,-13.088995970534416
184,-13.088995970534416
185,-13.088995970534416
186,-13.088995970534416
187,-13.088995970534416
188,-13.088995970534416
189,-13.088995970534416
190,-13.088995970534416
191,-13.088995970534416
192,-13.088995970534416
193,-13.088995970534416
194,-13.088995970534416
195,-13.088995970534416
196,-13.088995970534416
197,-13.088995970534416
198,-13.088995970534416
199,-13.088995970534416
200,-13.088995970534416
201,-13.088995970534416
202,-13.088995970534416
203,-13.088995970534416
204,-13.088995970534416
205,-13.088995970534416
206,-13.088995970534416
207,-13.088995970534416
208,-13.088995970534416
209,-13.088995970534416
210,-13.088995970534416
211,-13.088995970534416
212,-13.088995970534416
213,-13.088995970534416
214,-13.088995970534416
215,-13.088995970534416
216,-13.088995970534416
217,-13.088995970534416
218,-13.088995970534416
219,-13.088995970534416
220,-13.088995970534416
221,-13.088995970534416
222,-13.088995970534416
223,-13.088995970534416
224,-13.088995970534416
225,-13.088995970534416
226,-13.088995970534416
227,-13.088995970534416
228,-13.088995970534416
229,-13.088995970534416
230,-13.088995970534416
231,-13.088995970534416
232,-13.088995970534416
233,-13.088995970534416
234,-13.088995970534416
235,-13.088995970534416
236,-13.088995970534416
237,-13.088995970534416
238,-13.088995970534416
239,-13.088995970534416
240,-13.088995970534416
241,-13.088995970534416
242,-13.088995970534416
243,-13.088995970534416
244,-13.088995970534416
245,-13.088995970534416
246,-13.088995970534416
247,-13.088995970534416
248,-13.088995970534416
249,-13.088995970534416
250,-13.088995970534416
251,-13.088995970534416
252,-13.088995970534416
253,-13.088995970534416
254,-13.088995970534416
255,-13.088995970534416
256,-13.088995970534416
257,-13.088995970534416
258,-13.088995970534416
259,-13.088995970534416
260,-13.088995970534416
261,-13.088995970534416
262,-13.088995970534416
263,-13.088995970534416
264,-13.088995970534416
265,-13.088995970534416
266,-13.088995970534416
267,-13.088995970534416
268,-13.088995970534416
269,-13.088995970534416
270,-13.088995970534416
271,-13.088995970534416
272,-13.088995970534416
273,-13.088995970534416
274,-13.088995970534416
275,-13.088995970534416
276,-13.088995970534416
277,-13.088995970534416
278,-13.088995970534416
279,-13.088995970534416
280,-13.088995970534416
281,-13.088995970534416
282,-13.088995970534416
283,-13.088995970534416
284,-13.088995970534416
285,-13.088995970534416
286,-13.088995970534416
287,-13.088995970534416
288,-13.088995970534416
289,-13.088995970534416
290,-13.088995970534416
291,-13.088995970534416
292,-13.088995970534416
293,-13.088995970534416
294,-13.088995970534416
295,-13.088995970534416
296,-13.088995970534416
297,-13.088995970534416
298,-13.088995970534416
299,-13.088995970534416
300,-13.088995970534416
301,-13.088995970534416
302,-13.088995970534416
303,-13.088995970534416
304,-13.088995970534416
305,-13.088995970534416
306,-13.088995970534416
307,-13.088995970534416
308,-13.088995970534416
309,-13.088995970534416
310,-13.088995970534416
311,-13.088995970534416
312,-13.088995970534416
313,-13.088995970534416
314,-13.088995970534416
315,-13.088995970534416
316,-13.088995970534416
317,-13.088995970534416
318,-13.088995970534416
319,-13.088995970534416
320,-13.088995970534416
321,-13.088995970534416
322,-13.088995970534416
323,-13.088995970534416
324,-13.088995970534416
325,-13.088995970534416
326,-13.088995970534416
327,-13.088995970534416
328,-13.088995970534416
329,-13.088995970534416
330,-13.088995970534416
331,-13.088995970534416
332,-13.088995970534416
333,-13.088995970534416
334,-13.088995970534416
335,-13.088995970534416
336,-13.088995970534416
337,-13.088995970534416
338,-13.088995970534416
339,-13.088995970534416
340,-13.088995970534416
341,-13.088995970534416
342,-13.088995970534416
343,-13.088995970534416
344,-13.088995970534416
345,-13.088995970534416
346,-13.088995970534416
347,-13.088995970534416
348,-13.088995970534416
349,-13.088995970534416
350,-13.088995970534416
351,-13.088995970534416
352,-13.088995970534416
353,-13.088995970534416
354,-13.088995970534416
355,-13.088995970534416
356,-13.088995970534416
357,-13.088995970534416
358,-13.088995970534416
359,-13.088995970534416
360,-13.088995970534416
361,-13.088995970534416
362,-13.088995970534416
363,-13.088995970534416
364,-13.088995970534416
365,-13.088995970534416
366,-13.088995970534416
367,-13.088995970534416
368,-13.088995970534416
369,-13.088995970534416
370,-13.088995970534416
371,-13.088995970534416
372,-13.088995970534416
373,-13.088995970534416
374,-13.088995970534416
375,-13.088995970534416
376,-13.088995970534416
377,-13.088995970534416
378,-13.088995970534416
379,-13.088995970534416
380,-13.088995970534416
381,-13.088995970534416
382,-13.088995970534416
383,-13.088995970534416
384,-13.088995970534416
385,-13.088995970534416
386,-13.088995970534416
387,-13.088995970534416
388,-13.088995970534416
389,-13.088995970534416
390,-13.088995970534416
391,-13.088995970534416
392,-13.088995970534416
393,-13.088995970534416
394,-13.088995970534416
395,-13.088995970534416
396,-13.088995970534416
397,-13.088995970534416
398,-13.088995970534416
399,-13.088995970534416
400,-13.088995970534416
401,-13.088995970534416
402,-13.088995970534416
403,-13.088995970534416
404,-13.088995970534416
405,-13.088995970534416
406,-13.088995970534416
407,-13.088995970534416
408,-13.088995970534416
409,-13.088995970534416
410,-13.088995970534416
411,-14.31792219630675
412,-14.31792219630675
413,-14.31792219630675
414,-14.31792219630675
415,-14.31792219630675
416,-14.31792219630675
417,-14.31792219630675
418,-14.31792219630675
419,-14.31792219630675
420,-14.31792219630675
421,-14.31792219630675
422,-14.31792219630675
423,-14.31792219630675
424,-14.31792219630675
425,-14.31792219630675
426,-14.31792219630675
427,-14.31792219630675
428,-14.31792219630675
429,-14.31792219630675
430,-14.31792219630675
431,-14.31792219630675
432,-14.31792219630675
433,-14.31792219630675
434,-14.31792219630675
435,-14.31792219630675
436,-14.31792219630675
437,-14.31792219630675
438,-14.31792219630675
439,-14.31792219630675
440,-14.31792219630675
441,-14.31792219630675
442,-14.31792219630675
443,-14.31792219630675
444,-14.31792219630675
445,-14.31792219630675
446,-14.31792219630675
447,-14.31792219630675
448,-14.31792219630675
449,-14.31792219630675
450,-14.31792219630675
451,-14.31792219630675
452,-14.31792219630675
453,-14.31792219630675
454,-14.31792219630675
455,-14.31792219630675
456,-14.31792219630675
457,-14.31792219630675
458,-14.31792219630675
459,-14.31792219630675
460,-14.31792219630675
461,-14.31792219630675
462,-14.31792219630675
463,-14.31792219630675
464,-14.31792219630675
465,-14.31792219630675
466,-14.31792219630675
467,-14.31792219630675
468,-14.31792219630675
469,-14.31792219630675
470,-14.31792219630675
471,-14.31792219630675
472,-14.31792219630675
473,-14.31792219630675
474,-14.31792219630675
475,-14.31792219630675
476,-14.31792219630675
477,-14.31792219630675
478,-14.31792219630675
479,-14.31792219630675
480,-14.31792219630675
481,-14.31792219630675
482,-14.31792219630675
483,-14.31792219630675
484,-14.31792219630675
485,-14.31792219630675
486,-14.31792219630675
487,-14.31792219630675
488,-14.31792219630675
489,-14.31792219630675
490,-14.31792219630675
491,-14.31792219630675
492,-14.31792219630675
493,-14.31792219630675
494,-14.31792219630675
495,-14.31792219630675
496,-14.31792219630675
497,-14.31792219630675
498,-14.31792219630675
499,-14.31792219630675
500,-14.31792219630675
501,-14.31792219630675
502,-14.31792219630675
503,-14.31792219630675
504,-14.31792219630675
505,-14.31792219630675
506,-14.31792219630675
507,-14.31792219630675
508,-14.31792219630675
509,-14.31792219630675
510,-14.31792219630675
511,-14.31792219630675
512,-14.31792219630675
513,-14.31792219630675
514,-14.31792219630675
515,-14.31792219630675
516,-14.31792219630675
517,-14.31792219630675
518,-14.31792219630675
519,-14.31792219630675
520,-14.31792219630675
521,-14.31792219630675
522,-14.31792219630675
523,-14.31792219630675
524,-14.31792219630675
525,-14.31792219630675
526,-14.31792219630675
527,-14.31792219630675
528,-14.31792219630675
529,-14.31792219630675
530,-14.31792219630675
531,-14.31792219630675
532,-14.31792219630675
533,-14.31792219630675
534,-14.31792219630675
535,-14.31792219630675
536,-14.31792219630675
537,-14.31792219630675
538,-14.31792219630675
539,-14.31792219630675
540,-14.31792219630675
541,-14.31792219630675
542,-14.31792219630675
543,-14.31792219630675
544,-14.31792219630675
545,-14.31792219630675
546,-14.31792219630675
547,-14.31792219630675
548,-14.31792219630675
549,-14.31792219630675
550,-14.31792219630675
551,-14.31792219630675
552,-14.31792219630675
553,-14.31792219630675
554,-14.31792219630675
555,-14.31792219630675
556,-14.31792219630675
557,-14.31792219630675
558,-14.31792219630675
559,-14.31792219630675
560,-14.31792219630675
561,-14.31792219630675
562,-14.31792219630675
563,-14.31792219630675
564,-14.31792219630675
565,-14.31792219630675
566,-14.31792219630675
567,-14.31792219630675
568,-14.31792219630675
569,-14.31792219630675
570,-14.31792219630675
571,-14.31792219630675
572,-14.31792219630675
573,-14.31792219630675
574,-14.31792219630675
575,-14.31792219630675
576,-14.31792219630675
577,-14.31792219630675
578,-14.31792219630675
579,-14.31792219630675
580,-14.31792219630675
581,-14.31792219630675
582,-14.31792219630675
583,-14.31792219630675
584,-14.31792219630675
585,-14.31792219630675
586,-14.31792219630675
587,-14.31792219630675
588,-14.31792219630675
589,-14.31792219630675
590,-14.31792219630675
591,-14.31792219630675
592,-14.31792219630675
593,-14.31792219630675
594,-14.31792219630675
595,-14.31792219630675
596,-14.31792219630675
597,-14.31792219630675
598,-14.31792219630675
599,-14.31792219630675
600,-14.31792219630675
601,-14.31792219630675
602,-14.31792219630675
603,-14.31792219630675
604,-14.31792219630675
605,-14.31792219630675
606,-14.31792219630675
607,-14.31792219630675
608,-14.31792219630675
609,-14.31792219630675
610,-14.31792219630675
611,-14.31792219630675
612,-14.31792219630675
613,-14.31792219630675
614,-14.31792219630675
615,-14.31792219630675
616,-14.31792219630675
617,-14.31792219630675
618,-14.31792219630675
619,-14.31792219630675
620,-14.31792219630675
621,-14.31792219630675
622,-14.31792219630675
623,-14.31792219630675
624,-14.31792219630675
625,-14.31792219630675
626,-14.31792219630675
627,-14.31792219630675
628,-14.31792219630675
629,-14.31792219630675
630,-14.31792219630675
631,-14.31792219630675
632,-14.31792219630675
633,-14.31792219630675
634,-14.31792219630675
635,-14.31792219630675
636,-14.31792219630675
637,-14.31792219630675
638,-14.31792219630675
639,-14.31792219630675
640,-14.31792219630675
641,-14.31792219630675
642,-14.31792219630675
643,-14.31792219630675
644,-14.31792219630675
645,-14.31792219630675
646,-14.31792219630675
647,-14.31792219630675
648,-14.31792219630675
649,-14.31792219630675
650,-14.31792219630675
651,-14.31792219630675
652,-14.31792219630675
653,-14.31792219630675
654,-14.31792219630675
655,-14.31792219630675
656,-14.31792219630675
657,-14.31792219630675
658,-14.31792219630675
659,-14.31792219630675
660,-14.31792219630675
661,-14.31792219630675
662,-14.31792219630675
663,-14.31792219630675
664,-14.31792219630675
665,-14.31792219630675
666,-14.31792219630675
667,-14.31792219630675
668,-14.31792219630675
669,-14.31792219630675
670,-14.31792219630675
671,-14.31792219630675
672,-14.31792219630675
673,-14.31792219630675
674,-14.31792219630675
675,-14.31792219630675
676,-14.31792219630675
677,-14.31792219630675
678,-14.31792219630675
679,-14.31792219630675
680,-14.31792219630675
681,-14.31792219630675
682,-14.31792219630675
683,-14.31792219630675
684,-14.31792219630675
685,-14.31792219630675
686,-14.31792219630675
687,-14.31792219630675
688,-14.31792219630675
689,-14.31792219630675
690,-14.31792219630675
691,-14.31792219630675
692,-14.31792219630675
693,-14.31792219630675
694,-14.31792219630675
695,-14.31792219630675
696,-14.441162118802893
697,-14.441162118802893
698,-14.441162118802893
699,-14.441162118802893
700,-14.441162118802893
701,-14.441162118802893
702,-14.441162118802893
703,-14.441162118802893
704,-14.441162118802893
705,-14.441162118802893
706,-14.441162118802893
707,-14.441162118802893
708,-14.441162118802893
709,-14.441162118802893
710,-14.441162118802893
711,-14.441162118802893
712,-14.441162118802893
713,-14.441162118802893
714,-14.441162118802893
715,-14.441162118802893
716,-14.441162118802893
717,-14.441162118802893
718,-14.441162118802893
719,-14.441162118802893
720,-14.441162118802893
721,-14.441162118802893
722,-14.441162118802893
723,-14.441162118802893
724,-14.441162118802893
725,-14.441162118802893
726,-14.441162118802893
727,-14.441162118802893
728,-14.441162118802893
729,-14.441162118802893
730,-14.441162118802893
731,-14.441162118802893
732,-14.441162118802893
733,-14.441162118802893
734,-14.441162118802893
735,-14.441162118802893
736,-14.441162118802893
737,-14.441162118802893
738,-14.441162118802893
739,-14.441162118802893
740,-14.441162118802893
741,-14.441162118802893
742,-14.441162118802893
743,-14.441162118802893
744,-14.441162118802893
745,-14.441162118802893
746,-14.441162118802893
747,-14.441162118802893
748,-14.441162118802893
749,-14.441162118802893
750,-14.441162118802893
751,-14.441162118802893
752,-14.441162118802893
753,-14.441162118802893
754,-14.441162118802893
755,-14.441162118802893
756,-14.441162118802893
757,-14.441162118802893
758,-14.441162118802893
759,-14.441162118802893
760,-14.441162118802893
761,-14.441162118802893
762,-14.441162118802893
763,-14.441162118802893
764,-14.441162118802893
765,-14.441162118802893
766,-14.441162118802893
767,-14.441162118802893
768,-14.441162118802893
769,-14.441162118802893
770,-14.441162118802893
771,-14.441162118802893
772,-14.441162118802893
773,-14.441162118802893
774,-14.441162118802893
775,-14.441162118802893
776,-14.441162118802893
777,-14.441162118802893
778,-14.441162118802893
779,-14.441162118802893
780,-14.441162118802893
781,-14.441162118802893
782,-14.441162118802893
783,-14.441162118802893
784,-14.441162118802893
785,-14.441162118802893
786,-14.441162118802893
787,-14.441162118802893
788,-14.441162118802893
789,-14.441162118802893
790,-14.441162118802893
791,-14.441162118802893
792,-14.441162118802893
793,-14.441162118802893
794,-14.441162118802893
795,-14.441162118802893
796,-14.441162118802893
797,-14.441162118802893
798,-14.441162118802893
799,-14.441162118802893
800,-14.441162118802893
801,-14.441162118802893
802,-14.441162118802893
803,-14.441162118802893
804,-14.441162118802893
805,-14.441162118802893
806,-14.441162118802893
807,-14.441162118802893
808,-14.441162118802893
809,-14.441162118802893
810,-14.441162118802893
811,-14.441162118802893
812,-14.441162118802893
813,-14.441162118802893
814,-14.441162118802893
815,-14.441162118802893
816,-14.441162118802893
817,-14.441162118802893
818,-14.441162118802893
819,-14.441162118802893
820,-14.441162118802893
821,-14.441162118802893
822,-14.441162118802893
823,-14.441162118802893
824,-14.441162118802893
825,-14.441162118802893
826,-14.441162118802893
827,-14.441162118802893
828,-14.441162118802893
829,-14.441162118802893
830,-14.441162118802893
831,-14.441162118802893
832,-14.441162118802893
833,-14.441162118802893
834,-14.441162118802893
835,-14.441162118802893
836,-14.441162118802893
837,-14.441162118802893
838,-14.441162118802893
839,-14.441162118802893
840,-14.441162118802893
841,-14.441162118802893
842,-14.441162118802893
843,-14.441162118802893
844,-14.441162118802893
845,-14.441162118802893
846,-14.441162118802893
847,-14.441162118802893
848,-14.441162118802893
849,-14.441162118802893
850,-14.441162118802893
851,-14.441162118802893
852,-14.441162118802893
853,-14.441162118802893
854,-14.441162118802893
855,-14.441162118802893
856,-14.441162118802893
857,-14.441162118802893
858,-14.441162118802893
859,-14.441162118802893
860,-14.441162118802893
861,-14.441162118802893
862,-14.441162118802893
863,-14.441162118802893
864,-14.441162118802893
865,-14.441162118802893
866,-14.441162118802893
867,-14.441162118802893
868,-14.441162118802893
869,-14.441162118802893
870,-14.441162118802893
871,-14.441162118802893
872,-14.441162118802893
873,-14.441162118802893
874,-14.441162118802893
875,-14.441162118802893
876,-14.441162118802893
877,-14.441162118802893
878,-14.441162118802893
879,-14.441162118802893
880,-14.441162118802893
881,-14.441162118802893
882,-14.441162118802893
883,-14.441162118802893
884,-14.441162118802893
885,-14.441162118802893
886,-14.441162118802893
887,-14.441162118802893
888,-14.441162118802893
889,-14.441162118802893
890,-14.441162118802893
891,-14.441162118802893
892,-14.441162118802893
893,-14.441162118802893
894,-14.441162118802893
895,-14.441162118802893
896,-14.441162118802893
897,-14.441162118802893
898,-14.441162118802893
899,-14.441162118802893
900,-14.441162118802893
901,-14.441162118802893
902,-14.441162118802893
903,-14.441162118802893
904,-14.441162118802893
905,-14.441162118802893
906,-14.441162118802893
907,-14.441162118802893
908,-14.441162118802893
909,-14.441162118802893
910,-14.441162118802893
911,-14.441162118802893
912,-14.441162118802893
913,-14.441162118802893
914,-14.441162118802893
915,-14.441162118802893
916,-14.441162118802893
917,-14.441162118802893
918,-14.441162118802893
919,-14.441162118802893
920,-14.441162118802893
921,-14.441162118802893
922,-14.441162118802893
923,-14.441162118802893
924,-14.441162118802893
925,-14.441162118802893
926,-14.441162118802893
927,-14.441162118802893
928,-14.441162118802893
929,-14.441162118802893
930,-14.441162118802893
931,-14.441162118802893
932,-14.441162118802893
933,-14.441162118802893
934,-14.441162118802893
935,-14.441162118802893
936,-14.441162118802893
937,-14.441162118802893
938,-14.441162118802893
939,-14.441162118802893
940,-14.441162118802893
941,-14.441162118802893
942,-14.441162118802893
943,-14.441162118802893
944,-14.441162118802893
945,-14.441162118802893
946,-14.441162118802893
947,-14.441162118802893
948,-14.441162118802893
949,-14.441162118802893
950,-14.441162118802893
951,-14.441162118802893
952,-14.441162118802893
953,-14.441162118802893
954,-14.441162118802893
955,-14.441162118802893
956,-14.441162118802893
957,-14.441162118802893
958,-14.441162118802893
959,-14.441162118802893
960,-14.441162118802893
961,-14.441162118802893
962,-14.441162118802893
963,-14.441162118802893
964,-14.441162118802893
965,-14.441162118802893
966,-14.441162118802893
967,-14.441162118802893
968,-14.441162118802893
969,-14.441162118802893
970,-14.441162118802893
971,-14.441162118802893
972,-14.441162118802893
973,-14.441162118802893
974,-14.441162118802893
975,-14.441162118802893
976,-14.441162118802893
977,-14.441162118802893
978,-14.441162118802893
979,-14.441162118802893
980,-14.441162118802893
981,-14.441162118802893
982,-14.441162118802893
983,-14.441162118802893
984,-14.441162118802893
985,-14.441162118802893
986,-14.441162118802893
987,-14.441162118802893
988,-14.441162118802893
989,-14.441162118802893
990,-14.441162118802893
991,-14.441162118802893
992,-14.441162118802893
993,-14.441162118802893
994,-14.441162118802893
995,-14.441162118802893
996,-14.441162118802893
997,-14.441162118802893
998,-14.441162118802893
999,-14.441162118802893
1000,-14.441162118802893
1001,-14.441162118802893
1002,-14.441162118802893
1003,-14.441162118802893
1004,-14.441162118802893
1005,-14.441162118802893
1006,-14.441162118802893
1007,-14.441162118802893
1008,-14.441162118802893
1009,-14.441162118802893
1010,-14.441162118802893
1011,-14.441162118802893
1012,-14.441162118802893
1013,-14.441162118802893
1014,-14.441162118802893
1015,-14.441162118802893
1016,-14.441162118802893
1017,-14.441162118802893
1018,-14.441162118802893
1019,-14.441162118802893
1020,-14.441162118802893
1021,-14.441162118802893
1022,-14.441162118802893
1023,-14.441162118802893
1024,-14.441162118802893
1025,-14.441162118802893
1026,-14.441162118802893
1027,-14.441162118802893
1028,-14.441162118802893
1029,-14.441162118802893
1030,-14.441162118802893
1031,-14.441162118802893
1032,-14.441162118802893
1033,-14.441162118802893
1034,-14.441162118802893
1035,-14.441162118802893
1036,-14.441162118802893
1037,-14.441162118802893
1038,-14.441162118802893
1039,-14.441162118802893
1040,-14.441162118802893
1041,-14.441162118802893
1042,-14.441162118802893
1043,-14.441162118802893
1044,-14.441162118802893
1045,-14.441162118802893
1046,-14.441162118802893
1047,-14.441162118802893
1048,-14.441162118802893
1049,-14.441162118802893
1050,-14.441162118802893
1051,-14.441162118802893
1052,-14.441162118802893
1053,-14.441162118802893
1054,-14.441162118802893
1055,-14.441162118802893
1056,-14.441162118802893
1057,-14.441162118802893
1058,-14.441162118802893
1059,-14.441162118802893
1060,-14.441162118802893
1061,-14.441162118802893
1062,-14.441162118802893
1063,-14.441162118802893
1064,-14.441162118802893
1065,-14.441162118802893
1066,-14.441162118802893
1067,-14.441162118802893
1068,-14.441162118802893
1069,-14.441162118802893
1070,-14.441162118802893
1071,-14.441162118802893
1072,-14.441162118802893
1073,-14.441162118802893
1074,-14.441162118802893
1075,-14.441162118802893
1076,-14.441162118802893
1077,-14.441162118802893
1078,-14.441162118802893
1079,-14.441162118802893
1080,-14.441162118802893
1081,-14.441162118802893
1082,-14.441162118802893
1083,-14.441162118802893
1084,-14.441162118802893
1085,-14.441162118802893
1086,-14.441162118802893
1087,-14.441162118802893
1088,-14.441162118802893
1089,-14.441162118802893
1090,-14.441162118802893
1091,-14.441162118802893
1092,-14.441162118802893
1093,-14.441162118802893
1094,-14.441162118802893
1095,-14.441162118802893
1096,-14.441162118802893
1097,-14.441162118802893
1098,-14.441162118802893
1099,-14.441162118802893
1100,-14.441162118802893
1101,-14.441162118802893
1102,-14.441162118802893
1103,-14.441162118802893
1104,-14.441162118802893
1105,-14.441162118802893
1106,-14.441162118802893
1107,-14.441162118802893
1108,-14.441162118802893
1109,-14.441162118802893
1110,-14.441162118802893
1111,-14.441162118802893
1112,-14.441162118802893
1113,-14.441162118802893
1114,-14.441162118802893
1115,-14.441162118802893
1116,-14.441162118802893
1117,-14.441162118802893
1118,-14.441162118802893
1119,-14.441162118802893
1120,-14.441162118802893
1121,-14.441162118802893
1122,-14.441162118802893
1123,-14.441162118802893
1124,-14.441162118802893
1125,-14.441162118802893
1126,-14.441162118802893
1127,-14.441162118802893
1128,-14.441162118802893
1129,-14.441162118802893
1130,-14.441162118802893
1131,-14.441162118802893
1132,-14.441162118802893
1133,-14.441162118802893
1134,-14.441162118802893
1135,-14.441162118802893
1136,-14.441162118802893
1137,-14.441162118802893
1138,-14.441162118802893
1139,-14.441162118802893
1140,-14.441162118802893
1141,-14.441162118802893
1142,-14.441162118802893
1143,-14.441162118802893
1144,-14.441162118802893
1145,-14.441162118802893
1146,-14.441162118802893
1147,-14.441162118802893
1148,-14.441162118802893
1149,-14.441162118802893
1150,-14.441162118802893
1151,-14.441162118802893
1152,-14.441162118802893
1153,-14.441162118802893
1154,-14.441162118802893
1155,-14.441162118802893
1156,-14.441162118802893
1157,-14.441162118802893
1158,-14.441162118802893
1159,-14.441162118802893
1160,-14.441162118802893
1161,-14.441162118802893
1162,-14.441162118802893
1163,-14.441162118802893
1164,-14.441162118802893
1165,-14.441162118802893
1166,-14.441162118802893
1167,-14.441162118802893
1168,-14.441162118802893
1169,-14.441162118802893
1170,-14.441162118802893
1171,-14.441162118802893
1172,-14.441162118802893
1173,-14.441162118802893
1174,-14.441162118802893
1175,-14.441162118802893
1176,-14.441162118802893
1177,-14.441162118802893
1178,-14.441162118802893
1179,-14.441162118802893
1180,-14.441162118802893
1181,-14.441162118802893
1182,-14.441162118802893
1183,-14.441162118802893
1184,-14.441162118802893
1185,-14.441162118802893
1186,-14.441162118802893
1187,-14.441162118802893
1188,-14.441162118802893
1189,-14.441162118802893
1190,-14.441162118802893
1191,-14.441162118802893
1192,-14.441162118802893
1193,-14.441162118802893
1194,-14.441162118802893
1195,-14.441162118802893
1196,-14.441162118802893
1197,-14.441162118802893
1198,-14.441162118802893
1199,-14.441162118802893
1200,-14.441162118802893
1201,-14.441162118802893
1202,-14.441162118802893
1203,-14.441162118802893
1204,-14.441162118802893
1205,-14.441162118802893
1206,-14.441162118802893
1207,-14.441162118802893
1208,-14.441162118802893
1209,-14.441162118802893
1210,-14.441162118802893
1211,-14.441162118802893
1212,-14.441162118802893
1213,-14.441162118802893
1214,-14.441162118802893
1215,-14.441162118802893
1216,-14.441162118802893
1217,-14.441162118802893
1218,-14.441162118802893
1219,-14.441162118802893
1220,-14.441162118802893
1221,-14.441162118802893
1222,-14.441162118802893
1223,-14.441162118802893
1224,-14.441162118802893
1225,-14.441162118802893
1226,-14.441162118802893
1227,-14.441162118802893
1228,-14.441162118802893
1229,-14.441162118802893
1230,-14.441162118802893
1231,-14.441162118802893
1232,-14.441162118802893
1233,-14.441162118802893
1234,-14.441162118802893
1235,-14.441162118802893
1236,-14.441162118802893
1237,-14.441162118802893
1238,-14.441162118802893
1239,-14.441162118802893
1240,-14.441162118802893
1241,-14.441162118802893
1242,-14.441162118802893
1243,-14.441162118802893
1244,-14.441162118802893
1245,-14.441162118802893
1246,-14.441162118802893
1247,-14.441162118802893
1248,-15.193105738847485
1249,-15.193105738847485
1250,-15.193105738847485
1251,-15.193105738847485
1252,-15.193105738847485
1253,-15.193105738847485
1254,-15.193105738847485
1255,-15.193105738847485
1256,-15.193105738847485
1257,-15.193105738847485
1258,-15.193105738847485
1259,-15.193105738847485
1260,-15.193105738847485
1261,-15.193105738847485
1262,-15.193105738847485
1263,-15.193105738847485
1264,-15.193105738847485
1265,-15.193105738847485
1266,-15.193105738847485
1267,-15.193105738847485
1268,-15.193105738847485
1269,-15.193105738847485
1270,-15.193105738847485
1271,-15.193105738847485
1272,-15.193105738847485
1273,-15.193105738847485
1274,-15.193105738847485
1275,-15.193105738847485
1276,-15.193105738847485
1277,-15.193105738847485
1278,-15.193105738847485
1279,-15.193105738847485
1280,-15.193105738847485
1281,-15.193105738847485
1282,-15.193105738847485
1283,-15.193105738847485
1284,-15.193105738847485
1285,-15.193105738847485
1286,-15.193105738847485
1287,-15.193105738847485
1288,-15.193105738847485
1289,-15.193105738847485
1290,-15.193105738847485
1291,-15.193105738847485
1292,-15.193105738847485
1293,-15.193105738847485
1294,-15.193105738847485
1295,-15.193105738847485
1296,-15.193105738847485
1297,-15.193105738847485
1298,-15.193105738847485
1299,-15.193105738847485
1300,-15.193105738847485
1301,-15.193105738847485
1302,-15.193105738847485
1303,-15.193105738847485
1304,-15.193105738847485
1305,-15.193105738847485
1306,-15.193105738847485
1307,-15.193105738847485
1308,-15.193105738847485
1309,-15.193105738847485
1310,-15.193105738847485
1311,-15.193105738847485
1312,-15.193105738847485
1313,-15.193105738847485
1314,-15.193105738847485
1315,-15.193105738847485
1316,-15.193105738847485
1317,-15.193105738847485
1318,-15.193105738847485
1319,-15.193105738847485
1320,-15.193105738847485
1321,-15.193105738847485
1322,-15.193105738847485
1323,-15.193105738847485
1324,-15.193105738847485
1325,-15.193105738847485
1326,-15.193105738847485
1327,-15.193105738847485
1328,-15.193105738847485
1329,-15.193105738847485
1330,-15.193105738847485
1331,-15.193105738847485
1332,-15.193105738847485
1333,-15.193105738847485
1334,-15.193105738847485
1335,-15.193105738847485
1336,-15.193105738847485
1337,-15.193105738847485
1338,-15.193105738847485
1339,-15.193105738847485
1340,-15.193105738847485
1341,-15.193105738847485
1342,-15.193105738847485
1343,-15.193105738847485
1344,-15.193105738847485
1345,-15.193105738847485
1346,-15.193105738847485
1347,-15.193105738847485
1348,-15.193105738847485
1349,-15.193105738847485
1350,-15.193105738847485
1351,-15.193105738847485
1352,-15.193105738847485
1353,-15.193105738847485
1354,-15.193105738847485
1355,-15.193105738847485
1356,-15.193105738847485
1357,-15.193105738847485
1358,-15.193105738847485
1359,-15.193105738847485
1360,-15.193105738847485
1361,-15.193105738847485
1362,-15.193105738847485
1363,-15.193105738847485
1364,-15.193105738847485
1365,-15.193105738847485
1366,-15.193105738847485
1367,-15.193105738847485
1368,-15.193105738847485
1369,-15.193105738847485
1370,-15.193105738847485
1371,-15.193105738847485
1372,-15.193105738847485
1373,-15.193105738847485
1374,-15.193105738847485
1375,-15.193105738847485
1376,-15.193105738847485
1377,-15.193105738847485
1378,-15.193105738847485
1379,-15.193105738847485
1380,-15.193105738847485
1381,-15.193105738847485
1382,-15.193105738847485
1383,-15.193105738847485
1384,-15.193105738847485
1385,-15.193105738847485
1386,-15.193105738847485
1387,-15.193105738847485
1388,-15.193105738847485
1389,-15.193105738847485
1390,-15.193105738847485
1391,-15.193105738847485
1392,-15.193105738847485
1393,-15.193105738847485
1394,-15.193105738847485
1395,-15.193105738847485
1396,-15.193105738847485
1397,-15.193105738847485
1398,-15.193105738847485
1399,-15.193105738847485
1400,-15.193105738847485
1401,-15.193105738847485
1402,-15.193105738847485
1403,-15.193105738847485
1404,-15.193105738847485
1405,-15.193105738847485
1406,-15.193105738847485
1407,-15.193105738847485
1408,-15.193105738847485
1409,-15.193105738847485
1410,-15.193105738847485
1411,-15.193105738847485
1412,-15.193105738847485
1413,-15.193105738847485
1414,-15.193105738847485
1415,-15.193105738847485
1416,-15.193105738847485
1417,-15.193105738847485
1418,-15.193105738847485
1419,-15.193105738847485
1420,-15.193105738847485
1421,-15.193105738847485
1422,-15.193105738847485
1423,-15.193105738847485
1424,-15.193105738847485
1425,-15.193105738847485
1426,-15.193105738847485
1427,-15.193105738847485
1428,-15.193105738847485
1429,-15.193105738847485
1430,-15.193105738847485
1431,-15.193105738847485
1432,-15.193105738847485
1433,-15.193105738847485
1434,-15.193105738847485
1435,-15.193105738847485
1436,-15.193105738847485
1437,-15.193105738847485
1438,-15.193105738847485
1439,-15.193105738847485
1440,-15.193105738847485
1441,-15.193105738847485
1442,-15.193105738847485
1443,-15.193105738847485
1444,-15.193105738847485
1445,-15.193105738847485
1446,-15.193105738847485
1447,-15.193105738847485
1448,-15.193105738847485
1449,-15.193105738847485
1450,-15.193105738847485
1451,-15.193105738847485
1452,-15.193105738847485
1453,-15.193105738847485
1454,-15.193105738847485
1455,-15.193105738847485
1456,-15.193105738847485
1457,-15.193105738847485
1458,-15.193105738847485
1459,-15.193105738847485
1460,-15.193105738847485
1461,-15.193105738847485
1462,-15.193105738847485
1463,-15.193105738847485
1464,-15.193105738847485
1465,-15.193105738847485
1466,-15.193105738847485
1467,-15.193105738847485
1468,-15.193105738847485
1469,-15.193105738847485
1470,-15.193105738847485
1471,-15.193105738847485
1472,-15.193105738847485
1473,-15.193105738847485
1474,-15.193105738847485
1475,-15.193105738847485
1476,-15.193105738847485
1477,-15.193105738847485
1478,-15.193105738847485
1479,-15.193105738847485
1480,-15.193105738847485
1481,-15.193105738847485
1482,-15.193105738847485
1483,-15.193105738847485
1484,-15.193105738847485
1485,-15.193105738847485
1486,-15.193105738847485
1487,-15.193105738847485
1488,-15.193105738847485
1489,-15.193105738847485
1490,-15.193105738847485
1491,-15.193105738847485
1492,-15.193105738847485
1493,-15.193105738847485
1494,-15.193105738847485
1495,-15.193105738847485
1496,-15.193105738847485
1497,-15.193105738847485
1498,-15.193105738847485
1499,-15.193105738847485
1500,-15.193105738847485
1501,-15.193105738847485
1502,-15.193105738847485
1503,-15.193105738847485
1504,-15.193105738847485
1505,-15.193105738847485
1506,-15.193105738847485
1507,-15.193105738847485
1508,-15.193105738847485
1509,-15.193105738847485
1510,-15.193105738847485
1511,-15.193105738847485
1512,-15.193105738847485
1513,-15.193105738847485
1514,-15.193105738847485
1515,-15.193105738847485
1516,-15.193105738847485
1517,-15.193105738847485
1518,-15.193105738847485
1519,-15.193105738847485
1520,-15.193105738847485
1521,-15.193105738847485
1522,-15.193105738847485
1523,-15.193105738847485
1524,-15.193105738847485
1525,-15.193105738847485
1526,-15.193105738847485
1527,-15.193105738847485
1528,-15.193105738847485
1529,-15.193105738847485
1530,-15.193105738847485
1531,-15.193105738847485
1532,-15.193105738847485
1533,-15.193105738847485
1534,-15.193105738847485
1535,-15.193105738847485
1536,-15.193105738847485
1537,-15.193105738847485
1538,-15.193105738847485
1539,-15.193105738847485
1540,-15.193105738847485
1541,-15.193105738847485
1542,-15.193105738847485
1543,-15.193105738847485
1544,-15.193105738847485
1545,-15.193105738847485
1546,-15.193105738847485
1547,-15.193105738847485
1548,-15.193105738847485
1549,-15.193105738847485
1550,-15.193105738847485
1551,-15.193105738847485
1552,-15.193105738847485
1553,-15.193105738847485
1554,-15.193105738847485
1555,-15.193105738847485
1556,-15.193105738847485
1557,-15.193105738847485
1558,-15.193105738847485
1559,-15.193105738847485
1560,-15.193105738847485
1561,-15.193105738847485
1562,-15.193105738847485
1563,-15.193105738847485
1564,-15.193105738847485
1565,-15.193105738847485
1566,-15.193105738847485
1567,-15.193105738847485
1568,-15.193105738847485
1569,-15.193105738847485
1570,-15.193105738847485
1571,-15.193105738847485
1572,-15.193105738847485
1573,-15.193105738847485
1574,-15.193105738847485
1575,-15.193105738847485
1576,-15.193105738847485
1577,-15.193105738847485
1578,-15.193105738847485
1579,-15.193105738847485
1580,-15.193105738847485
1581,-15.193105738847485
1582,-15.193105738847485
1583,-15.193105738847485
1584,-15.193105738847485
1585,-15.193105738847485
1586,-15.193105738847485
1587,-15.193105738847485
1588,-15.193105738847485
1589,-15.193105738847485
1590,-15.193105738847485
1591,-15.193105738847485
1592,-15.193105738847485
1593,-15.193105738847485
1594,-15.193105738847485
1595,-15.193105738847485
1596,-15.193105738847485
1597,-15.193105738847485
1598,-15.193105738847485
1599,-15.193105738847485
1600,-15.193105738847485
1601,-15.193105738847485
1602,-15.193105738847485
1603,-15.193105738847485
1604,-15.193105738847485
1605,-15.193105738847485
1606,-15.193105738847485
1607,-15.193105738847485
1608,-15.193105738847485
1609,-15.193105738847485
1610,-15.193105738847485
1611,-15.193105738847485
1612,-15.193105738847485
1613,-15.193105738847485
1614,-15.193105738847485
1615,-15.193105738847485
1616,-15.193105738847485
1617,-15.193105738847485
1618,-15.193105738847485
1619,-15.193105738847485
1620,-15.193105738847485
1621,-15.193105738847485
1622,-15.193105738847485
1623,-15.193105738847485
1624,-15.193105738847485
1625,-15.193105738847485
1626,-15.193105738847485
1627,-15.193105738847485
1628,-15.193105738847485
1629,-15.193105738847485
1630,-15.193105738847485
1631,-15.193105738847485
1632,-15.193105738847485
1633,-15.193105738847485
1634,-15.193105738847485
1635,-15.193105738847485
1636,-15.193105738847485
1637,-15.193105738847485
1638,-15.193105738847485
1639,-15.193105738847485
1640,-15.193105738847485
1641,-15.193105738847485
1642,-15.193105738847485
1643,-15.193105738847485
1644,-15.193105738847485
1645,-15.193105738847485
1646,-15.193105738847485
1647,-15.193105738847485
1648,-15.193105738847485
1649,-15.193105738847485
1650,-15.193105738847485
1651,-15.193105738847485
1652,-15.193105738847485
1653,-15.193105738847485
1654,-15.193105738847485
1655,-15.193105738847485
1656,-15.193105738847485
1657,-15.193105738847485
1658,-15.193105738847485
1659,-15.193105738847485
1660,-15.193105738847485
1661,-15.193105738847485
1662,-15.193105738847485
1663,-15.193105738847485
1664,-15.193105738847485
1665,-15.193105738847485
1666,-15.193105738847485
1667,-15.193105738847485
1668,-15.193105738847485
1669,-15.193105738847485
1670,-15.193105738847485
1671,-15.193105738847485
1672,-15.193105738847485
1673,-15.193105738847485
1674,-15.193105738847485
1675,-15.193105738847485
1676,-15.193105738847485
1677,-15.193105738847485
1678,-15.193105738847485
1679,-15.193105738847485
1680,-15.193105738847485
1681,-15.193105738847485
1682,-15.193105738847485
1683,-15.193105738847485
1684,-15.193105738847485
1685,-15.193105738847485
1686,-15.193105738847485
1687,-15.193105738847485
1688,-15.193105738847485
1689,-15.193105738847485
1690,-15.193105738847485
1691,-15.193105738847485
1692,-15.193105738847485
1693,-15.193105738847485
1694,-15.193105738847485
1695,-15.193105738847485
1696,-15.193105738847485
1697,-15.193105738847485
1698,-15.193105738847485
1699,-15.193105738847485
1700,-15.193105738847485
1701,-15.193105738847485
1702,-15.193105738847485
1703,-15.193105738847485
1704,-15.193105738847485
1705,-15.193105738847485
1706,-15.193105738847485
1707,-15.193105738847485
1708,-15.193105738847485
1709,-15.193105738847485
1710,-15.193105738847485
1711,-15.193105738847485
1712,-15.193105738847485
1713,-15.193105738847485
1714,-15.193105738847485
1715,-15.193105738847485
1716,-15.193105738847485
1717,-15.193105738847485
1718,-15.193105738847485
1719,-15.193105738847485
1720,-15.193105738847485
1721,-15.193105738847485
1722,-15.193105738847485
1723,-15.193105738847485
1724,-15.193105738847485
1725,-15.193105738847485
1726,-15.193105738847485
1727,-15.193105738847485
1728,-15.193105738847485
1729,-15.193105738847485
1730,-15.193105738847485
1731,-15.193105738847485
1732,-15.193105738847485
1733,-15.193105738847485
1734,-15.193105738847485
1735,-15.193105738847485
1736,-15.193105738847485
1737,-15.193105738847485
1738,-15.193105738847485
1739,-15.193105738847485
1740,-15.193105738847485
1741,-15.193105738847485
1742,-15.193105738847485
1743,-15.193105738847485
1744,-15.193105738847485
1745,-15.193105738847485
1746,-15.193105738847485
1747,-15.193105738847485
1748,-15.193105738847485
1749,-15.193105738847485
1750,-15.193105738847485
1751,-15.193105738847485
1752,-15.193105738847485
1753,-15.193105738847485
1754,-15.193105738847485
1755,-15.193105738847485
1756,-15.193105738847485
1757,-15.193105738847485
1758,-15.193105738847485
1759,-15.193105738847485
1760,-15.193105738847485
1761,-15.193105738847485
1762,-15.193105738847485
1763,-15.193105738847485
1764,-15.193105738847485
1765,-15.193105738847485
1766,-15.193105738847485
1767,-15.193105738847485
1768,-15.193105738847485
1769,-15.193105738847485
1770,-15.193105738847485
1771,-15.193105738847485
1772,-15.193105738847485
1773,-15.193105738847485
1774,-15.193105738847485
1775,-15.193105738847485
1776,-15.193105738847485
1777,-15.193105738847485
1778,-15.193105738847485
1779,-15.193105738847485
1780,-15.193105738847485
1781,-15.193105738847485
1782,-15.193105738847485
1783,-15.193105738847485
1784,-15.193105738847485
1785,-15.193105738847485
1786,-15.193105738847485
1787,-15.193105738847485
1788,-15.193105738847485
1789,-15.193105738847485
1790,-15.193105738847485
1791,-15.193105738847485
1792,-15.193105738847485
1793,-15.193105738847485
1794,-15.193105738847485
1795,-15.193105738847485
1796,-15.193105738847485
1797,-15.193105738847485
1798,-15.193105738847485
1799,-15.193105738847485
1800,-15.193105738847485
1801,-15.193105738847485
1802,-15.193105738847485
1803,-15.193105738847485
1804,-15.193105738847485
1805,-15.193105738847485
1806,-15.193105738847485
1807,-15.193105738847485
1808,-15.193105738847485
1809,-15.193105738847485
1810,-15.193105738847485
1811,-15.193105738847485
1812,-15.193105738847485
1813,-15.193105738847485
1814,-15.193105738847485
1815,-15.193105738847485
1816,-15.193105738847485
1817,-15.193105738847485
1818,-15.193105738847485
1819,-15.193105738847485
1820,-15.193105738847485
1821,-15.193105738847485
1822,-15.193105738847485
1823,-15.193105738847485
1824,-15.193105738847485
1825,-15.193105738847485
1826,-15.193105738847485
1827,-15.193105738847485
1828,-15.193105738847485
1829,-15.193105738847485
1830,-15.193105738847485
1831,-15.193105738847485
1832,-15.193105738847485
1833,-15.193105738847485
1834,-15.193105738847485
1835,-15.193105738847485
1836,-15.193105738847485
1837,-15.193105738847485
1838,-15.193105738847485
1839,-15.193105738847485
1840,-15.193105738847485
1841,-15.193105738847485
1842,-15.193105738847485
1843,-15.193105738847485
1844,-15.193105738847485
1845,-15.193105738847485
1846,-15.193105738847485
1847,-15.193105738847485
1848,-15.193105738847485
1849,-15.193105738847485
1850,-15.193105738847485
1851,-15.193105738847485
1852,-15.193105738847485
1853,-15.193105738847485
1854,-15.193105738847485
1855,-15.193105738847485
1856,-15.193105738847485
1857,-15.193105738847485
1858,-15.193105738847485
1859,-15.193105738847485
1860,-15.193105738847485
1861,-15.193105738847485
1862,-15.193105738847485
1863,-15.193105738847485
1864,-15.193105738847485
1865,-15.193105738847485
1866,-15.193105738847485
1867,-15.193105738847485
1868,-15.193105738847485
1869,-15.193105738847485
1870,-15.193105738847485
1871,-15.193105738847485
1872,-15.193105738847485
1873,-15.193105738847485
1874,-15.193105738847485
1875,-15.193105738847485
1876,-15.193105738847485
1877,-15.193105738847485
1878,-15.193105738847485
1879,-15.193105738847485
1880,-15.193105738847485
1881,-15.193105738847485
1882,-15.193105738847485
1883,-15.193105738847485
1884,-15.193105738847485
1885,-15.193105738847485
1886,-15.193105738847485
1887,-15.193105738847485
1888,-15.193105738847485
1889,-15.193105738847485
1890,-15.193105738847485
1891,-15.193105738847485
1892,-15.193105738847485
1893,-15.193105738847485
1894,-15.193105738847485
1895,-15.193105738847485
1896,-15.193105738847485
1897,-15.193105738847485
1898,-15.193105738847485
1899,-15.193105738847485
1900,-15.193105738847485
1901,-15.193105738847485
1902,-15.193105738847485
1903,-15.193105738847485
1904,-15.193105738847485
1905,-15.193105738847485
1906,-15.193105738847485
1907,-15.193105738847485
1908,-15.193105738847485
1909,-15.193105738847485
1910,-15.193105738847485
1911,-15.193105738847485
1912,-15.193105738847485
1913,-15.193105738847485
1914,-15.193105738847485
1915,-15.193105738847485
1916,-15.193105738847485
1917,-15.193105738847485
1918,-15.193105738847485
1919,-15.193105738847485
1920,-15.193105738847485
1921,-15.193105738847485
1922,-15.193105738847485
1923,-15.193105738847485
1924,-15.193105738847485
1925,-15.193105738847485
1926,-15.193105738847485
1927,-15.193105738847485
1928,-15.193105738847485
1929,-15.193105738847485
1930,-15.193105738847485
1931,-15.193105738847485
1932,-15.193105738847485
1933,-15.193105738847485
1934,-15.193105738847485
1935,-15.193105738847485
1936,-15.193105738847485
1937,-15.193105738847485
1938,-15.193105738847485
1939,-15.193105738847485
1940,-15.193105738847485
1941,-15.193105738847485
1942,-15.193105738847485
1943,-15.193105738847485
1944,-15.193105738847485
1945,-15.193105738847485
1946,-15.193105738847485
1947,-15.193105738847485
1948,-15.193105738847485
1949,-15.193105738847485
1950,-15.193105738847485
1951,-15.193105738847485
1952,-15.193105738847485
1953,-15.193105738847485
1954,-15.193105738847485
1955,-15.193105738847485
1956,-15.193105738847485
1957,-15.193105738847485
1958,-15.193105738847485
1959,-15.193105738847485
1960,-15.193105738847485
1961,-15.193105738847485
1962,-15.193105738847485
1963,-15.193105738847485
1964,-15.193105738847485
1965,-15.193105738847485
1966,-15.193105738847485
1967,-15.193105738847485
1968,-15.193105738847485
1969,-15.193105738847485
1970,-15.193105738847485
1971,-15.193105738847485
1972,-15.193105738847485
1973,-15.193105738847485
1974,-15.193105738847485
1975,-15.193105738847485
1976,-15.193105738847485
1977,-15.193105738847485
1978,-15.193105738847485
1979,-15.193105738847485
1980,-15.193105738847485
1981,-15.193105738847485
1982,-15.193105738847485
1983,-15.193105738847485
1984,-15.193105738847485
1985,-15.193105738847485
1986,-15.193105738847485
1987,-15.193105738847485
1988,-15.193105738847485
1989,-15.193105738847485
1990,-15.193105738847485
1991,-15.193105738847485
1992,-15.193105738847485
1993,-15.193105738847485
1994,-15.193105738847485
1995,-15.193105738847485
1996,-15.193105738847485
1997,-15.193105738847485
1998,-15.193105738847485
1999,-15.193105738847485
2000,-15.193105738847485
2001,-15.193105738847485
2002,-15.193105738847485
2003,-15.193105738847485
2004,-15.193105738847485
2005,-15.193105738847485
2006,-15.193105738847485
2007,-15.193105738847485
2008,-15.193105738847485
2009,-15.193105738847485
2010,-15.193105738847485
2011,-15.193105738847485
2012,-15.193105738847485
2013,-15.193105738847485
2014,-15.193105738847485
2015,-15.193105738847485
2016,-15.193105738847485
2017,-15.193105738847485
2018,-15.193105738847485
2019,-15.193105738847485
2020,-15.193105738847485
2021,-15.193105738847485
2022,-15.193105738847485
2023,-15.193105738847485
2024,-15.193105738847485
2025,-15.193105738847485
2026,-15.193105738847485
2027,-15.193105738847485
2028,-15.193105738847485
2029,-15.193105738847485
2030,-15.193105738847485
2031,-15.193105738847485
2032,-15.193105738847485
2033,-15.193105738847485
2034,-15.193105738847485
2035,-15.193105738847485
2036,-15.193105738847485
2037,-15.193105738847485
2038,-15.193105738847485
2039,-15.193105738847485
2040,-15.193105738847485
2041,-15.193105738847485
2042,-15.193105738847485
2043,-15.193105738847485
2044,-15.193105738847485
2045,-15.193105738847485
2046,-15.193105738847485
2047,-15.193105738847485
2048,-15.193105738847485
2049,-15.193105738847485
2050,-15.193105738847485
2051,-15.193105738847485
2052,-15.193105738847485
2053,-15.193105738847485
2054,-15.193105738847485
2055,-15.193105738847485
2056,-15.193105738847485
2057,-15.193105738847485
2058,-15.193105738847485
2059,-15.193105738847485
2060,-15.193105738847485
2061,-15.193105738847485
2062,-15.193105738847485
2063,-15.193105738847485
2064,-15.193105738847485
2065,-15.193105738847485
2066,-15.193105738847485
2067,-15.193105738847485
2068,-15.193105738847485
2069,-15.193105738847485
2070,-15.193105738847485
2071,-15.193105738847485
2072,-15.193105738847485
2073,-15.193105738847485
2074,-15.193105738847485
2075,-15.193105738847485
2076,-15.193105738847485
2077,-15.193105738847485
2078,-15.193105738847485
2079,-15.193105738847485
2080,-15.193105738847485
2081,-15.193105738847485
2082,-15.193105738847485
2083,-15.193105738847485
2084,-15.193105738847485
2085,-15.193105738847485
2086,-15.193105738847485
2087,-15.193105738847485
2088,-15.193105738847485
2089,-15.193105738847485
2090,-15.193105738847485
2091,-15.193105738847485
2092,-15.193105738847485
2093,-15.193105738847485
2094,-15.193105738847485
2095,-15.193105738847485
2096,-15.193105738847485
2097,-15.193105738847485
2098,-15.193105738847485
2099,-15.193105738847485
2100,-15.193105738847485
2101,-15.193105738847485
2102,-15.193105738847485
2103,-15.193105738847485
2104,-15.193105738847485
2105,-15.193105738847485
2106,-15.193105738847485
2107,-15.193105738847485
2108,-15.193105738847485
2109,-15.193105738847485
2110,-15.193105738847485
2111,-15.193105738847485
2112,-15.193105738847485
2113,-15.193105738847485
2114,-15.193105738847485
2115,-15.193105738847485
2116,-15.193105738847485
2117,-15.193105738847485
2118,-15.193105738847485
2119,-15.193105738847485
2120,-15.193105738847485
2121,-15.193105738847485
2122,-15.193105738847485
2123,-15.193105738847485
2124,-15.193105738847485
2125,-15.193105738847485
2126,-15.193105738847485
2127,-15.193105738847485
2128,-15.193105738847485
2129,-15.193105738847485
2130,-15.193105738847485
2131,-15.193105738847485
2132,-15.193105738847485
2133,-15.193105738847485
2134,-15.193105738847485
2135,-15.193105738847485
2136,-15.193105738847485
2137,-15.193105738847485
2138,-15.193105738847485
2139,-15.193105738847485
2140,-15.193105738847485
2141,-15.193105738847485
2142,-15.193105738847485
2143,-15.193105738847485
2144,-15.193105738847485
2145,-15.193105738847485
2146,-15.193105738847485
2147,-15.193105738847485
2148,-15.193105738847485
2149,-15.193105738847485
2150,-15.193105738847485
2151,-15.193105738847485
2152,-15.193105738847485
2153,-15.193105738847485
2154,-15.193105738847485
2155,-15.193105738847485
2156,-15.193105738847485
2157,-15.193105738847485
2158,-15.193105738847485
2159,-15.193105738847485
2160,-15.193105738847485
2161,-15.193105738847485
2162,-15.193105738847485
2163,-15.193105738847485
2164,-15.193105738847485
2165,-15.193105738847485
2166,-15.193105738847485
2167,-15.193105738847485
2168,-15.193105738847485
2169,-15.193105738847485
2170,-15.193105738847485
2171,-15.193105738847485
2172,-15.193105738847485
2173,-15.193105738847485
2174,-15.193105738847485
2175,-15.193105738847485
2176,-15.193105738847485
2177,-15.193105738847485
2178,-15.193105738847485
2179,-15.193105738847485
2180,-15.193105738847485
2181,-15.193105738847485
2182,-15.193105738847485
2183,-15.193105738847485
2184,-15.193105738847485
2185,-15.193105738847485
2186,-15.193105738847485
2187,-15.193105738847485
2188,-15.193105738847485
2189,-15.193105738847485
2190,-15.193105738847485
2191,-15.193105738847485
2192,-15.193105738847485
2193,-15.193105738847485
2194,-15.193105738847485
2195,-15.193105738847485
2196,-15.193105738847485
2197,-15.193105738847485
2198,-15.193105738847485
2199,-15.193105738847485
2200,-15.193105738847485
2201,-15.193105738847485
2202,-15.193105738847485
2203,-15.193105738847485
2204,-15.193105738847485
2205,-15.193105738847485
2206,-15.193105738847485
2207,-15.193105738847485
2208,-15.193105738847485
2209,-15.193105738847485
2210,-15.193105738847485
2211,-15.193105738847485
2212,-15.193105738847485
2213,-15.193105738847485
2214,-15.193105738847485
2215,-15.193105738847485
2216,-15.193105738847485
2217,-15.193105738847485
2218,-15.193105738847485
2219,-15.193105738847485
2220,-15.193105738847485
2221,-15.193105738847485
2222,-15.193105738847485
2223,-15.193105738847485
2224,-15.193105738847485
2225,-15.193105738847485
2226,-15.193105738847485
2227,-15.193105738847485
2228,-15.193105738847485
2229,-15.193105738847485
2230,-15.193105738847485
2231,-15.193105738847485
2232,-15.193105738847485
2233,-15.193105738847485
2234,-15.193105738847485
2235,-15.193105738847485
2236,-15.193105738847485
2237,-15.193105738847485
2238,-15.193105738847485
2239,-15.193105738847485
2240,-15.193105738847485
2241,-15.193105738847485
2242,-15.193105738847485
2243,-15.193105738847485
2244,-15.193105738847485
2245,-15.193105738847485
2246,-15.193105738847485
2247,-15.193105738847485
2248,-15.193105738847485
2249,-15.193105738847485
2250,-15.193105738847485
2251,-15.193105738847485
2252,-15.193105738847485
2253,-15.193105738847485
2254,-15.193105738847485
2255,-15.193105738847485
2256,-15.193105738847485
2257,-15.193105738847485
2258,-15.193105738847485
2259,-15.193105738847485
2260,-15.193105738847485
2261,-15.193105738847485
2262,-15.193105738847485
2263,-15.193105738847485
2264,-15.193105738847485
2265,-15.193105738847485
2266,-15.193105738847485
2267,-15.193105738847485
2268,-15.193105738847485
2269,-15.193105738847485
2270,-15.193105738847485
2271,-15.193105738847485
2272,-15.193105738847485
2273,-15.193105738847485
2274,-15.193105738847485
2275,-15.193105738847485
2276,-15.193105738847485
2277,-15.193105738847485
2278,-15.193105738847485
2279,-15.193105738847485
2280,-15.193105738847485
2281,-15.193105738847485
2282,-15.193105738847485
2283,-15.193105738847485
2284,-15.193105738847485
2285,-15.193105738847485
2286,-15.193105738847485
2287,-15.193105738847485
2288,-15.193105738847485
2289,-15.193105738847485
2290,-15.193105738847485
2291,-15.193105738847485
2292,-15.193105738847485
2293,-15.193105738847485
2294,-15.193105738847485
2295,-15.193105738847485
2296,-15.193105738847485
2297,-15.193105738847485
2298,-15.193105738847485
2299,-15.193105738847485
2300,-15.193105738847485
2301,-15.193105738847485
2302,-15.193105738847485
2303,-15.193105738847485
2304,-15.193105738847485
2305,-15.193105738847485
2306,-15.193105738847485
2307,-15.193105738847485
2308,-15.193105738847485
2309,-15.193105738847485
2310,-15.193105738847485
2311,-15.193105738847485
2312,-15.193105738847485
2313,-15.193105738847485
2314,-15.193105738847485
2315,-15.193105738847485
2316,-15.193105738847485
2317,-15.193105738847485
2318,-15.193105738847485
2319,-15.193105738847485
2320,-15.193105738847485
2321,-15.193105738847485
2322,-15.193105738847485
2323,-15.193105738847485
2324,-15.193105738847485
2325,-15.193105738847485
2326,-15.193105738847485
2327,-15.193105738847485
2328,-15.193105738847485
2329,-15.193105738847485
2330,-15.193105738847485
2331,-15.193105738847485
2332,-15.193105738847485
2333,-15.193105738847485
2334,-15.193105738847485
2335,-15.193105738847485
2336,-15.193105738847485
2337,-15.193105738847485
2338,-15.193105738847485
2339,-15.193105738847485
2340,-15.193105738847485
2341,-15.193105738847485
2342,-15.193105738847485
2343,-15.193105738847485
2344,-15.193105738847485
2345,-15.193105738847485
2346,-15.193105738847485
2347,-15.193105738847485
2348,-15.193105738847485
2349,-15.193105738847485
2350,-15.193105738847485
2351,-15.193105738847485
2352,-15.193105738847485
2353,-15.193105738847485
2354,-15.193105738847485
2355,-15.193105738847485
2356,-15.193105738847485
2357,-15.193105738847485
2358,-15.193105738847485
2359,-15.193105738847485
2360,-15.193105738847485
2361,-15.193105738847485
2362,-15.193105738847485
2363,-15.193105738847485
2364,-15.193105738847485
2365,-15.193105738847485
2366,-15.193105738847485
2367,-15.193105738847485
2368,-15.193105738847485
2369,-15.193105738847485
2370,-15.193105738847485
2371,-15.193105738847485
2372,-15.193105738847485
2373,-15.193105738847485
2374,-15.193105738847485
2375,-15.193105738847485
2376,-15.193105738847485
2377,-15.193105738847485
2378,-15.193105738847485
2379,-15.193105738847485
2380,-15.193105738847485
2381,-15.193105738847485
2382,-15.193105738847485
2383,-15.193105738847485
2384,-15.193105738847485
2385,-15.193105738847485
2386,-15.193105738847485
2387,-15.193105738847485
2388,-15.193105738847485
2389,-15.193105738847485
2390,-15.193105738847485
2391,-15.193105738847485
2392,-15.193105738847485
2393,-15.193105738847485
2394,-15.193105738847485
2395,-15.193105738847485
2396,-15.193105738847485
2397,-15.193105738847485
2398,-15.193105738847485
2399,-15.193105738847485
2400,-15.193105738847485
2401,-15.193105738847485
2402,-15.193105738847485
2403,-15.193105738847485
2404,-15.193105738847485
2405,-15.193105738847485
2406,-15.193105738847485
2407,-15.193105738847485
2408,-15.193105738847485
2409,-15.193105738847485
2410,-15.193105738847485
2411,-15.193105738847485
2412,-15.193105738847485
2413,-15.193105738847485
2414,-15.193105738847485
2415,-15.193105738847485
2416,-15.193105738847485
2417,-15.193105738847485
2418,-15.193105738847485
2419,-15.193105738847485
2420,-15.193105738847485
2421,-15.193105738847485
2422,-15.193105738847485
2423,-15.193105738847485
2424,-15.193105738847485
2425,-15.193105738847485
2426,-15.193105738847485
2427,-15.193105738847485
2428,-15.193105738847485
2429,-15.193105738847485
2430,-15.193105738847485
2431,-15.193105738847485
2432,-15.193105738847485
2433,-15.193105738847485
2434,-15.193105738847485
2435,-15.193105738847485
2436,-15.193105738847485
2437,-15.193105738847485
2438,-15.193105738847485
2439,-15.193105738847485
2440,-15.193105738847485
2441,-15.193105738847485
2442,-15.193105738847485
2443,-15.193105738847485
2444,-15.193105738847485
2445,-15.193105738847485
2446,-15.193105738847485
2447,-15.193105738847485
2448,-15.193105738847485
2449,-15.193105738847485
2450,-15.193105738847485
2451,-15.193105738847485
2452,-15.193105738847485
2453,-15.193105738847485
2454,-15.193105738847485
2455,-15.193105738847485
2456,-15.193105738847485
2457,-15.193105738847485
2458,-15.193105738847485
2459,-15.193105738847485
2460,-15.193105738847485
2461,-15.193105738847485
2462,-15.193105738847485
2463,-15.193105738847485
2464,-15.193105738847485
2465,-15.193105738847485
2466,-15.193105738847485
2467,-15.193105738847485
2468,-15.193105738847485
2469,-15.193105738847485
2470,-15.193105738847485
2471,-15.193105738847485
2472,-15.193105738847485
2473,-15.193105738847485
2474,-15.193105738847485
2475,-15.193105738847485
2476,-15.193105738847485
2477,-15.193105738847485
2478,-15.193105738847485
2479,-15.193105738847485
2480,-15.193105738847485
2481,-15.193105738847485
2482,-15.193105738847485
2483,-15.193105738847485
2484,-15.193105738847485
2485,-15.193105738847485
2486,-15.193105738847485
2487,-15.193105738847485
2488,-15.193105738847485
2489,-15.193105738847485
2490,-15.193105738847485
2491,-15.193105738847485
2492,-15.193105738847485
2493,-15.193105738847485
2494,-15.193105738847485
2495,-15.193105738847485
2496,-15.193105738847485
2497,-15.193105738847485
2498,-15.193105738847485
2499,-15.193105738847485
2500,-15.193105738847485
2501,-15.193105738847485
2502,-15.193105738847485
2503,-15.193105738847485
2504,-15.193105738847485
2505,-15.193105738847485
2506,-15.193105738847485
2507,-15.193105738847485
2508,-15.193105738847485
2509,-15.193105738847485
2510,-15.193105738847485
2511,-15.193105738847485
2512,-15.193105738847485
2513,-15.193105738847485
2514,-15.193105738847485
2515,-15.193105738847485
2516,-15.193105738847485
2517,-15.193105738847485
2518,-15.193105738847485
2519,-15.193105738847485
2520,-15.193105738847485
2521,-15.193105738847485
2522,-15.193105738847485
2523,-15.193105738847485
2524,-15.193105738847485
2525,-15.193105738847485
2526,-15.193105738847485
2527,-15.193105738847485
2528,-15.193105738847485
2529,-15.193105738847485
2530,-15.193105738847485
2531,-15.193105738847485
2532,-15.193105738847485
2533,-15.193105738847485
2534,-15.193105738847485
2535,-15.193105738847485
2536,-15.193105738847485
2537,-15.193105738847485
2538,-15.193105738847485
2539,-15.193105738847485
2540,-15.193105738847485
2541,-15.193105738847485
2542,-15.193105738847485
2543,-15.193105738847485
2544,-15.193105738847485
2545,-15.193105738847485
2546,-15.193105738847485
2547,-15.193105738847485
2548,-15.193105738847485
2549,-15.193105738847485
2550,-15.193105738847485
2551,-15.193105738847485
2552,-15.193105738847485
2553,-15.193105738847485
2554,-15.193105738847485
2555,-15.193105738847485
2556,-15.193105738847485
2557,-15.193105738847485
2558,-15.193105738847485
2559,-15.193105738847485
2560,-15.193105738847485
2561,-15.193105738847485
2562,-15.193105738847485
2563,-15.193105738847485
2564,-15.193105738847485
2565,-15.193105738847485
2566,-15.193105738847485
2567,-15.193105738847485
2568,-15.193105738847485
2569,-15.193105738847485
2570,-15.193105738847485
2571,-15.193105738847485
2572,-15.193105738847485
2573,-15.193105738847485
2574,-15.193105738847485
2575,-15.193105738847485
2576,-15.193105738847485
2577,-15.193105738847485
2578,-15.193105738847485
2579,-15.193105738847485
2580,-15.193105738847485
2581,-15.193105738847485
2582,-15.193105738847485
2583,-15.193105738847485
2584,-15.193105738847485
2585,-15.193105738847485
2586,-15.193105738847485
2587,-15.193105738847485
2588,-15.193105738847485
2589,-15.193105738847485
2590,-15.193105738847485
2591,-15.193105738847485
2592,-15.193105738847485
2593,-15.193105738847485
2594,-15.193105738847485
2595,-15.193105738847485
2596,-15.193105738847485
2597,-15.193105738847485
2598,-15.193105738847485
2599,-15.193105738847485
2600,-15.193105738847485
2601,-15.193105738847485
2602,-15.193105738847485
2603,-15.193105738847485
2604,-15.193105738847485
2605,-15.193105738847485
2606,-15.193105738847485
2607,-15.193105738847485
2608,-15.193105738847485
2609,-15.193105738847485
2610,-15.193105738847485
2611,-15.193105738847485
2612,-15.193105738847485
2613,-15.193105738847485
2614,-15.193105738847485
2615,-15.193105738847485
2616,-15.193105738847485
2617,-15.193105738847485
2618,-15.193105738847485
2619,-15.193105738847485
2620,-15.193105738847485
2621,-15.193105738847485
2622,-15.193105738847485
2623,-15.193105738847485
2624,-15.193105738847485
2625,-15.193105738847485
2626,-15.193105738847485
2627,-15.193105738847485
2628,-15.193105738847485
2629,-15.193105738847485
2630,-15.193105738847485
2631,-15.193105738847485
2632,-15.193105738847485
2633,-15.193105738847485
2634,-15.193105738847485
2635,-15.193105738847485
2636,-15.193105738847485
2637,-15.193105738847485
2638,-15.193105738847485
2639,-15.193105738847485
2640,-15.193105738847485
2641,-15.193105738847485
2642,-15.193105738847485
2643,-15.193105738847485
2644,-15.193105738847485
2645,-15.193105738847485
2646,-15.193105738847485
2647,-15.193105738847485
2648,-15.193105738847485
2649,-15.193105738847485
2650,-15.193105738847485
2651,-15.193105738847485
2652,-15.193105738847485
2653,-15.193105738847485
2654,-15.193105738847485
2655,-15.193105738847485
2656,-15.193105738847485
2657,-15.193105738847485
2658,-15.193105738847485
2659,-15.193105738847485
2660,-15.193105738847485
2661,-15.193105738847485
2662,-15.193105738847485
2663,-15.193105738847485
2664,-15.193105738847485
2665,-15.193105738847485
2666,-15.193105738847485
2667,-15.193105738847485
2668,-15.193105738847485
2669,-15.193105738847485
2670,-15.193105738847485
2671,-15.193105738847485
2672,-15.193105738847485
2673,-15.193105738847485
2674,-15.193105738847485
2675,-15.193105738847485
2676,-15.193105738847485
2677,-15.193105738847485
2678,-15.193105738847485
2679,-15.193105738847485
2680,-15.193105738847485
2681,-15.193105738847485
2682,-15.193105738847485
2683,-15.193105738847485
2684,-15.193105738847485
2685,-15.193105738847485
2686,-15.193105738847485
2687,-15.193105738847485
2688,-15.193105738847485
2689,-15.193105738847485
2690,-15.193105738847485
2691,-15.193105738847485
2692,-15.193105738847485
2693,-15.193105738847485
2694,-15.193105738847485
2695,-15.193105738847485
2696,-15.193105738847485
2697,-15.193105738847485
2698,-15.193105738847485
2699,-15.193105738847485
2700,-15.193105738847485
2701,-15.193105738847485
2702,-15.193105738847485
2703,-15.193105738847485
2704,-15.193105738847485
2705,-15.193105738847485
2706,-15.193105738847485
2707,-15.193105738847485
2708,-15.193105738847485
2709,-15.193105738847485
2710,-15.193105738847485
2711,-15.193105738847485
2712,-15.193105738847485
2713,-15.193105738847485
2714,-15.193105738847485
2715,-15.193105738847485
2716,-15.193105738847485
2717,-15.193105738847485
2718,-15.193105738847485
2719,-15.193105738847485
2720,-15.193105738847485
2721,-15.193105738847485
2722,-15.193105738847485
2723,-15.193105738847485
2724,-15.193105738847485
2725,-15.193105738847485
2726,-15.193105738847485
2727,-15.193105738847485
2728,-15.193105738847485
2729,-15.193105738847485
2730,-15.193105738847485
2731,-15.193105738847485
2732,-15.193105738847485
2733,-15.193105738847485
2734,-15.193105738847485
2735,-15.193105738847485
2736,-15.193105738847485
2737,-15.193105738847485
2738,-15.193105738847485
2739,-15.193105738847485
2740,-15.193105738847485
2741,-15.193105738847485
2742,-15.193105738847485
2743,-15.193105738847485
2744,-15.193105738847485
2745,-15.193105738847485
2746,-15.193105738847485
2747,-15.193105738847485
2748,-15.193105738847485
2749,-15.193105738847485
2750,-15.193105738847485
2751,-15.193105738847485
2752,-15.193105738847485
2753,-15.193105738847485
2754,-15.193105738847485
2755,-15.193105738847485
2756,-15.193105738847485
2757,-15.193105738847485
2758,-15.193105738847485
2759,-15.193105738847485
2760,-15.193105738847485
2761,-15.193105738847485
2762,-15.193105738847485
2763,-15.193105738847485
2764,-15.193105738847485
2765,-15.193105738847485
2766,-15.193105738847485
2767,-15.193105738847485
2768,-15.193105738847485
2769,-15.193105738847485
2770,-15.193105738847485
2771,-15.193105738847485
2772,-15.193105738847485
2773,-15.193105738847485
2774,-15.193105738847485
2775,-15.193105738847485
2776,-15.193105738847485
2777,-15.193105738847485
2778,-15.193105738847485
2779,-15.193105738847485
2780,-15.193105738847485
2781,-15.193105738847485
2782,-15.193105738847485
2783,-15.193105738847485
2784,-15.193105738847485
2785,-15.193105738847485
2786,-15.193105738847485
2787,-15.193105738847485
2788,-15.193105738847485
2789,-15.193105738847485
2790,-15.193105738847485
2791,-15.193105738847485
2792,-15.193105738847485
2793,-15.193105738847485
2794,-15.193105738847485
2795,-15.193105738847485
2796,-15.193105738847485
2797,-15.193105738847485
2798,-15.193105738847485
2799,-15.193105738847485
2800,-15.193105738847485
2801,-15.193105738847485
2802,-15.193105738847485
2803,-15.193105738847485
2804,-15.193105738847485
2805,-15.193105738847485
2806,-15.193105738847485
2807,-15.193105738847485
2808,-15.193105738847485
2809,-15.193105738847485
2810,-15.193105738847485
2811,-15.193105738847485
2812,-15.193105738847485
2813,-15.193105738847485
2814,-15.193105738847485
2815,-15.193105738847485
2816,-15.193105738847485
2817,-15.193105738847485
2818,-15.193105738847485
2819,-15.193105738847485
2820,-15.193105738847485
2821,-15.193105738847485
2822,-15.193105738847485
2823,-15.193105738847485
2824,-15.193105738847485
2825,-15.193105738847485
2826,-15.193105738847485
2827,-15.193105738847485
2828,-15.193105738847485
2829,-15.193105738847485
2830,-15.193105738847485
2831,-15.193105738847485
2832,-15.193105738847485
2833,-15.193105738847485
2834,-15.193105738847485
2835,-15.193105738847485
2836,-15.193105738847485
2837,-15.193105738847485
2838,-15.193105738847485
2839,-15.193105738847485
2840,-15.193105738847485
2841,-15.193105738847485
2842,-15.193105738847485
2843,-15.193105738847485
2844,-15.193105738847485
2845,-15.193105738847485
2846,-15.193105738847485
2847,-15.193105738847485
2848,-15.193105738847485
2849,-15.193105738847485
2850,-15.193105738847485
2851,-15.193105738847485
2852,-15.193105738847485
2853,-15.193105738847485
2854,-15.193105738847485
2855,-15.193105738847485
2856,-15.193105738847485
2857,-15.193105738847485
2858,-15.193105738847485
2859,-15.193105738847485
2860,-15.193105738847485
2861,-15.193105738847485
2862,-15.193105738847485
2863,-15.193105738847485
2864,-15.193105738847485
2865,-15.193105738847485
2866,-15.193105738847485
2867,-15.193105738847485
2868,-15.193105738847485
2869,-15.193105738847485
2870,-15.193105738847485
2871,-15.193105738847485
2872,-15.193105738847485
2873,-15.193105738847485
2874,-15.193105738847485
2875,-15.193105738847485
2876,-15.193105738847485
2877,-15.193105738847485
2878,-15.193105738847485
2879,-15.193105738847485
2880,-15.193105738847485
2881,-15.193105738847485
2882,-15.193105738847485
2883,-15.193105738847485
2884,-15.193105738847485
2885,-15.193105738847485
2886,-15.193105738847485
2887,-15.193105738847485
2888,-15.193105738847485
2889,-15.193105738847485
2890,-15.193105738847485
2891,-15.193105738847485
2892,-15.193105738847485
2893,-15.193105738847485
2894,-15.193105738847485
2895,-15.193105738847485
2896,-15.193105738847485
2897,-15.193105738847485
2898,-15.193105738847485
2899,-15.193105738847485
2900,-15.193105738847485
2901,-15.193105738847485
2902,-15.193105738847485
2903,-15.193105738847485
2904,-15.193105738847485
2905,-15.193105738847485
2906,-15.193105738847485
2907,-15.193105738847485
2908,-15.193105738847485
2909,-15.193105738847485
2910,-15.193105738847485
2911,-15.193105738847485
2912,-15.193105738847485
2913,-15.193105738847485
2914,-15.193105738847485
2915,-15.193105738847485
2916,-15.193105738847485
2917,-15.193105738847485
2918,-15.193105738847485
2919,-15.193105738847485
2920,-15.193105738847485
2921,-15.193105738847485
2922,-15.193105738847485
2923,-15.193105738847485
2924,-15.193105738847485
2925,-15.193105738847485
2926,-15.193105738847485
2927,-15.193105738847485
2928,-15.193105738847485
2929,-15.193105738847485
2930,-15.193105738847485
2931,-15.193105738847485
2932,-15.193105738847485
2933,-15.193105738847485
2934,-15.193105738847485
2935,-15.193105738847485
2936,-15.193105738847485
2937,-15.193105738847485
2938,-15.193105738847485
2939,-15.193105738847485
2940,-15.193105738847485
2941,-15.193105738847485
2942,-15.193105738847485
2943,-15.193105738847485
2944,-15.193105738847485
2945,-15.193105738847485
2946,-15.193105738847485
2947,-15.193105738847485
2948,-15.193105738847485
2949,-15.193105738847485
2950,-15.193105738847485
2951,-15.193105738847485
2952,-15.193105738847485
2953,-15.193105738847485
2954,-15.193105738847485
2955,-15.193105738847485
2956,-15.193105738847485
2957,-15.193105738847485
2958,-15.193105738847485
2959,-15.193105738847485
2960,-15.193105738847485
2961,-15.193105738847485
2962,-15.193105738847485
2963,-15.193105738847485
2964,-15.193105738847485
2965,-15.193105738847485
2966,-15.193105738847485
2967,-15.193105738847485
2968,-15.193105738847485
2969,-15.193105738847485
2970,-15.193105738847485
2971,-15.193105738847485
2972,-15.193105738847485
2973,-15.193105738847485
2974,-15.193105738847485
2975,-15.193105738847485
2976,-15.193105738847485
2977,-15.193105738847485
2978,-15.193105738847485
2979,-15.193105738847485
2980,-15.193105738847485
2981,-15.193105738847485
2982,-15.193105738847485
2983,-15.193105738847485
2984,-15.193105738847485
2985,-15.193105738847485
2986,-15.193105738847485
2987,-15.193105738847485
2988,-15.193105738847485
2989,-15.193105738847485
2990,-15.193105738847485
2991,-15.193105738847485
2992,-15.193105738847485
2993,-15.193105738847485
2994,-15.193105738847485
2995,-15.193105738847485
2996,-15.193105738847485
2997,-15.193105738847485
2998,-15.193105738847485
2999,-15.193105738847485
3000,-15.193105738847485
3001,-15.193105738847485
3002,-15.193105738847485
3003,-15.193105738847485
3004,-15.193105738847485
3005,-15.193105738847485
3006,-15.193105738847485
3007,-15.193105738847485
3008,-15.193105738847485
3009,-15.193105738847485
3010,-15.193105738847485
3011,-15.193105738847485
3012,-15.193105738847485
3013,-15.193105738847485
3014,-15.193105738847485
3015,-15.193105738847485
3016,-15.193105738847485
3017,-15.193105738847485
3018,-15.193105738847485
3019,-15.193105738847485
3020,-15.193105738847485
3021,-15.193105738847485
3022,-15.193105738847485
3023,-15.193105738847485
3024,-15.193105738847485
3025,-15.193105738847485
3026,-15.193105738847485
3027,-15.193105738847485
3028,-15.193105738847485
3029,-15.193105738847485
3030,-15.193105738847485
3031,-15.193105738847485
3032,-15.193105738847485
3033,-15.193105738847485
3034,-15.193105738847485
3035,-15.193105738847485
3036,-15.193105738847485
3037,-15.193105738847485
3038,-15.193105738847485
3039,-15.193105738847485
3040,-15.193105738847485
3041,-15.193105738847485
3042,-15.193105738847485
3043,-15.193105738847485
3044,-15.193105738847485
3045,-15.193105738847485
3046,-15.193105738847485
3047,-15.193105738847485
3048,-15.193105738847485
3049,-15.193105738847485
3050,-15.193105738847485
3051,-15.193105738847485
3052,-15.193105738847485
3053,-15.193105738847485
3054,-15.193105738847485
3055,-15.193105738847485
3056,-15.193105738847485
3057,-15.193105738847485
3058,-15.193105738847485
3059,-15.193105738847485
3060,-15.193105738847485
3061,-15.193105738847485
3062,-15.193105738847485
3063,-15.193105738847485
3064,-15.193105738847485
3065,-15.193105738847485
3066,-15.193105738847485
3067,-15.193105738847485
3068,-15.193105738847485
3069,-15.193105738847485
3070,-15.193105738847485
3071,-15.193105738847485
3072,-15.193105738847485
3073,-15.193105738847485
3074,-15.193105738847485
3075,-15.193105738847485
3076,-15.193105738847485
3077,-15.193105738847485
3078,-15.193105738847485
3079,-15.193105738847485
3080,-15.193105738847485
3081,-15.193105738847485
3082,-15.193105738847485
3083,-15.193105738847485
3084,-15.193105738847485
3085,-15.193105738847485
3086,-15.193105738847485
3087,-15.193105738847485
3088,-15.193105738847485
3089,-15.193105738847485
3090,-15.193105738847485
3091,-15.193105738847485
3092,-15.193105738847485
3093,-15.193105738847485
3094,-15.193105738847485
3095,-15.193105738847485
3096,-15.193105738847485
3097,-15.193105738847485
3098,-15.193105738847485
3099,-15.193105738847485
3100,-15.193105738847485
3101,-15.193105738847485
3102,-15.193105738847485
3103,-15.193105738847485
3104,-15.193105738847485
3105,-15.193105738847485
3106,-15.193105738847485
3107,-15.193105738847485
3108,-15.193105738847485
3109,-15.193105738847485
3110,-15.193105738847485
3111,-15.193105738847485
3112,-15.193105738847485
3113,-15.193105738847485
3114,-15.193105738847485
3115,-15.193105738847485
3116,-15.193105738847485
3117,-15.193105738847485
3118,-15.193105738847485
3119,-15.193105738847485
3120,-15.193105738847485
3121,-15.193105738847485
3122,-15.193105738847485
3123,-15.193105738847485
3124,-15.193105738847485
3125,-15.193105738847485
3126,-15.193105738847485
3127,-15.193105738847485
3128,-15.193105738847485
3129,-15.193105738847485
3130,-15.193105738847485
3131,-15.193105738847485
3132,-15.193105738847485
3133,-15.193105738847485
3134,-15.193105738847485
3135,-15.193105738847485
3136,-15.193105738847485
3137,-15.193105738847485
3138,-15.193105738847485
3139,-15.193105738847485
3140,-15.193105738847485
3141,-15.193105738847485
3142,-15.193105738847485
3143,-15.193105738847485
3144,-15.193105738847485
3145,-15.193105738847485
3146,-15.193105738847485
3147,-15.193105738847485
3148,-15.193105738847485
3149,-15.193105738847485
3150,-15.193105738847485
3151,-15.193105738847485
3152,-15.193105738847485
3153,-15.193105738847485
3154,-15.193105738847485
3155,-15.193105738847485
3156,-15.193105738847485
3157,-15.193105738847485
3158,-15.193105738847485
3159,-15.193105738847485
3160,-15.193105738847485
3161,-15.193105738847485
3162,-15.193105738847485
3163,-15.193105738847485
3164,-15.193105738847485
3165,-15.193105738847485
3166,-15.193105738847485
3167,-15.193105738847485
3168,-15.193105738847485
3169,-15.193105738847485
3170,-15.193105738847485
3171,-15.193105738847485
3172,-15.193105738847485
3173,-15.193105738847485
3174,-15.193105738847485
3175,-15.193105738847485
3176,-15.193105738847485
3177,-15.193105738847485
3178,-15.193105738847485
3179,-15.193105738847485
3180,-15.193105738847485
3181,-15.193105738847485
3182,-15.193105738847485
3183,-15.193105738847485
3184,-15.193105738847485
3185,-15.193105738847485
3186,-15.193105738847485
3187,-15.193105738847485
3188,-15.193105738847485
3189,-15.193105738847485
3190,-15.193105738847485
3191,-15.193105738847485
3192,-15.193105738847485
3193,-15.193105738847485
3194,-15.193105738847485
3195,-15.193105738847485
3196,-15.193105738847485
3197,-15.193105738847485
3198,-15.193105738847485
3199,-15.193105738847485
3200,-15.193105738847485
3201,-15.193105738847485
3202,-15.193105738847485
3203,-15.193105738847485
3204,-15.193105738847485
3205,-15.193105738847485
3206,-15.193105738847485
3207,-15.193105738847485
3208,-15.193105738847485
3209,-15.193105738847485
3210,-15.193105738847485
3211,-15.193105738847485
3212,-15.193105738847485
3213,-15.193105738847485
3214,-15.193105738847485
3215,-15.193105738847485
3216,-15.193105738847485
3217,-15.193105738847485
3218,-15.193105738847485
3219,-15.193105738847485
3220,-15.193105738847485
3221,-15.193105738847485
3222,-15.193105738847485
3223,-15.193105738847485
3224,-15.193105738847485
3225,-15.193105738847485
3226,-15.193105738847485
3227,-15.193105738847485
3228,-15.193105738847485
3229,-15.193105738847485
3230,-15.193105738847485
3231,-15.193105738847485
3232,-15.193105738847485
3233,-15.193105738847485
3234,-15.193105738847485
3235,-15.193105738847485
3236,-15.193105738847485
3237,-15.193105738847485
3238,-15.193105738847485
3239,-15.193105738847485
3240,-15.193105738847485
3241,-15.193105738847485
3242,-15.193105738847485
3243,-15.193105738847485
3244,-15.193105738847485
3245,-15.193105738847485
3246,-15.193105738847485
3247,-15.193105738847485
3248,-15.193105738847485
3249,-15.193105738847485
3250,-15.193105738847485
3251,-15.193105738847485
3252,-15.193105738847485
3253,-15.193105738847485
3254,-15.193105738847485
3255,-15.193105738847485
3256,-15.193105738847485
3257,-15.193105738847485
3258,-15.193105738847485
3259,-15.193105738847485
3260,-15.193105738847485
3261,-15.193105738847485
3262,-15.193105738847485
3263,-15.193105738847485
3264,-15.193105738847485
3265,-15.193105738847485
3266,-15.193105738847485
3267,-15.193105738847485
3268,-15.193105738847485
3269,-15.193105738847485
3270,-15.193105738847485
3271,-15.193105738847485
3272,-15.193105738847485
3273,-15.193105738847485
3274,-15.193105738847485
3275,-15.193105738847485
3276,-15.193105738847485
3277,-15.193105738847485
3278,-15.193105738847485
3279,-15.193105738847485
3280,-15.193105738847485
3281,-15.193105738847485
3282,-15.193105738847485
3283,-15.193105738847485
3284,-15.193105738847485
3285,-15.193105738847485
3286,-15.193105738847485
3287,-15.193105738847485
3288,-15.193105738847485
3289,-15.193105738847485
3290,-15.193105738847485
3291,-15.193105738847485
3292,-15.193105738847485
3293,-15.193105738847485
3294,-15.193105738847485
3295,-15.193105738847485
3296,-15.193105738847485
3297,-15.193105738847485
3298,-15.193105738847485
3299,-15.193105738847485
3300,-15.193105738847485
3301,-15.193105738847485
3302,-15.193105738847485
3303,-15.193105738847485
3304,-15.193105738847485
3305,-15.193105738847485
3306,-15.193105738847485
3307,-15.193105738847485
3308,-15.193105738847485
3309,-15.193105738847485
3310,-15.193105738847485
3311,-15.193105738847485
3312,-15.193105738847485
3313,-15.193105738847485
3314,-15.193105738847485
3315,-15.193105738847485
3316,-15.193105738847485
3317,-15.193105738847485
3318,-15.193105738847485
3319,-15.193105738847485
3320,-15.193105738847485
3321,-15.193105738847485
3322,-15.193105738847485
3323,-15.193105738847485
3324,-15.193105738847485
3325,-15.193105738847485
3326,-15.193105738847485
3327,-15.193105738847485
3328,-15.193105738847485
3329,-15.193105738847485
3330,-15.193105738847485
3331,-15.193105738847485
3332,-15.193105738847485
3333,-15.193105738847485
3334,-15.193105738847485
3335,-15.193105738847485
3336,-15.193105738847485
3337,-15.193105738847485
3338,-15.193105738847485
3339,-15.193105738847485
3340,-15.193105738847485
3341,-15.193105738847485
3342,-15.193105738847485
3343,-15.193105738847485
3344,-15.193105738847485
3345,-15.193105738847485
3346,-15.193105738847485
3347,-15.193105738847485
3348,-15.193105738847485
3349,-15.193105738847485
3350,-15.193105738847485
3351,-15.193105738847485
3352,-15.193105738847485
3353,-15.193105738847485
3354,-15.193105738847485
3355,-15.193105738847485
3356,-15.193105738847485
3357,-15.193105738847485
3358,-15.193105738847485
3359,-15.193105738847485
3360,-15.193105738847485
3361,-15.193105738847485
3362,-15.193105738847485
3363,-15.193105738847485
3364,-15.193105738847485
3365,-15.193105738847485
3366,-15.193105738847485
3367,-15.193105738847485
3368,-15.193105738847485
3369,-15.193105738847485
3370,-15.193105738847485
3371,-15.193105738847485
3372,-15.193105738847485
3373,-15.193105738847485
3374,-15.193105738847485
3375,-15.193105738847485
3376,-15.193105738847485
3377,-15.193105738847485
3378,-15.193105738847485
3379,-15.193105738847485
3380,-15.193105738847485
3381,-15.193105738847485
3382,-15.193105738847485
3383,-15.193105738847485
3384,-15.193105738847485
3385,-15.193105738847485
3386,-15.193105738847485
3387,-15.193105738847485
3388,-15.193105738847485
3389,-15.193105738847485
3390,-15.193105738847485
3391,-15.193105738847485
3392,-15.193105738847485
3393,-15.193105738847485
3394,-15.193105738847485
3395,-15.193105738847485
3396,-15.193105738847485
3397,-15.193105738847485
3398,-15.193105738847485
3399,-15.193105738847485
3400,-15.193105738847485
3401,-15.193105738847485
3402,-15.193105738847485
3403,-15.193105738847485
3404,-15.193105738847485
3405,-15.193105738847485
3406,-15.193105738847485
3407,-15.193105738847485
3408,-15.193105738847485
3409,-15.193105738847485
3410,-15.193105738847485
3411,-15.193105738847485
3412,-15.193105738847485
3413,-15.193105738847485
3414,-15.193105738847485
3415,-15.193105738847485
3416,-15.193105738847485
3417,-15.193105738847485
3418,-15.193105738847485
3419,-15.193105738847485
3420,-15.193105738847485
3421,-15.193105738847485
3422,-15.193105738847485
3423,-15.193105738847485
3424,-15.193105738847485
3425,-15.193105738847485
3426,-15.193105738847485
3427,-15.193105738847485
3428,-15.193105738847485
3429,-15.193105738847485
3430,-15.193105738847485
3431,-15.193105738847485
3432,-15.193105738847485
3433,-15.193105738847485
3434,-15.193105738847485
3435,-15.193105738847485
3436,-15.193105738847485
3437,-15.193105738847485
3438,-15.193105738847485
3439,-15.193105738847485
3440,-15.193105738847485
3441,-15.193105738847485
3442,-15.193105738847485
3443,-15.193105738847485
3444,-15.193105738847485
3445,-15.193105738847485
3446,-15.193105738847485
3447,-15.193105738847485
3448,-15.193105738847485
3449,-15.193105738847485
3450,-15.193105738847485
3451,-15.193105738847485
3452,-15.193105738847485
3453,-15.193105738847485
3454,-15.193105738847485
3455,-15.193105738847485
3456,-15.193105738847485
3457,-15.193105738847485
3458,-15.193105738847485
3459,-15.193105738847485
3460,-15.193105738847485
3461,-15.193105738847485
3462,-15.193105738847485
3463,-15.193105738847485
3464,-15.193105738847485
3465,-15.193105738847485
3466,-15.193105738847485
3467,-15.193105738847485
3468,-15.193105738847485
3469,-15.193105738847485
3470,-15.193105738847485
3471,-15.193105738847485
3472,-15.193105738847485
3473,-15.193105738847485
3474,-15.193105738847485
3475,-15.193105738847485
3476,-15.193105738847485
3477,-15.193105738847485
3478,-15.193105738847485
3479,-15.193105738847485
3480,-15.193105738847485
3481,-15.193105738847485
3482,-15.193105738847485
3483,-15.193105738847485
3484,-15.193105738847485
3485,-15.193105738847485
3486,-15.193105738847485
3487,-15.193105738847485
3488,-15.193105738847485
3489,-15.193105738847485
3490,-15.193105738847485
3491,-15.193105738847485
3492,-15.193105738847485
3493,-15.193105738847485
3494,-15.193105738847485
3495,-15.193105738847485
3496,-15.193105738847485
3497,-15.193105738847485
3498,-15.193105738847485
3499,-15.193105738847485
3500,-15.193105738847485
3501,-15.193105738847485
3502,-15.193105738847485
3503,-15.193105738847485
3504,-15.193105738847485
3505,-15.193105738847485
3506,-15.193105738847485
3507,-15.193105738847485
3508,-15.193105738847485
3509,-15.193105738847485
3510,-15.193105738847485
3511,-15.193105738847485
3512,-15.193105738847485
3513,-15.193105738847485
3514,-15.193105738847485
3515,-15.193105738847485
3516,-15.193105738847485
3517,-15.193105738847485
3518,-15.193105738847485
3519,-15.193105738847485
3520,-15.193105738847485
3521,-15.193105738847485
3522,-15.193105738847485
3523,-15.193105738847485
3524,-15.193105738847485
3525,-15.193105738847485
3526,-15.193105738847485
3527,-15.193105738847485
3528,-15.193105738847485
3529,-15.193105738847485
3530,-15.193105738847485
3531,-15.193105738847485
3532,-15.193105738847485
3533,-15.193105738847485
3534,-15.193105738847485
3535,-15.193105738847485
3536,-15.193105738847485
3537,-15.193105738847485
3538,-15.193105738847485
3539,-15.193105738847485
3540,-15.193105738847485
3541,-15.193105738847485
3542,-15.193105738847485
3543,-15.193105738847485
3544,-15.193105738847485
3545,-15.193105738847485
3546,-15.193105738847485
3547,-15.193105738847485
3548,-15.193105738847485
3549,-15.193105738847485
3550,-15.193105738847485
3551,-15.193105738847485
3552,-15.193105738847485
3553,-15.193105738847485
3554,-15.193105738847485
3555,-15.193105738847485
3556,-15.193105738847485
3557,-15.193105738847485
3558,-15.193105738847485
3559,-15.193105738847485
3560,-15.193105738847485
3561,-15.193105738847485
3562,-15.193105738847485
3563,-15.193105738847485
3564,-15.193105738847485
3565,-15.193105738847485
3566,-15.193105738847485
3567,-15.193105738847485
3568,-15.193105738847485
3569,-15.193105738847485
3570,-15.193105738847485
3571,-15.193105738847485
3572,-15.193105738847485
3573,-15.193105738847485
3574,-15.193105738847485
3575,-15.193105738847485
3576,-15.193105738847485
3577,-15.193105738847485
3578,-15.193105738847485
3579,-15.193105738847485
3580,-15.193105738847485
3581,-15.193105738847485
3582,-15.193105738847485
3583,-15.193105738847485
3584,-15.193105738847485
3585,-15.193105738847485
3586,-15.193105738847485
3587,-15.193105738847485
3588,-15.193105738847485
3589,-15.193105738847485
3590,-15.193105738847485
3591,-15.193105738847485
3592,-15.193105738847485
3593,-15.193105738847485
3594,-15.193105738847485
3595,-15.193105738847485
3596,-15.193105738847485
3597,-15.193105738847485
3598,-15.193105738847485
3599,-15.193105738847485
3600,-15.193105738847485
3601,-15.193105738847485
3602,-15.193105738847485
3603,-15.193105738847485
3604,-15.193105738847485
3605,-15.193105738847485
3606,-15.193105738847485
3607,-15.193105738847485
3608,-15.193105738847485
3609,-15.193105738847485
3610,-15.193105738847485
3611,-15.193105738847485
3612,-15.193105738847485
3613,-15.193105738847485
3614,-15.193105738847485
3615,-15.193105738847485
3616,-15.193105738847485
3617,-15.193105738847485
3618,-15.193105738847485
3619,-15.193105738847485
3620,-15.193105738847485
3621,-15.193105738847485
3622,-15.193105738847485
3623,-15.193105738847485
3624,-15.193105738847485
3625,-15.193105738847485
3626,-15.193105738847485
3627,-15.193105738847485
3628,-15.193105738847485
3629,-15.193105738847485
3630,-15.193105738847485
3631,-15.193105738847485
3632,-15.193105738847485
3633,-15.193105738847485
3634,-15.193105738847485
3635,-15.193105738847485
3636,-15.193105738847485
3637,-15.193105738847485
3638,-15.193105738847485
3639,-15.193105738847485
3640,-15.193105738847485
3641,-15.193105738847485
3642,-15.193105738847485
3643,-15.193105738847485
3644,-15.193105738847485
3645,-15.193105738847485
3646,-15.193105738847485
3647,-15.193105738847485
3648,-15.193105738847485
3649,-15.193105738847485
3650,-15.193105738847485
3651,-15.193105738847485
3652,-15.193105738847485
3653,-15.193105738847485
3654,-15.193105738847485
3655,-15.193105738847485
3656,-15.193105738847485
3657,-15.193105738847485
3658,-15.193105738847485
3659,-15.193105738847485
3660,-15.193105738847485
3661,-15.193105738847485
3662,-15.193105738847485
3663,-15.193105738847485
3664,-15.193105738847485
3665,-15.193105738847485
3666,-15.193105738847485
3667,-15.193105738847485
3668,-15.193105738847485
3669,-15.193105738847485
3670,-15.193105738847485
3671,-15.193105738847485
3672,-15.193105738847485
3673,-15.193105738847485
3674,-15.193105738847485
3675,-15.193105738847485
3676,-15.193105738847485
3677,-15.193105738847485
3678,-15.193105738847485
3679,-15.193105738847485
3680,-15.193105738847485
3681,-15.193105738847485
3682,-15.193105738847485
3683,-15.193105738847485
3684,-15.193105738847485
3685,-15.193105738847485
3686,-15.193105738847485
3687,-15.193105738847485
3688,-15.193105738847485
3689,-15.193105738847485
3690,-15.193105738847485
3691,-15.193105738847485
3692,-15.193105738847485
3693,-15.193105738847485
3694,-15.193105738847485
3695,-15.193105738847485
3696,-15.193105738847485
3697,-15.193105738847485
3698,-15.193105738847485
3699,-15.193105738847485
3700,-15.193105738847485
3701,-15.193105738847485
3702,-15.193105738847485
3703,-15.193105738847485
3704,-15.193105738847485
3705,-15.193105738847485
3706,-15.193105738847485
3707,-15.193105738847485
3708,-15.193105738847485
3709,-15.193105738847485
3710,-15.193105738847485
3711,-15.193105738847485
3712,-15.193105738847485
3713,-15.193105738847485
3714,-15.193105738847485
3715,-15.193105738847485
3716,-15.193105738847485
3717,-15.193105738847485
3718,-15.193105738847485
3719,-15.193105738847485
3720,-15.193105738847485
3721,-15.193105738847485
3722,-15.193105738847485
3723,-15.193105738847485
3724,-15.193105738847485
3725,-15.193105738847485
3726,-15.193105738847485
3727,-15.193105738847485
3728,-15.193105738847485
3729,-15.193105738847485
3730,-15.193105738847485
3731,-15.193105738847485
3732,-15.193105738847485
3733,-15.193105738847485
3734,-15.193105738847485
3735,-15.193105738847485
3736,-15.193105738847485
3737,-15.193105738847485
3738,-15.193105738847485
3739,-15.193105738847485
3740,-15.193105738847485
3741,-15.193105738847485
3742,-15.193105738847485
3743,-15.193105738847485
3744,-15.193105738847485
3745,-15.193105738847485
3746,-15.193105738847485
3747,-15.193105738847485
3748,-15.193105738847485
3749,-15.193105738847485
3750,-15.193105738847485
3751,-15.193105738847485
3752,-15.193105738847485
3753,-15.193105738847485
3754,-15.193105738847485
3755,-15.193105738847485
3756,-15.193105738847485
3757,-15.193105738847485
3758,-15.193105738847485
3759,-15.193105738847485
3760,-15.193105738847485
3761,-15.193105738847485
3762,-15.193105738847485
3763,-15.193105738847485
3764,-15.193105738847485
3765,-15.193105738847485
3766,-15.193105738847485
3767,-15.193105738847485
3768,-15.193105738847485
3769,-15.193105738847485
3770,-15.193105738847485
3771,-15.193105738847485
3772,-15.193105738847485
3773,-15.193105738847485
3774,-15.193105738847485
3775,-15.193105738847485
3776,-15.193105738847485
3777,-15.193105738847485
3778,-15.193105738847485
3779,-15.193105738847485
3780,-15.193105738847485
3781,-15.193105738847485
3782,-15.193105738847485
3783,-15.193105738847485
3784,-15.193105738847485
3785,-15.193105738847485
3786,-15.193105738847485
3787,-15.193105738847485
3788,-15.193105738847485
3789,-15.193105738847485
3790,-15.193105738847485
3791,-15.193105738847485
3792,-15.193105738847485
3793,-15.193105738847485
3794,-15.193105738847485
3795,-15.193105738847485
3796,-15.193105738847485
3797,-15.193105738847485
3798,-15.193105738847485
3799,-15.193105738847485
3800,-15.193105738847485
3801,-15.193105738847485
3802,-15.193105738847485
3803,-15.193105738847485
3804,-15.193105738847485
3805,-15.193105738847485
3806,-15.193105738847485
3807,-15.193105738847485
3808,-15.193105738847485
3809,-15.193105738847485
3810,-15.193105738847485
3811,-15.193105738847485
3812,-15.193105738847485
3813,-15.193105738847485
3814,-15.193105738847485
3815,-15.193105738847485
3816,-15.193105738847485
3817,-15.193105738847485
3818,-15.193105738847485
3819,-15.193105738847485
3820,-15.193105738847485
3821,-15.193105738847485
3822,-15.193105738847485
3823,-15.193105738847485
3824,-15.193105738847485
3825,-15.193105738847485
3826,-15.193105738847485
3827,-15.193105738847485
3828,-15.193105738847485
3829,-15.193105738847485
3830,-15.193105738847485
3831,-15.193105738847485
3832,-15.193105738847485
3833,-15.193105738847485
3834,-15.193105738847485
3835,-15.193105738847485
3836,-15.193105738847485
3837,-15.193105738847485
3838,-15.193105738847485
3839,-15.193105738847485
3840,-15.193105738847485
3841,-15.193105738847485
3842,-15.193105738847485
3843,-15.193105738847485
3844,-15.193105738847485
3845,-15.193105738847485
3846,-15.193105738847485
3847,-15.193105738847485
3848,-15.193105738847485
3849,-15.193105738847485
3850,-15.193105738847485
3851,-15.193105738847485
3852,-15.193105738847485
3853,-15.193105738847485
3854,-15.193105738847485
3855,-15.193105738847485
3856,-15.193105738847485
3857,-15.193105738847485
3858,-15.193105738847485
3859,-15.193105738847485
3860,-15.193105738847485
3861,-15.193105738847485
3862,-15.193105738847485
3863,-15.193105738847485
3864,-15.193105738847485
3865,-15.193105738847485
3866,-15.193105738847485
3867,-15.193105738847485
3868,-15.193105738847485
3869,-15.193105738847485
3870,-15.193105738847485
3871,-15.193105738847485
3872,-15.193105738847485
3873,-15.193105738847485
3874,-15.193105738847485
3875,-15.193105738847485
3876,-15.193105738847485
3877,-15.193105738847485
3878,-15.193105738847485
3879,-15.193105738847485
3880,-15.193105738847485
3881,-15.193105738847485
3882,-15.193105738847485
3883,-15.193105738847485
3884,-15.193105738847485
3885,-15.193105738847485
3886,-15.193105738847485
3887,-15.193105738847485
3888,-15.193105738847485
3889,-15.193105738847485
3890,-15.193105738847485
3891,-15.193105738847485
3892,-15.193105738847485
3893,-15.193105738847485
3894,-15.193105738847485
3895,-15.193105738847485
3896,-15.193105738847485
3897,-15.193105738847485
3898,-15.193105738847485
3899,-15.193105738847485
3900,-15.193105738847485
3901,-15.193105738847485
3902,-15.193105738847485
3903,-15.193105738847485
3904,-15.193105738847485
3905,-15.193105738847485
3906,-15.193105738847485
3907,-15.193105738847485
3908,-15.193105738847485
3909,-15.193105738847485
3910,-15.193105738847485
3911,-15.193105738847485
3912,-15.193105738847485
3913,-15.193105738847485
3914,-15.193105738847485
3915,-15.193105738847485
3916,-15.193105738847485
3917,-15.193105738847485
3918,-15.193105738847485
3919,-15.193105738847485
3920,-15.193105738847485
3921,-15.193105738847485
3922,-15.193105738847485
3923,-15.193105738847485
3924,-15.193105738847485
3925,-15.193105738847485
3926,-15.193105738847485
3927,-15.193105738847485
3928,-15.193105738847485
3929,-15.193105738847485
3930,-15.193105738847485
3931,-15.193105738847485
3932,-15.193105738847485
3933,-15.193105738847485
3934,-15.193105738847485
3935,-15.193105738847485
3936,-15.193105738847485
3937,-15.193105738847485
3938,-15.193105738847485
3939,-15.193105738847485
3940,-15.193105738847485
3941,-15.193105738847485
3942,-15.193105738847485
3943,-15.193105738847485
3944,-15.193105738847485
3945,-15.193105738847485
3946,-15.193105738847485
3947,-15.193105738847485
3948,-15.193105738847485
3949,-15.193105738847485
3950,-15.193105738847485
3951,-15.193105738847485
3952,-15.193105738847485
3953,-15.193105738847485
3954,-15.193105738847485
3955,-15.193105738847485
3956,-15.193105738847485
3957,-15.193105738847485
3958,-15.193105738847485
3959,-15.193105738847485
3960,-15.193105738847485
3961,-15.193105738847485
3962,-15.193105738847485
3963,-15.193105738847485
3964,-15.193105738847485
3965,-15.193105738847485
3966,-15.193105738847485
3967,-15.193105738847485
3968,-15.193105738847485
3969,-15.193105738847485
3970,-15.193105738847485
3971,-15.193105738847485
3972,-15.193105738847485
3973,-15.193105738847485
3974,-15.193105738847485
3975,-15.193105738847485
3976,-15.193105738847485
3977,-15.193105738847485
3978,-15.193105738847485
3979,-15.193105738847485
3980,-15.193105738847485
3981,-15.193105738847485
3982,-15.193105738847485
3983,-15.193105738847485
3984,-15.193105738847485
3985,-15.193105738847485
3986,-15.193105738847485
3987,-15.193105738847485
3988,-15.193105738847485
3989,-15.193105738847485
3990,-15.193105738847485
3991,-15.193105738847485
3992,-15.193105738847485
3993,-15.193105738847485
3994,-15.193105738847485
3995,-15.193105738847485
3996,-15.193105738847485
3997,-15.193105738847485
3998,-15.193105738847485
3999,-15.193105738847485
4000,-15.193105738847485
