0 -6.691043089523165
1 -7.923499913944444
2 -8.723871570178478
3 -9.21336525847617
4 -9.388460301010399
5 -9.605601555045423
6 -9.759240867265719
7 -9.846467315688189
8 -9.97906274034867
9 -10.16289251256727
10 -10.27825483225723
11 -10.289368827431533
12 -10.42201296525266
13 -10.42314592786509
14 -10.5136076341832
15 -10.59602691444815
16 -10.718674310922939
17 -10.742127638758692
18 -10.761374805629035
19 -10.878885808721897
20 -10.984673732662554
21 -10.984673732662554
22 -11.058608033787072
23 -11.058608033787072
24 -11.13608538322082
25 -11.13608538322082
26 -11.14704276461261
27 -11.14704276461261
28 -11.14704276461261
29 -11.14704276461261
30 -11.153662003704248
31 -11.171529933730552
32 -11.171529933730552
33 -11.171529933730552
34 -11.220608523627956
35 -11.220608523627956
36 -11.220608523627956
37 -11.229824310247484
38 -11.236525961852376
39 -11.249795959939371
40 -11.249795959939371
41 -11.249795959939371
42 -11.267506829242935
43 -11.267506829242935
44 -11.267506829242935
45 -11.275123868549601
46 -11.275123868549601
47 -11.296261648102318
48 -11.313425238949414
49 -11.323700070352317
50 -11.34878386258821
51 -11.34878386258821
52 -11.34878386258821
53 -11.34878386258821
54 -11.370022519581019
55 -11.385979701551582
56 -11.414874007292518
57 -11.414874007292518
58 -11.44515280859539
59 -11.44515280859539
60 -11.457221844396654
61 -11.466294666623392
62 -11.487871810122828
63 -11.502184811591148
64 -11.502184811591148
65 -11.52459145942888
66 -11.52459145942888
67 -11.52514139813913
68 -11.5594922847907
69 -11.568938129551087
70 -11.61181815825095
71 -11.615893826227289
72 -11.615893826227289
73 -11.629161095981283
74 -11.629161095981283
75 -11.629161095981283
76 -11.629161095981283
77 -11.629161095981283
78 -11.637035767717224
79 -11.637035767717224
80 -11.6415131773489
81 -11.6415131773489
82 -11.64366824649302
83 -11.64366824649302
84 -11.64366824649302
85 -11.646095802972388
86 -11.681727028390828
87 -11.695571521104434
88 -11.695571521104434
89 -11.699173630263573
90 -11.699173630263573
91 -11.699173630263573
92 -11.704555622888185
93 -11.704555622888185
94 -11.717143983838081
95 -11.729091332229018
96 -11.731146865887156
97 -11.731146865887156
98 -11.753141690026407
99 -11.753141690026407
100 -11.760725542038829
101 -11.796478838283612
102 -11.796478838283612
103 -11.796478838283612
104 -11.804503955344895
105 -11.804503955344895
106 -11.82511305597297
107 -11.82511305597297
108 -11.82511305597297
109 -11.82511305597297
110 -11.83151769767587
111 -11.83151769767587
112 -11.85623692630292
113 -11.85623692630292
114 -11.85623692630292
115 -11.86156630450542
116 -11.86156630450542
117 -11.86156630450542
118 -11.86156630450542
119 -11.86156630450542
120 -11.86156630450542
121 -11.86156630450542
122 -11.86156630450542
123 -11.86156630450542
124 -11.86156630450542
125 -11.86156630450542
126 -11.86156630450542
127 -11.86156630450542
128 -11.86156630450542
129 -11.86156630450542
130 -11.86156630450542
131 -11.86156630450542
132 -11.86156630450542
133 -11.86156630450542
134 -11.86156630450542
135 -11.876511776028742
136 -11.876511776028742
137 -11.876511776028742
138 -11.876511776028742
139 -11.900283887621544
140 -11.900283887621544
141 -11.938633326193564
142 -11.952326246138968
143 -11.967983011329176
144 -12.0171270434294
145 -12.0171270434294
146 -12.0171270434294
147 -12.03926333033129
148 -12.03926333033129
149 -12.051343317803873
150 -12.051343317803873
151 -12.051343317803873
152 -12.051343317803873
153 -12.051343317803873
154 -12.062975703984142
155 -12.062975703984142
156 -12.062975703984142
157 -12.062975703984142
158 -12.062975703984142
159 -12.062975703984142
160 -12.062975703984142
161 -12.062975703984142
162 -12.062975703984142
163 -12.062975703984142
164 -12.091743045643723
165 -12.098655520048569
166 -12.098655520048569
167 -12.098655520048569
168 -12.121329721403145
169 -12.121329721403145
170 -12.121329721403145
171 -12.121329721403145
172 -12.124881441598449
173 -12.124881441598449
174 -12.124881441598449
175 -12.124881441598449
176 -12.155805261275686
177 -12.155805261275686
178 -12.155805261275686
179 -12.155805261275686
180 -12.155805261275686
181 -12.155805261275686
182 -12.18268545651882
183 -12.202188704906161
184 -12.202188704906161
185 -12.202188704906161
186 -12.205075228673945
187 -12.205075228673945
188 -12.205075228673945
189 -12.205189832197958
190 -12.205189832197958
191 -12.205189832197958
192 -12.205189832197958
193 -12.205189832197958
194 -12.205189832197958
195 -12.205189832197958
196 -12.205189832197958
197 -12.210735173933008
198 -12.210735173933008
199 -12.210735173933008
200 -12.210735173933008
201 -12.210735173933008
202 -12.225921539899643
203 -12.225921539899643
204 -12.225921539899643
205 -12.225921539899643
206 -12.249357690469719
207 -12.261600098953823
208 -12.261600098953823
209 -12.261600098953823
210 -12.261600098953823
211 -12.261600098953823
212 -12.261600098953823
213 -12.261600098953823
214 -12.261600098953823
215 -12.261600098953823
216 -12.261600098953823
217 -12.261600098953823
218 -12.261600098953823
219 -12.261600098953823
220 -12.261600098953823
221 -12.261600098953823
222 -12.269370904543987
223 -12.269370904543987
224 -12.269370904543987
225 -12.269370904543987
226 -12.269370904543987
227 -12.269370904543987
228 -12.269370904543987
229 -12.269370904543987
230 -12.269370904543987
231 -12.269729830147117
232 -12.269729830147117
233 -12.269729830147117
234 -12.269729830147117
235 -12.271998459379613
236 -12.276820409907787
237 -12.276820409907787
238 -12.276820409907787
239 -12.276820409907787
240 -12.276820409907787
241 -12.276820409907787
242 -12.276820409907787
243 -12.276820409907787
244 -12.282732185508229
245 -12.282732185508229
246 -12.282732185508229
247 -12.303891962090516
248 -12.303891962090516
249 -12.303891962090516
250 -12.303891962090516
251 -12.341230154788326
252 -12.341230154788326
253 -12.341230154788326
254 -12.341230154788326
255 -12.341230154788326
256 -12.363513100829142
257 -12.363513100829142
258 -12.363513100829142
259 -12.363513100829142
260 -12.363513100829142
261 -12.363513100829142
262 -12.363513100829142
263 -12.363513100829142
264 -12.363513100829142
265 -12.363513100829142
266 -12.363513100829142
267 -12.378273460713409
268 -12.378273460713409
269 -12.378273460713409
270 -12.378273460713409
271 -12.378273460713409
272 -12.378273460713409
273 -12.378273460713409
274 -12.378273460713409
275 -12.378273460713409
276 -12.378273460713409
277 -12.378273460713409
278 -12.378273460713409
279 -12.378273460713409
280 -12.378273460713409
281 -12.378273460713409
282 -12.378273460713409
283 -12.378273460713409
284 -12.378273460713409
285 -12.378273460713409
286 -12.378273460713409
287 -12.378273460713409
288 -12.378273460713409
289 -12.401809127615746
290 -12.401809127615746
291 -12.401809127615746
292 -12.401809127615746
293 -12.401809127615746
294 -12.403213045802294
295 -12.415863271793048
296 -12.435045534998817
297 -12.435045534998817
298 -12.435045534998817
299 -12.435219860752113
300 -12.435219860752113
301 -12.435219860752113
302 -12.435219860752113
303 -12.435219860752113
304 -12.435219860752113
305 -12.435219860752113
306 -12.435219860752113
307 -12.435219860752113
308 -12.435219860752113
309 -12.435219860752113
310 -12.447042917091688
311 -12.447042917091688
312 -12.447042917091688
313 -12.447042917091688
314 -12.447042917091688
315 -12.447042917091688
316 -12.447042917091688
317 -12.447042917091688
318 -12.447042917091688
319 -12.447042917091688
320 -12.447042917091688
321 -12.447042917091688
322 -12.447042917091688
323 -12.447042917091688
324 -12.447042917091688
325 -12.447042917091688
326 -12.447042917091688
327 -12.447042917091688
328 -12.447042917091688
329 -12.447042917091688
330 -12.447042917091688
331 -12.503432751144203
332 -12.503432751144203
333 -12.503432751144203
334 -12.532720375144445
335 -12.534773451224716
336 -12.534773451224716
337 -12.534773451224716
338 -12.534773451224716
339 -12.534773451224716
340 -12.534773451224716
341 -12.534773451224716
342 -12.534773451224716
343 -12.534773451224716
344 -12.534773451224716
345 -12.534773451224716
346 -12.534773451224716
347 -12.534773451224716
348 -12.534773451224716
349 -12.534773451224716
350 -12.534773451224716
351 -12.534773451224716
352 -12.534773451224716
353 -12.534773451224716
354 -12.534773451224716
355 -12.534773451224716
356 -12.534773451224716
357 -12.577969467096404
358 -12.577969467096404
359 -12.577969467096404
360 -12.577969467096404
361 -12.577969467096404
362 -12.577969467096404
363 -12.577969467096404
364 -12.577969467096404
365 -12.577969467096404
366 -12.577969467096404
367 -12.577969467096404
368 -12.577969467096404
369 -12.577969467096404
370 -12.577969467096404
371 -12.577969467096404
372 -12.577969467096404
373 -12.577969467096404
374 -12.577969467096404
375 -12.577969467096404
376 -12.577969467096404
377 -12.577969467096404
378 -12.577969467096404
379 -12.577969467096404
380 -12.577969467096404
381 -12.577969467096404
382 -12.577969467096404
383 -12.577969467096404
384 -12.577969467096404
385 -12.577969467096404
386 -12.577969467096404
387 -12.577969467096404
388 -12.577969467096404
389 -12.577969467096404
390 -12.577969467096404
391 -12.577969467096404
392 -12.577969467096404
393 -12.577969467096404
394 -12.577969467096404
395 -12.577969467096404
396 -12.577969467096404
397 -12.577969467096404
398 -12.577969467096404
399 -12.577969467096404
400 -12.577969467096404
401 -12.577969467096404
402 -12.577969467096404
403 -12.577969467096404
404 -12.577969467096404
405 -12.602516935901047
406 -12.602516935901047
407 -12.602516935901047
408 -12.602516935901047
409 -12.602516935901047
410 -12.602516935901047
411 -12.602516935901047
412 -12.602516935901047
413 -12.602516935901047
414 -12.602516935901047
415 -12.602516935901047
416 -12.602516935901047
417 -12.602516935901047
418 -12.602516935901047
419 -12.602516935901047
420 -12.602516935901047
421 -12.602516935901047
422 -12.602516935901047
423 -12.602516935901047
424 -12.602516935901047
425 -12.602516935901047
426 -12.602516935901047
427 -12.602516935901047
428 -12.602516935901047
429 -12.602516935901047
430 -12.602516935901047
431 -12.602516935901047
432 -12.602516935901047
433 -12.602516935901047
434 -12.602516935901047
435 -12.602516935901047
436 -12.602516935901047
437 -12.602516935901047
438 -12.602516935901047
439 -12.602516935901047
440 -12.602516935901047
441 -12.602516935901047
442 -12.602516935901047
443 -12.602516935901047
444 -12.602516935901047
445 -12.602516935901047
446 -12.602516935901047
447 -12.602516935901047
448 -12.602516935901047
449 -12.602516935901047
450 -12.602516935901047
451 -12.602516935901047
452 -12.602516935901047
453 -12.602516935901047
454 -12.602516935901047
455 -12.604547114269186
456 -12.604547114269186
457 -12.604547114269186
458 -12.604547114269186
459 -12.604547114269186
460 -12.604547114269186
461 -12.604547114269186
462 -12.604547114269186
463 -12.604547114269186
464 -12.604547114269186
465 -12.604547114269186
466 -12.604547114269186
467 -12.604547114269186
468 -12.604547114269186
469 -12.604547114269186
470 -12.604547114269186
471 -12.604547114269186
472 -12.604547114269186
473 -12.604547114269186
474 -12.604547114269186
475 -12.604547114269186
476 -12.604547114269186
477 -12.604547114269186
478 -12.604547114269186
479 -12.604547114269186
480 -12.604547114269186
481 -12.604547114269186
482 -12.604547114269186
483 -12.612296419259792
484 -12.612296419259792
485 -12.612296419259792
486 -12.612296419259792
487 -12.612296419259792
488 -12.612296419259792
489 -12.612296419259792
490 -12.612296419259792
491 -12.612296419259792
492 -12.612296419259792
493 -12.612296419259792
494 -12.612296419259792
495 -12.612296419259792
496 -12.612296419259792
497 -12.612296419259792
498 -12.612296419259792
499 -12.612296419259792
500 -12.617983036449026
501 -12.617983036449026
502 -12.617983036449026
503 -12.617983036449026
504 -12.617983036449026
505 -12.617983036449026
506 -12.617983036449026
507 -12.617983036449026
508 -12.617983036449026
509 -12.617983036449026
510 -12.617983036449026
511 -12.617983036449026
512 -12.617983036449026
513 -12.617983036449026
514 -12.617983036449026
515 -12.617983036449026
516 -12.617983036449026
517 -12.617983036449026
518 -12.617983036449026
519 -12.617983036449026
520 -12.617983036449026
521 -12.617983036449026
522 -12.617983036449026
523 -12.617983036449026
524 -12.617983036449026
525 -12.617983036449026
526 -12.66563618951301
527 -12.66563618951301
528 -12.66563618951301
529 -12.66563618951301
530 -12.66563618951301
531 -12.66563618951301
532 -12.66563618951301
533 -12.66563618951301
534 -12.66563618951301
535 -12.66563618951301
536 -12.66563618951301
537 -12.66563618951301
538 -12.66563618951301
539 -12.66563618951301
540 -12.66563618951301
541 -12.66563618951301
542 -12.66563618951301
543 -12.66563618951301
544 -12.66563618951301
545 -12.66563618951301
546 -12.66563618951301
547 -12.66563618951301
548 -12.66563618951301
549 -12.66563618951301
550 -12.681420066452214
551 -12.681420066452214
552 -12.681420066452214
553 -12.681420066452214
554 -12.681420066452214
555 -12.681420066452214
556 -12.68514170400301
557 -12.68514170400301
558 -12.68514170400301
559 -12.68514170400301
560 -12.68514170400301
561 -12.68514170400301
562 -12.68514170400301
563 -12.68514170400301
564 -12.68514170400301
565 -12.68514170400301
566 -12.68514170400301
567 -12.68514170400301
568 -12.68514170400301
569 -12.68514170400301
570 -12.68514170400301
571 -12.68514170400301
572 -12.68514170400301
573 -12.68514170400301
574 -12.68514170400301
575 -12.68514170400301
576 -12.68514170400301
577 -12.68514170400301
578 -12.68514170400301
579 -12.68514170400301
580 -12.68514170400301
581 -12.68514170400301
582 -12.68514170400301
583 -12.68514170400301
584 -12.68514170400301
585 -12.68514170400301
586 -12.68514170400301
587 -12.68514170400301
588 -12.68514170400301
589 -12.68514170400301
590 -12.68514170400301
591 -12.68514170400301
592 -12.68514170400301
593 -12.690684195036907
594 -12.690684195036907
595 -12.690684195036907
596 -12.690684195036907
597 -12.690684195036907
598 -12.690684195036907
599 -12.690684195036907
600 -12.690684195036907
601 -12.690684195036907
602 -12.690684195036907
603 -12.690684195036907
604 -12.690684195036907
605 -12.690684195036907
606 -12.690684195036907
607 -12.690684195036907
608 -12.690684195036907
609 -12.690684195036907
610 -12.690684195036907
611 -12.690684195036907
612 -12.690684195036907
613 -12.690684195036907
614 -12.690684195036907
615 -12.692884130722492
616 -12.692884130722492
617 -12.692884130722492
618 -12.692884130722492
619 -12.712023687632719
620 -12.712023687632719
621 -12.712023687632719
622 -12.712023687632719
623 -12.712023687632719
624 -12.71486132969801
625 -12.71486132969801
626 -12.71486132969801
627 -12.715050723218424
628 -12.715050723218424
629 -12.715050723218424
630 -12.715050723218424
631 -12.715050723218424
632 -12.715050723218424
633 -12.715050723218424
634 -12.719840754706704
635 -12.719840754706704
636 -12.719840754706704
637 -12.719840754706704
638 -12.719840754706704
639 -12.719840754706704
640 -12.719840754706704
641 -12.719840754706704
642 -12.719840754706704
643 -12.719840754706704
644 -12.719840754706704
645 -12.719840754706704
646 -12.719840754706704
647 -12.719840754706704
648 -12.719840754706704
649 -12.719840754706704
650 -12.719840754706704
651 -12.719840754706704
652 -12.719840754706704
653 -12.719840754706704
654 -12.722785783696429
655 -12.722785783696429
656 -12.722785783696429
657 -12.722785783696429
658 -12.722785783696429
659 -12.722785783696429
660 -12.722785783696429
661 -12.722785783696429
662 -12.722785783696429
663 -12.722785783696429
664 -12.722785783696429
665 -12.722785783696429
666 -12.722785783696429
667 -12.777525849226068
668 -12.779890641786837
669 -12.779890641786837
670 -12.779890641786837
671 -12.779890641786837
672 -12.779890641786837
673 -12.779890641786837
674 -12.779890641786837
675 -12.779890641786837
676 -12.779890641786837
677 -12.779890641786837
678 -12.779890641786837
679 -12.779890641786837
680 -12.779890641786837
681 -12.779890641786837
682 -12.779890641786837
683 -12.779890641786837
684 -12.779890641786837
685 -12.779890641786837
686 -12.779890641786837
687 -12.779890641786837
688 -12.779890641786837
689 -12.779890641786837
690 -12.779890641786837
691 -12.779890641786837
692 -12.779890641786837
693 -12.779890641786837
694 -12.779890641786837
695 -12.779890641786837
696 -12.779890641786837
697 -12.779890641786837
698 -12.779890641786837
699 -12.779890641786837
700 -12.779890641786837
701 -12.779890641786837
702 -12.779890641786837
703 -12.779890641786837
704 -12.779890641786837
705 -12.779890641786837
706 -12.779890641786837
707 -12.779890641786837
708 -12.779890641786837
709 -12.779890641786837
710 -12.779890641786837
711 -12.779890641786837
712 -12.779890641786837
713 -12.779890641786837
714 -12.786904621739351
715 -12.786904621739351
716 -12.786904621739351
717 -12.786904621739351
718 -12.786904621739351
719 -12.786904621739351
720 -12.797951994461652
721 -12.797951994461652
722 -12.797951994461652
723 -12.797951994461652
724 -12.797951994461652
725 -12.797951994461652
726 -12.797951994461652
727 -12.797951994461652
728 -12.797951994461652
729 -12.797951994461652
730 -12.797951994461652
731 -12.797951994461652
732 -12.797951994461652
733 -12.797951994461652
734 -12.797951994461652
735 -12.797951994461652
736 -12.797951994461652
737 -12.797951994461652
738 -12.797951994461652
739 -12.797951994461652
740 -12.797951994461652
741 -12.797951994461652
742 -12.797951994461652
743 -12.797951994461652
744 -12.797951994461652
745 -12.797951994461652
746 -12.797951994461652
747 -12.797951994461652
748 -12.797951994461652
749 -12.797951994461652
750 -12.797951994461652
751 -12.797951994461652
752 -12.797951994461652
753 -12.797951994461652
754 -12.797951994461652
755 -12.797951994461652
756 -12.821798150195331
757 -12.821798150195331
758 -12.821798150195331
759 -12.821798150195331
760 -12.821798150195331
761 -12.821798150195331
762 -12.821798150195331
763 -12.821798150195331
764 -12.821798150195331
765 -12.821798150195331
766 -12.821798150195331
767 -12.821798150195331
768 -12.821798150195331
769 -12.821798150195331
770 -12.821798150195331
771 -12.821798150195331
772 -12.821798150195331
773 -12.821798150195331
774 -12.866553268529437
775 -12.866553268529437
776 -12.866553268529437
777 -12.866553268529437
778 -12.870938366396159
779 -12.870938366396159
780 -12.870938366396159
781 -12.870938366396159
782 -12.870938366396159
783 -12.870938366396159
784 -12.870938366396159
785 -12.870938366396159
786 -12.870938366396159
787 -12.870938366396159
788 -12.870938366396159
789 -12.870938366396159
790 -12.870938366396159
791 -12.870938366396159
792 -12.88085400741311
793 -12.88085400741311
794 -12.88085400741311
795 -12.88085400741311
796 -12.88085400741311
797 -12.88085400741311
798 -12.88085400741311
799 -12.88085400741311
800 -12.88085400741311
801 -12.88085400741311
802 -12.88085400741311
803 -12.88085400741311
804 -12.88085400741311
805 -12.88085400741311
806 -12.88085400741311
807 -12.88085400741311
808 -12.88085400741311
809 -12.88085400741311
810 -12.88085400741311
811 -12.88085400741311
812 -12.88085400741311
813 -12.88085400741311
814 -12.88085400741311
815 -12.88085400741311
816 -12.88085400741311
817 -12.88085400741311
818 -12.88085400741311
819 -12.88085400741311
820 -12.88085400741311
821 -12.88085400741311
822 -12.88085400741311
823 -12.88085400741311
824 -12.88085400741311
825 -12.88085400741311
826 -12.88085400741311
827 -12.88085400741311
828 -12.88085400741311
829 -12.88085400741311
830 -12.88085400741311
831 -12.88085400741311
832 -12.88085400741311
833 -12.88085400741311
834 -12.88085400741311
835 -12.88085400741311
836 -12.88085400741311
837 -12.88806014868638
838 -12.88806014868638
839 -12.88806014868638
840 -12.88806014868638
841 -12.88806014868638
842 -12.88806014868638
843 -12.88806014868638
844 -12.88806014868638
845 -12.88806014868638
846 -12.88806014868638
847 -12.88806014868638
848 -12.88806014868638
849 -12.88806014868638
850 -12.88806014868638
851 -12.88806014868638
852 -12.88806014868638
853 -12.88806014868638
854 -12.88806014868638
855 -12.88806014868638
856 -12.890055219766243
857 -12.890055219766243
858 -12.890055219766243
859 -12.890055219766243
860 -12.890055219766243
861 -12.890055219766243
862 -12.890055219766243
863 -12.890055219766243
864 -12.890055219766243
865 -12.890055219766243
866 -12.890055219766243
867 -12.890055219766243
868 -12.890055219766243
869 -12.890055219766243
870 -12.890055219766243
871 -12.890055219766243
872 -12.890055219766243
873 -12.890055219766243
874 -12.890055219766243
875 -12.890055219766243
876 -12.890055219766243
877 -12.890055219766243
878 -12.890055219766243
879 -12.890055219766243
880 -12.890055219766243
881 -12.890055219766243
882 -12.890055219766243
883 -12.890055219766243
884 -12.890055219766243
885 -12.890055219766243
886 -12.890055219766243
887 -12.890055219766243
888 -12.890055219766243
889 -12.890055219766243
890 -12.890055219766243
891 -12.890055219766243
892 -12.890055219766243
893 -12.890055219766243
894 -12.890055219766243
895 -12.890055219766243
896 -12.890055219766243
897 -12.890055219766243
898 -12.890055219766243
899 -12.890055219766243
900 -12.890055219766243
901 -12.890055219766243
902 -12.890055219766243
903 -12.890055219766243
904 -12.890055219766243
905 -12.890055219766243
906 -12.890055219766243
907 -12.890055219766243
908 -12.890055219766243
909 -12.890055219766243
910 -12.890055219766243
911 -12.890055219766243
912 -12.890055219766243
913 -12.890055219766243
914 -12.890055219766243
915 -12.890055219766243
916 -12.890055219766243
917 -12.90191684557863
918 -12.90191684557863
919 -12.90191684557863
920 -12.90191684557863
921 -12.90191684557863
922 -12.90191684557863
923 -12.90191684557863
924 -12.90191684557863
925 -12.90191684557863
926 -12.90191684557863
927 -12.90191684557863
928 -12.90191684557863
929 -12.90191684557863
930 -12.90191684557863
931 -12.90191684557863
932 -12.90191684557863
933 -12.90191684557863
934 -12.90191684557863
935 -12.90191684557863
936 -12.90191684557863
937 -12.90191684557863
938 -12.90191684557863
939 -12.90191684557863
940 -12.90191684557863
941 -12.90191684557863
942 -12.90191684557863
943 -12.90191684557863
944 -12.90191684557863
945 -12.90191684557863
946 -12.90191684557863
947 -12.90191684557863
948 -12.90191684557863
949 -12.920860512052984
950 -12.920860512052984
951 -12.920860512052984
952 -12.920860512052984
953 -12.925255524638528
954 -12.925255524638528
955 -12.925255524638528
956 -12.925255524638528
957 -12.925255524638528
958 -12.925255524638528
959 -12.925255524638528
960 -12.925255524638528
961 -12.925255524638528
962 -12.925255524638528
963 -12.925255524638528
964 -12.925255524638528
965 -12.925255524638528
966 -12.925255524638528
967 -12.925255524638528
968 -12.925255524638528
969 -12.925255524638528
970 -12.925255524638528
971 -12.925255524638528
972 -12.925255524638528
973 -12.925255524638528
974 -12.925255524638528
975 -12.925255524638528
976 -12.925255524638528
977 -12.925255524638528
978 -12.925255524638528
979 -12.925255524638528
980 -12.925255524638528
981 -12.925255524638528
982 -12.925255524638528
983 -12.925255524638528
984 -12.925255524638528
985 -12.925255524638528
986 -12.925255524638528
987 -12.925255524638528
988 -12.925255524638528
989 -12.925255524638528
990 -12.925255524638528
991 -12.925255524638528
992 -12.925255524638528
993 -12.925255524638528
994 -12.925255524638528
995 -12.925255524638528
996 -12.925255524638528
997 -12.925255524638528
998 -12.925255524638528
999 -12.925255524638528
1000 -12.925255524638528
1001 -12.925255524638528
1002 -12.925255524638528
1003 -12.937772794269508
1004 -12.937772794269508
1005 -12.937772794269508
1006 -12.937772794269508
1007 -12.937772794269508
1008 -12.937772794269508
1009 -12.937772794269508
1010 -12.937772794269508
1011 -12.937772794269508
1012 -12.937772794269508
1013 -12.937772794269508
1014 -12.937772794269508
1015 -12.937772794269508
1016 -12.937772794269508
1017 -12.937772794269508
1018 -12.937772794269508
1019 -12.937772794269508
1020 -12.937772794269508
1021 -12.937772794269508
1022 -12.937772794269508
1023 -12.937772794269508
1024 -12.941734077684911
1025 -12.941734077684911
1026 -12.941734077684911
1027 -12.941734077684911
1028 -12.941734077684911
1029 -12.941734077684911
1030 -12.941734077684911
1031 -12.941734077684911
1032 -12.941734077684911
1033 -12.941734077684911
1034 -12.941734077684911
1035 -12.941734077684911
1036 -12.941734077684911
1037 -12.941734077684911
1038 -12.941734077684911
1039 -12.941734077684911
1040 -12.941734077684911
1041 -12.941734077684911
1042 -12.941734077684911
1043 -12.941734077684911
1044 -12.941734077684911
1045 -12.941734077684911
1046 -12.941734077684911
1047 -12.941734077684911
1048 -12.941734077684911
1049 -12.941734077684911
1050 -12.941734077684911
1051 -12.941734077684911
1052 -12.941734077684911
1053 -12.941734077684911
1054 -12.941734077684911
1055 -12.941734077684911
1056 -12.941734077684911
1057 -12.941734077684911
1058 -12.941734077684911
1059 -12.941734077684911
1060 -12.941734077684911
1061 -12.941734077684911
1062 -12.941734077684911
1063 -12.941734077684911
1064 -12.957016375877494
1065 -12.957016375877494
1066 -12.957016375877494
1067 -12.95885015077928
1068 -12.95885015077928
1069 -12.97718904392168
1070 -12.97718904392168
1071 -12.97718904392168
1072 -12.97718904392168
1073 -12.97718904392168
1074 -12.97718904392168
1075 -12.97718904392168
1076 -12.97718904392168
1077 -12.97718904392168
1078 -12.97718904392168
1079 -12.97718904392168
1080 -12.97718904392168
1081 -12.97718904392168
1082 -12.97718904392168
1083 -12.97718904392168
1084 -12.97718904392168
1085 -12.97718904392168
1086 -12.981052440244694
1087 -12.981052440244694
1088 -12.981052440244694
1089 -12.981052440244694
1090 -12.981052440244694
1091 -12.981052440244694
1092 -12.981052440244694
1093 -12.981052440244694
1094 -12.981052440244694
1095 -12.981052440244694
1096 -12.981052440244694
1097 -12.981052440244694
1098 -12.981052440244694
1099 -12.981052440244694
1100 -12.981052440244694
1101 -12.981052440244694
1102 -12.981052440244694
1103 -12.981052440244694
1104 -12.981052440244694
1105 -12.981052440244694
1106 -12.981052440244694
1107 -12.981052440244694
1108 -12.981052440244694
1109 -12.981052440244694
1110 -12.981052440244694
1111 -12.981052440244694
1112 -12.981052440244694
1113 -12.981052440244694
1114 -12.981052440244694
1115 -12.981052440244694
1116 -12.981052440244694
1117 -12.981052440244694
1118 -12.990749508345973
1119 -12.990749508345973
1120 -12.990749508345973
1121 -12.990749508345973
1122 -12.990749508345973
1123 -12.990749508345973
1124 -12.990749508345973
1125 -12.990749508345973
1126 -12.990749508345973
1127 -12.990749508345973
1128 -12.990749508345973
1129 -12.990749508345973
1130 -12.990749508345973
1131 -12.990749508345973
1132 -12.990749508345973
1133 -12.990749508345973
1134 -12.990749508345973
1135 -12.990749508345973
1136 -13.0020622932109
1137 -13.0020622932109
1138 -13.0020622932109
1139 -13.0020622932109
1140 -13.017148480806437
1141 -13.017148480806437
1142 -13.017148480806437
1143 -13.017148480806437
1144 -13.017148480806437
1145 -13.017148480806437
1146 -13.017148480806437
1147 -13.017148480806437
1148 -13.017148480806437
1149 -13.017148480806437
1150 -13.017148480806437
1151 -13.017148480806437
1152 -13.017148480806437
1153 -13.017148480806437
1154 -13.017148480806437
1155 -13.017148480806437
1156 -13.017148480806437
1157 -13.017148480806437
1158 -13.017148480806437
1159 -13.017148480806437
1160 -13.017148480806437
1161 -13.017148480806437
1162 -13.017148480806437
1163 -13.017148480806437
1164 -13.017148480806437
1165 -13.017148480806437
1166 -13.017148480806437
1167 -13.017148480806437
1168 -13.017148480806437
1169 -13.017148480806437
1170 -13.017148480806437
1171 -13.017148480806437
1172 -13.017148480806437
1173 -13.017148480806437
1174 -13.017148480806437
1175 -13.017148480806437
1176 -13.017148480806437
1177 -13.017148480806437
1178 -13.017148480806437
1179 -13.017148480806437
1180 -13.017148480806437
1181 -13.017148480806437
1182 -13.017148480806437
1183 -13.017148480806437
1184 -13.017148480806437
1185 -13.017148480806437
1186 -13.017148480806437
1187 -13.017148480806437
1188 -13.017148480806437
1189 -13.017148480806437
1190 -13.025555055244448
1191 -13.025555055244448
1192 -13.025555055244448
1193 -13.025555055244448
1194 -13.025555055244448
1195 -13.025555055244448
1196 -13.025555055244448
1197 -13.025555055244448
1198 -13.025555055244448
1199 -13.025555055244448
1200 -13.025555055244448
1201 -13.025555055244448
1202 -13.028589255759686
1203 -13.028589255759686
1204 -13.028589255759686
1205 -13.028589255759686
1206 -13.028589255759686
1207 -13.028589255759686
1208 -13.028589255759686
1209 -13.028589255759686
1210 -13.028589255759686
1211 -13.028589255759686
1212 -13.028589255759686
1213 -13.028589255759686
1214 -13.028589255759686
1215 -13.028589255759686
1216 -13.028589255759686
1217 -13.028589255759686
1218 -13.028589255759686
1219 -13.028589255759686
1220 -13.028589255759686
1221 -13.028589255759686
1222 -13.028589255759686
1223 -13.028589255759686
1224 -13.028589255759686
1225 -13.028589255759686
1226 -13.028589255759686
1227 -13.028589255759686
1228 -13.028589255759686
1229 -13.028589255759686
1230 -13.028589255759686
1231 -13.028589255759686
1232 -13.028589255759686
1233 -13.028589255759686
1234 -13.028589255759686
1235 -13.028589255759686
1236 -13.028589255759686
1237 -13.028589255759686
1238 -13.028589255759686
1239 -13.028589255759686
1240 -13.028589255759686
1241 -13.028589255759686
1242 -13.028589255759686
1243 -13.028589255759686
1244 -13.028589255759686
1245 -13.028589255759686
1246 -13.028589255759686
1247 -13.028819450309907
1248 -13.028819450309907
1249 -13.028819450309907
1250 -13.028819450309907
1251 -13.028819450309907
1252 -13.028819450309907
1253 -13.028819450309907
1254 -13.028819450309907
1255 -13.028819450309907
1256 -13.028819450309907
1257 -13.028819450309907
1258 -13.028819450309907
1259 -13.028819450309907
1260 -13.028819450309907
1261 -13.028819450309907
1262 -13.028819450309907
1263 -13.028819450309907
1264 -13.028819450309907
1265 -13.028819450309907
1266 -13.028819450309907
1267 -13.028819450309907
1268 -13.028819450309907
1269 -13.028819450309907
1270 -13.046234935294843
1271 -13.046234935294843
1272 -13.046234935294843
1273 -13.046234935294843
1274 -13.046234935294843
1275 -13.046234935294843
1276 -13.046234935294843
1277 -13.046234935294843
1278 -13.046234935294843
1279 -13.046234935294843
1280 -13.046234935294843
1281 -13.046234935294843
1282 -13.046234935294843
1283 -13.046234935294843
1284 -13.046234935294843
1285 -13.046234935294843
1286 -13.046234935294843
1287 -13.046234935294843
1288 -13.046234935294843
1289 -13.046234935294843
1290 -13.046234935294843
1291 -13.046234935294843
1292 -13.046234935294843
1293 -13.046234935294843
1294 -13.046234935294843
1295 -13.046234935294843
1296 -13.046234935294843
1297 -13.046234935294843
1298 -13.046234935294843
1299 -13.046234935294843
1300 -13.055543911182218
1301 -13.055543911182218
1302 -13.055543911182218
1303 -13.055543911182218
1304 -13.055543911182218
1305 -13.055543911182218
1306 -13.055543911182218
1307 -13.055543911182218
1308 -13.055543911182218
1309 -13.055543911182218
1310 -13.055543911182218
1311 -13.055543911182218
1312 -13.055543911182218
1313 -13.055543911182218
1314 -13.055543911182218
1315 -13.055543911182218
1316 -13.055543911182218
1317 -13.055543911182218
1318 -13.055543911182218
1319 -13.055543911182218
1320 -13.055543911182218
1321 -13.055543911182218
1322 -13.055543911182218
1323 -13.055543911182218
1324 -13.055543911182218
1325 -13.055543911182218
1326 -13.055543911182218
1327 -13.055543911182218
1328 -13.055543911182218
1329 -13.055543911182218
1330 -13.055543911182218
1331 -13.055543911182218
1332 -13.055543911182218
1333 -13.055543911182218
1334 -13.055543911182218
1335 -13.055543911182218
1336 -13.055543911182218
1337 -13.055543911182218
1338 -13.055543911182218
1339 -13.055543911182218
1340 -13.055543911182218
1341 -13.055543911182218
1342 -13.055543911182218
1343 -13.055543911182218
1344 -13.055543911182218
1345 -13.055543911182218
1346 -13.055543911182218
1347 -13.055543911182218
1348 -13.055543911182218
1349 -13.055543911182218
1350 -13.055543911182218
1351 -13.055543911182218
1352 -13.055543911182218
1353 -13.055543911182218
1354 -13.055543911182218
1355 -13.055543911182218
1356 -13.055543911182218
1357 -13.055543911182218
1358 -13.07250585582835
1359 -13.07250585582835
1360 -13.07250585582835
1361 -13.07250585582835
1362 -13.07250585582835
1363 -13.07250585582835
1364 -13.07250585582835
1365 -13.07250585582835
1366 -13.07250585582835
1367 -13.07250585582835
1368 -13.07250585582835
1369 -13.07250585582835
1370 -13.07250585582835
1371 -13.07250585582835
1372 -13.07250585582835
1373 -13.07250585582835
1374 -13.07250585582835
1375 -13.07250585582835
1376 -13.07250585582835
1377 -13.07250585582835
1378 -13.07250585582835
1379 -13.07250585582835
1380 -13.07250585582835
1381 -13.07250585582835
1382 -13.07250585582835
1383 -13.07250585582835
1384 -13.07250585582835
1385 -13.07250585582835
1386 -13.07250585582835
1387 -13.07250585582835
1388 -13.07250585582835
1389 -13.07250585582835
1390 -13.07250585582835
1391 -13.07250585582835
1392 -13.07250585582835
1393 -13.07250585582835
1394 -13.07250585582835
1395 -13.07250585582835
1396 -13.07250585582835
1397 -13.07250585582835
1398 -13.07250585582835
1399 -13.07250585582835
1400 -13.07250585582835
1401 -13.07250585582835
1402 -13.07250585582835
1403 -13.07250585582835
1404 -13.07250585582835
1405 -13.07250585582835
1406 -13.07250585582835
1407 -13.07250585582835
1408 -13.07250585582835
1409 -13.07250585582835
1410 -13.07250585582835
1411 -13.07250585582835
1412 -13.07250585582835
1413 -13.07250585582835
1414 -13.07250585582835
1415 -13.07250585582835
1416 -13.07250585582835
1417 -13.07250585582835
1418 -13.07250585582835
1419 -13.07250585582835
1420 -13.07250585582835
1421 -13.07250585582835
1422 -13.07250585582835
1423 -13.07250585582835
1424 -13.07250585582835
1425 -13.07250585582835
1426 -13.07250585582835
1427 -13.07250585582835
1428 -13.07250585582835
1429 -13.07250585582835
1430 -13.07250585582835
1431 -13.07250585582835
1432 -13.07250585582835
1433 -13.07250585582835
1434 -13.07250585582835
1435 -13.07250585582835
1436 -13.07250585582835
1437 -13.07250585582835
1438 -13.07250585582835
1439 -13.07250585582835
1440 -13.07250585582835
1441 -13.07250585582835
1442 -13.07250585582835
1443 -13.07250585582835
1444 -13.07250585582835
1445 -13.07250585582835
1446 -13.080460064880807
1447 -13.080460064880807
1448 -13.080460064880807
1449 -13.080460064880807
1450 -13.080460064880807
1451 -13.080460064880807
1452 -13.080460064880807
1453 -13.080460064880807
1454 -13.080460064880807
1455 -13.080460064880807
1456 -13.080460064880807
1457 -13.080460064880807
1458 -13.080460064880807
1459 -13.080460064880807
1460 -13.080460064880807
1461 -13.080460064880807
1462 -13.080460064880807
1463 -13.080460064880807
1464 -13.080460064880807
1465 -13.080460064880807
1466 -13.080460064880807
1467 -13.080460064880807
1468 -13.080460064880807
1469 -13.080460064880807
1470 -13.080460064880807
1471 -13.080460064880807
1472 -13.080460064880807
1473 -13.080460064880807
1474 -13.080460064880807
1475 -13.080460064880807
1476 -13.080460064880807
1477 -13.080460064880807
1478 -13.080460064880807
1479 -13.080460064880807
1480 -13.080460064880807
1481 -13.080460064880807
1482 -13.080460064880807
1483 -13.080460064880807
1484 -13.080460064880807
1485 -13.080460064880807
1486 -13.080460064880807
1487 -13.080460064880807
1488 -13.080460064880807
1489 -13.080460064880807
1490 -13.080460064880807
1491 -13.080460064880807
1492 -13.080460064880807
1493 -13.080460064880807
1494 -13.084379600661942
1495 -13.084379600661942
1496 -13.084379600661942
1497 -13.084379600661942
1498 -13.084379600661942
1499 -13.084379600661942
1500 -13.084379600661942
1501 -13.084379600661942
1502 -13.084379600661942
1503 -13.084379600661942
1504 -13.084379600661942
1505 -13.084379600661942
1506 -13.084379600661942
1507 -13.084379600661942
1508 -13.084379600661942
1509 -13.084379600661942
1510 -13.084379600661942
1511 -13.084379600661942
1512 -13.084379600661942
1513 -13.084379600661942
1514 -13.084379600661942
1515 -13.084379600661942
1516 -13.084379600661942
1517 -13.084379600661942
1518 -13.084379600661942
1519 -13.084379600661942
1520 -13.084379600661942
1521 -13.084379600661942
1522 -13.084379600661942
1523 -13.084379600661942
1524 -13.084379600661942
1525 -13.084379600661942
1526 -13.084379600661942
1527 -13.084379600661942
1528 -13.084379600661942
1529 -13.084379600661942
1530 -13.084379600661942
1531 -13.084379600661942
1532 -13.084379600661942
1533 -13.084379600661942
1534 -13.084379600661942
1535 -13.084379600661942
1536 -13.084379600661942
1537 -13.084379600661942
1538 -13.084379600661942
1539 -13.084379600661942
1540 -13.084379600661942
1541 -13.084379600661942
1542 -13.084379600661942
1543 -13.084379600661942
1544 -13.084379600661942
1545 -13.084379600661942
1546 -13.084379600661942
1547 -13.084379600661942
1548 -13.084379600661942
1549 -13.084379600661942
1550 -13.084379600661942
1551 -13.084379600661942
1552 -13.084379600661942
1553 -13.084379600661942
1554 -13.084379600661942
1555 -13.084379600661942
1556 -13.084379600661942
1557 -13.084379600661942
1558 -13.084379600661942
1559 -13.084379600661942
1560 -13.084379600661942
1561 -13.084379600661942
1562 -13.084379600661942
1563 -13.084379600661942
1564 -13.084379600661942
1565 -13.084379600661942
1566 -13.084379600661942
1567 -13.084379600661942
1568 -13.084379600661942
1569 -13.084379600661942
1570 -13.084379600661942
1571 -13.084379600661942
1572 -13.084379600661942
1573 -13.084379600661942
1574 -13.084379600661942
1575 -13.084379600661942
1576 -13.084379600661942
1577 -13.084379600661942
1578 -13.084379600661942
1579 -13.084379600661942
1580 -13.084379600661942
1581 -13.084379600661942
1582 -13.084379600661942
1583 -13.084379600661942
1584 -13.084379600661942
1585 -13.084379600661942
1586 -13.084379600661942
1587 -13.084379600661942
1588 -13.084379600661942
1589 -13.084379600661942
1590 -13.084379600661942
1591 -13.084379600661942
1592 -13.084379600661942
1593 -13.095921981016312
1594 -13.095921981016312
1595 -13.095921981016312
1596 -13.095921981016312
1597 -13.095921981016312
1598 -13.095921981016312
1599 -13.095921981016312
1600 -13.095921981016312
1601 -13.095921981016312
1602 -13.095921981016312
1603 -13.095921981016312
1604 -13.095921981016312
1605 -13.10776586361369
1606 -13.10776586361369
1607 -13.10776586361369
1608 -13.10776586361369
1609 -13.10776586361369
1610 -13.10776586361369
1611 -13.10776586361369
1612 -13.10776586361369
1613 -13.10776586361369
1614 -13.10776586361369
1615 -13.10776586361369
1616 -13.10776586361369
1617 -13.10776586361369
1618 -13.10776586361369
1619 -13.10776586361369
1620 -13.10776586361369
1621 -13.10776586361369
1622 -13.10776586361369
1623 -13.10776586361369
1624 -13.10776586361369
1625 -13.10776586361369
1626 -13.10776586361369
1627 -13.10776586361369
1628 -13.10776586361369
1629 -13.10776586361369
1630 -13.10776586361369
1631 -13.10776586361369
1632 -13.10776586361369
1633 -13.10776586361369
1634 -13.10776586361369
1635 -13.10776586361369
1636 -13.10776586361369
1637 -13.10776586361369
1638 -13.10776586361369
1639 -13.10776586361369
1640 -13.10776586361369
1641 -13.10776586361369
1642 -13.10776586361369
1643 -13.10776586361369
1644 -13.10776586361369
1645 -13.10776586361369
1646 -13.10776586361369
1647 -13.10776586361369
1648 -13.10776586361369
1649 -13.10776586361369
1650 -13.10776586361369
1651 -13.10776586361369
1652 -13.10776586361369
1653 -13.10776586361369
1654 -13.10776586361369
1655 -13.10776586361369
1656 -13.10776586361369
1657 -13.10776586361369
1658 -13.10776586361369
1659 -13.10776586361369
1660 -13.10776586361369
1661 -13.10776586361369
1662 -13.10776586361369
1663 -13.10776586361369
1664 -13.10776586361369
1665 -13.10776586361369
1666 -13.10776586361369
1667 -13.10776586361369
1668 -13.10776586361369
1669 -13.10776586361369
1670 -13.118722663613429
1671 -13.118722663613429
1672 -13.118722663613429
1673 -13.118722663613429
1674 -13.118722663613429
1675 -13.140548100146727
1676 -13.140548100146727
1677 -13.140548100146727
1678 -13.140548100146727
1679 -13.140548100146727
1680 -13.140548100146727
1681 -13.140548100146727
1682 -13.140548100146727
1683 -13.140548100146727
1684 -13.140548100146727
1685 -13.140548100146727
1686 -13.140548100146727
1687 -13.140548100146727
1688 -13.140548100146727
1689 -13.140548100146727
1690 -13.140548100146727
1691 -13.140548100146727
1692 -13.140548100146727
1693 -13.140548100146727
1694 -13.140548100146727
1695 -13.140548100146727
1696 -13.140548100146727
1697 -13.140548100146727
1698 -13.140548100146727
1699 -13.152117673178143
1700 -13.152117673178143
1701 -13.152117673178143
1702 -13.152117673178143
1703 -13.152117673178143
1704 -13.152117673178143
1705 -13.152117673178143
1706 -13.152117673178143
1707 -13.152117673178143
1708 -13.152117673178143
1709 -13.152117673178143
1710 -13.152117673178143
1711 -13.152117673178143
1712 -13.152117673178143
1713 -13.152117673178143
1714 -13.152117673178143
1715 -13.152117673178143
1716 -13.152117673178143
1717 -13.152117673178143
1718 -13.152349094415428
1719 -13.152349094415428
1720 -13.152349094415428
1721 -13.152349094415428
1722 -13.152349094415428
1723 -13.152349094415428
1724 -13.152349094415428
1725 -13.152349094415428
1726 -13.152349094415428
1727 -13.152349094415428
1728 -13.152349094415428
1729 -13.152349094415428
1730 -13.152349094415428
1731 -13.152349094415428
1732 -13.152349094415428
1733 -13.152349094415428
1734 -13.152349094415428
1735 -13.152349094415428
1736 -13.152349094415428
1737 -13.152349094415428
1738 -13.152349094415428
1739 -13.152349094415428
1740 -13.152349094415428
1741 -13.152349094415428
1742 -13.152349094415428
1743 -13.152349094415428
1744 -13.153034229987151
1745 -13.153034229987151
1746 -13.153034229987151
1747 -13.153034229987151
1748 -13.153034229987151
1749 -13.153034229987151
1750 -13.153034229987151
1751 -13.153034229987151
1752 -13.153034229987151
1753 -13.153034229987151
1754 -13.153034229987151
1755 -13.153034229987151
1756 -13.153034229987151
1757 -13.153034229987151
1758 -13.153034229987151
1759 -13.153034229987151
1760 -13.153034229987151
1761 -13.153034229987151
1762 -13.153034229987151
1763 -13.153034229987151
1764 -13.153034229987151
1765 -13.153034229987151
1766 -13.153034229987151
1767 -13.153034229987151
1768 -13.153034229987151
1769 -13.153034229987151
1770 -13.153034229987151
1771 -13.153034229987151
1772 -13.153034229987151
1773 -13.153034229987151
1774 -13.153034229987151
1775 -13.153034229987151
1776 -13.172465403207655
1777 -13.172465403207655
1778 -13.172465403207655
1779 -13.172465403207655
1780 -13.172465403207655
1781 -13.172465403207655
1782 -13.172465403207655
1783 -13.172465403207655
1784 -13.172465403207655
1785 -13.172465403207655
1786 -13.172465403207655
1787 -13.172465403207655
1788 -13.172465403207655
1789 -13.172465403207655
1790 -13.172465403207655
1791 -13.172465403207655
1792 -13.172465403207655
1793 -13.172465403207655
1794 -13.172465403207655
1795 -13.172465403207655
1796 -13.172465403207655
1797 -13.172465403207655
1798 -13.172465403207655
1799 -13.172465403207655
1800 -13.172465403207655
1801 -13.172465403207655
1802 -13.172465403207655
1803 -13.172465403207655
1804 -13.172465403207655
1805 -13.172465403207655
1806 -13.172465403207655
1807 -13.174359924671288
1808 -13.174359924671288
1809 -13.174359924671288
1810 -13.174359924671288
1811 -13.174359924671288
1812 -13.174359924671288
1813 -13.174359924671288
1814 -13.174359924671288
1815 -13.174359924671288
1816 -13.174359924671288
1817 -13.174359924671288
1818 -13.174359924671288
1819 -13.174359924671288
1820 -13.174359924671288
1821 -13.174359924671288
1822 -13.174359924671288
1823 -13.174359924671288
1824 -13.174359924671288
1825 -13.174359924671288
1826 -13.174359924671288
1827 -13.174359924671288
1828 -13.174359924671288
1829 -13.174359924671288
1830 -13.174359924671288
1831 -13.174359924671288
1832 -13.174359924671288
1833 -13.174359924671288
1834 -13.189109976302332
1835 -13.189109976302332
1836 -13.189109976302332
1837 -13.189109976302332
1838 -13.189109976302332
1839 -13.189109976302332
1840 -13.189109976302332
1841 -13.189109976302332
1842 -13.189109976302332
1843 -13.189109976302332
1844 -13.189109976302332
1845 -13.189109976302332
1846 -13.189109976302332
1847 -13.189109976302332
1848 -13.189109976302332
1849 -13.189109976302332
1850 -13.189109976302332
1851 -13.189109976302332
1852 -13.189109976302332
1853 -13.189109976302332
1854 -13.189109976302332
1855 -13.189109976302332
1856 -13.189109976302332
1857 -13.198048275939701
1858 -13.198048275939701
1859 -13.198048275939701
1860 -13.198048275939701
1861 -13.198048275939701
1862 -13.198048275939701
1863 -13.198048275939701
1864 -13.198048275939701
1865 -13.198048275939701
1866 -13.198048275939701
1867 -13.198048275939701
1868 -13.198048275939701
1869 -13.198048275939701
1870 -13.198048275939701
1871 -13.198048275939701
1872 -13.198048275939701
1873 -13.198048275939701
1874 -13.198048275939701
1875 -13.198048275939701
1876 -13.198048275939701
1877 -13.198048275939701
1878 -13.198048275939701
1879 -13.198048275939701
1880 -13.198048275939701
1881 -13.198048275939701
1882 -13.198048275939701
1883 -13.198048275939701
1884 -13.198048275939701
1885 -13.198048275939701
1886 -13.198048275939701
1887 -13.198048275939701
1888 -13.198048275939701
1889 -13.198048275939701
1890 -13.198048275939701
1891 -13.198048275939701
1892 -13.198048275939701
1893 -13.198048275939701
1894 -13.198048275939701
1895 -13.198048275939701
1896 -13.198048275939701
1897 -13.198048275939701
1898 -13.198048275939701
1899 -13.198048275939701
1900 -13.198048275939701
1901 -13.198048275939701
1902 -13.207986241520718
1903 -13.207986241520718
1904 -13.207986241520718
1905 -13.207986241520718
1906 -13.207986241520718
1907 -13.207986241520718
1908 -13.207986241520718
1909 -13.207986241520718
1910 -13.207986241520718
1911 -13.207986241520718
1912 -13.207986241520718
1913 -13.207986241520718
1914 -13.207986241520718
1915 -13.207986241520718
1916 -13.207986241520718
1917 -13.207986241520718
1918 -13.207986241520718
1919 -13.207986241520718
1920 -13.207986241520718
1921 -13.207986241520718
1922 -13.207986241520718
1923 -13.207986241520718
1924 -13.207986241520718
1925 -13.207986241520718
1926 -13.207986241520718
1927 -13.207986241520718
1928 -13.207986241520718
1929 -13.207986241520718
1930 -13.207986241520718
1931 -13.207986241520718
1932 -13.207986241520718
1933 -13.207986241520718
1934 -13.207986241520718
1935 -13.207986241520718
1936 -13.207986241520718
1937 -13.207986241520718
1938 -13.207986241520718
1939 -13.207986241520718
1940 -13.207986241520718
1941 -13.207986241520718
1942 -13.207986241520718
1943 -13.207986241520718
1944 -13.207986241520718
1945 -13.207986241520718
1946 -13.207986241520718
1947 -13.207986241520718
1948 -13.207986241520718
1949 -13.207986241520718
1950 -13.207986241520718
1951 -13.207986241520718
1952 -13.207986241520718
1953 -13.239669055413259
1954 -13.239669055413259
1955 -13.239669055413259
1956 -13.239669055413259
1957 -13.239669055413259
1958 -13.239669055413259
1959 -13.239669055413259
1960 -13.239669055413259
1961 -13.239669055413259
1962 -13.239669055413259
1963 -13.239669055413259
1964 -13.239669055413259
1965 -13.239669055413259
1966 -13.239669055413259
1967 -13.239669055413259
1968 -13.239669055413259
1969 -13.257346606029273
1970 -13.257346606029273
1971 -13.257346606029273
1972 -13.257346606029273
1973 -13.257346606029273
1974 -13.257346606029273
1975 -13.257346606029273
1976 -13.257346606029273
1977 -13.257346606029273
1978 -13.257346606029273
1979 -13.257346606029273
1980 -13.257346606029273
1981 -13.257346606029273
1982 -13.257346606029273
1983 -13.257346606029273
1984 -13.257346606029273
1985 -13.257346606029273
1986 -13.257346606029273
1987 -13.257346606029273
1988 -13.257346606029273
1989 -13.257346606029273
1990 -13.269224793713894
1991 -13.269224793713894
1992 -13.269224793713894
1993 -13.269224793713894
1994 -13.269224793713894
1995 -13.269224793713894
1996 -13.269224793713894
1997 -13.269224793713894
1998 -13.269224793713894
1999 -13.269224793713894
2000 -13.269224793713894
2001 -13.269224793713894
2002 -13.269224793713894
2003 -13.269224793713894
2004 -13.269224793713894
2005 -13.269224793713894
2006 -13.269224793713894
2007 -13.269224793713894
2008 -13.269224793713894
2009 -13.269224793713894
2010 -13.269224793713894
2011 -13.269224793713894
2012 -13.269224793713894
2013 -13.269224793713894
2014 -13.269224793713894
2015 -13.269224793713894
2016 -13.269224793713894
2017 -13.269224793713894
2018 -13.269224793713894
2019 -13.279983811218107
2020 -13.279983811218107
2021 -13.279983811218107
2022 -13.279983811218107
2023 -13.279983811218107
2024 -13.279983811218107
2025 -13.279983811218107
2026 -13.279983811218107
2027 -13.279983811218107
2028 -13.279983811218107
2029 -13.279983811218107
2030 -13.279983811218107
2031 -13.279983811218107
2032 -13.279983811218107
2033 -13.279983811218107
2034 -13.279983811218107
2035 -13.279983811218107
2036 -13.279983811218107
2037 -13.279983811218107
2038 -13.279983811218107
2039 -13.279983811218107
2040 -13.279983811218107
2041 -13.279983811218107
2042 -13.279983811218107
2043 -13.279983811218107
2044 -13.279983811218107
2045 -13.279983811218107
2046 -13.279983811218107
2047 -13.279983811218107
2048 -13.28778027567412
2049 -13.28778027567412
2050 -13.28778027567412
2051 -13.28778027567412
2052 -13.28778027567412
2053 -13.28778027567412
2054 -13.28778027567412
2055 -13.28778027567412
2056 -13.28778027567412
2057 -13.28778027567412
2058 -13.28778027567412
2059 -13.28778027567412
2060 -13.28778027567412
2061 -13.28778027567412
2062 -13.28778027567412
2063 -13.28778027567412
2064 -13.28778027567412
2065 -13.28778027567412
2066 -13.28778027567412
2067 -13.28778027567412
2068 -13.28778027567412
2069 -13.28778027567412
2070 -13.28907236146187
2071 -13.28907236146187
2072 -13.28907236146187
2073 -13.28907236146187
2074 -13.28907236146187
2075 -13.28907236146187
2076 -13.28907236146187
2077 -13.28907236146187
2078 -13.28907236146187
2079 -13.28907236146187
2080 -13.28907236146187
2081 -13.28907236146187
2082 -13.28907236146187
2083 -13.28907236146187
2084 -13.298855604168176
2085 -13.298855604168176
2086 -13.298855604168176
2087 -13.298855604168176
2088 -13.298855604168176
2089 -13.298855604168176
2090 -13.298855604168176
2091 -13.298855604168176
2092 -13.298855604168176
2093 -13.298855604168176
2094 -13.298855604168176
2095 -13.298855604168176
2096 -13.298855604168176
2097 -13.298855604168176
2098 -13.298855604168176
2099 -13.298855604168176
2100 -13.298855604168176
2101 -13.298855604168176
2102 -13.298855604168176
2103 -13.298855604168176
2104 -13.298855604168176
2105 -13.298855604168176
2106 -13.298855604168176
2107 -13.298855604168176
2108 -13.298855604168176
2109 -13.298855604168176
2110 -13.298855604168176
2111 -13.298855604168176
2112 -13.298855604168176
2113 -13.298855604168176
2114 -13.298855604168176
2115 -13.298855604168176
2116 -13.298855604168176
2117 -13.298855604168176
2118 -13.298855604168176
2119 -13.298855604168176
2120 -13.298855604168176
2121 -13.298855604168176
2122 -13.298855604168176
2123 -13.298855604168176
2124 -13.298855604168176
2125 -13.298855604168176
2126 -13.298855604168176
2127 -13.298855604168176
2128 -13.298855604168176
2129 -13.298855604168176
2130 -13.298855604168176
2131 -13.298855604168176
2132 -13.298855604168176
2133 -13.298855604168176
2134 -13.298855604168176
2135 -13.298855604168176
2136 -13.298855604168176
2137 -13.298855604168176
2138 -13.298855604168176
2139 -13.298855604168176
2140 -13.298855604168176
2141 -13.298855604168176
2142 -13.298855604168176
2143 -13.298855604168176
2144 -13.298855604168176
2145 -13.298855604168176
2146 -13.298855604168176
2147 -13.298855604168176
2148 -13.298855604168176
2149 -13.298855604168176
2150 -13.298855604168176
2151 -13.298855604168176
2152 -13.298855604168176
2153 -13.298855604168176
2154 -13.298855604168176
2155 -13.298855604168176
2156 -13.298855604168176
2157 -13.298855604168176
2158 -13.298855604168176
2159 -13.298855604168176
2160 -13.298855604168176
2161 -13.298855604168176
2162 -13.298855604168176
2163 -13.298855604168176
2164 -13.298855604168176
2165 -13.298855604168176
2166 -13.298855604168176
2167 -13.298855604168176
2168 -13.298855604168176
2169 -13.298855604168176
2170 -13.298855604168176
2171 -13.298855604168176
2172 -13.298855604168176
2173 -13.298855604168176
2174 -13.298855604168176
2175 -13.298855604168176
2176 -13.298855604168176
2177 -13.298855604168176
2178 -13.298855604168176
2179 -13.298855604168176
2180 -13.298855604168176
2181 -13.298855604168176
2182 -13.298855604168176
2183 -13.298855604168176
2184 -13.298855604168176
2185 -13.298855604168176
2186 -13.298855604168176
2187 -13.298855604168176
2188 -13.298855604168176
2189 -13.298855604168176
2190 -13.298855604168176
2191 -13.298855604168176
2192 -13.298855604168176
2193 -13.298855604168176
2194 -13.298855604168176
2195 -13.308584130407281
2196 -13.308584130407281
2197 -13.308584130407281
2198 -13.308584130407281
2199 -13.308584130407281
2200 -13.308584130407281
2201 -13.308584130407281
2202 -13.308584130407281
2203 -13.308584130407281
2204 -13.308584130407281
2205 -13.308584130407281
2206 -13.308584130407281
2207 -13.308584130407281
2208 -13.308584130407281
2209 -13.308584130407281
2210 -13.308584130407281
2211 -13.308584130407281
2212 -13.308584130407281
2213 -13.308584130407281
2214 -13.308584130407281
2215 -13.308584130407281
2216 -13.308584130407281
2217 -13.308584130407281
2218 -13.308584130407281
2219 -13.308584130407281
2220 -13.308584130407281
2221 -13.308584130407281
2222 -13.308584130407281
2223 -13.308584130407281
2224 -13.308584130407281
2225 -13.308584130407281
2226 -13.308584130407281
2227 -13.308584130407281
2228 -13.309158461489462
2229 -13.309158461489462
2230 -13.309158461489462
2231 -13.309158461489462
2232 -13.309158461489462
2233 -13.309158461489462
2234 -13.309158461489462
2235 -13.309158461489462
2236 -13.309158461489462
2237 -13.309158461489462
2238 -13.309158461489462
2239 -13.309158461489462
2240 -13.309158461489462
2241 -13.309158461489462
2242 -13.309158461489462
2243 -13.309158461489462
2244 -13.356586252338694
2245 -13.356586252338694
2246 -13.356586252338694
2247 -13.356586252338694
2248 -13.356586252338694
2249 -13.356586252338694
2250 -13.356586252338694
2251 -13.356586252338694
2252 -13.356586252338694
2253 -13.356586252338694
2254 -13.370803424210632
2255 -13.370803424210632
2256 -13.370803424210632
2257 -13.370803424210632
2258 -13.370803424210632
2259 -13.370803424210632
2260 -13.370803424210632
2261 -13.370803424210632
2262 -13.370803424210632
2263 -13.370803424210632
2264 -13.370803424210632
2265 -13.370803424210632
2266 -13.370803424210632
2267 -13.370803424210632
2268 -13.370803424210632
2269 -13.370803424210632
2270 -13.370803424210632
2271 -13.370803424210632
2272 -13.370803424210632
2273 -13.370803424210632
2274 -13.370803424210632
2275 -13.370803424210632
2276 -13.370803424210632
2277 -13.370803424210632
2278 -13.370803424210632
2279 -13.370803424210632
2280 -13.370803424210632
2281 -13.370803424210632
2282 -13.370803424210632
2283 -13.370803424210632
2284 -13.370803424210632
2285 -13.370803424210632
2286 -13.370803424210632
2287 -13.370803424210632
2288 -13.370803424210632
2289 -13.370803424210632
2290 -13.370803424210632
2291 -13.370803424210632
2292 -13.370803424210632
2293 -13.370803424210632
2294 -13.370803424210632
2295 -13.370803424210632
2296 -13.370803424210632
2297 -13.370803424210632
2298 -13.370803424210632
2299 -13.370803424210632
2300 -13.370803424210632
2301 -13.370803424210632
2302 -13.370803424210632
2303 -13.370803424210632
2304 -13.370803424210632
2305 -13.370803424210632
2306 -13.370803424210632
2307 -13.370803424210632
2308 -13.370803424210632
2309 -13.370803424210632
2310 -13.370803424210632
2311 -13.370803424210632
2312 -13.370803424210632
2313 -13.370803424210632
2314 -13.370803424210632
2315 -13.370803424210632
2316 -13.370803424210632
2317 -13.370803424210632
2318 -13.370803424210632
2319 -13.370803424210632
2320 -13.370803424210632
2321 -13.370803424210632
2322 -13.370803424210632
2323 -13.370803424210632
2324 -13.370803424210632
2325 -13.370803424210632
2326 -13.370803424210632
2327 -13.370803424210632
2328 -13.370803424210632
2329 -13.370803424210632
2330 -13.370803424210632
2331 -13.370803424210632
2332 -13.370803424210632
2333 -13.370803424210632
2334 -13.370803424210632
2335 -13.370803424210632
2336 -13.370803424210632
2337 -13.370803424210632
2338 -13.370803424210632
2339 -13.370803424210632
2340 -13.370803424210632
2341 -13.370803424210632
2342 -13.370803424210632
2343 -13.370803424210632
2344 -13.370803424210632
2345 -13.370803424210632
2346 -13.370803424210632
2347 -13.370803424210632
2348 -13.370803424210632
2349 -13.370803424210632
2350 -13.370803424210632
2351 -13.370803424210632
2352 -13.370803424210632
2353 -13.370803424210632
2354 -13.370803424210632
2355 -13.370803424210632
2356 -13.370803424210632
2357 -13.370803424210632
2358 -13.370803424210632
2359 -13.370803424210632
2360 -13.370803424210632
2361 -13.370803424210632
2362 -13.370803424210632
2363 -13.370803424210632
2364 -13.370803424210632
2365 -13.370803424210632
2366 -13.370803424210632
2367 -13.370803424210632
2368 -13.370803424210632
2369 -13.370803424210632
2370 -13.370803424210632
2371 -13.370803424210632
2372 -13.370803424210632
2373 -13.370803424210632
2374 -13.370803424210632
2375 -13.370803424210632
2376 -13.370803424210632
2377 -13.370803424210632
2378 -13.370803424210632
2379 -13.370803424210632
2380 -13.370803424210632
2381 -13.370803424210632
2382 -13.370803424210632
2383 -13.370803424210632
2384 -13.370803424210632
2385 -13.370803424210632
2386 -13.370803424210632
2387 -13.370803424210632
2388 -13.370803424210632
2389 -13.370803424210632
2390 -13.370803424210632
2391 -13.370803424210632
2392 -13.370803424210632
2393 -13.370803424210632
2394 -13.370803424210632
2395 -13.370803424210632
2396 -13.370803424210632
2397 -13.370803424210632
2398 -13.370803424210632
2399 -13.370803424210632
2400 -13.370803424210632
2401 -13.374540521884057
2402 -13.374540521884057
2403 -13.374540521884057
2404 -13.374540521884057
2405 -13.374540521884057
2406 -13.374540521884057
2407 -13.374540521884057
2408 -13.374540521884057
2409 -13.374540521884057
2410 -13.374540521884057
2411 -13.374540521884057
2412 -13.374540521884057
2413 -13.374540521884057
2414 -13.374540521884057
2415 -13.374540521884057
2416 -13.374540521884057
2417 -13.374540521884057
2418 -13.374540521884057
2419 -13.374540521884057
2420 -13.374540521884057
2421 -13.374540521884057
2422 -13.374540521884057
2423 -13.374540521884057
2424 -13.374540521884057
2425 -13.374540521884057
2426 -13.374540521884057
2427 -13.374540521884057
2428 -13.374540521884057
2429 -13.374540521884057
2430 -13.374540521884057
2431 -13.374540521884057
2432 -13.374540521884057
2433 -13.374540521884057
2434 -13.374540521884057
2435 -13.374540521884057
2436 -13.374540521884057
2437 -13.374540521884057
2438 -13.374540521884057
2439 -13.374540521884057
2440 -13.374540521884057
2441 -13.374540521884057
2442 -13.374540521884057
2443 -13.374540521884057
2444 -13.374540521884057
2445 -13.374540521884057
2446 -13.374540521884057
2447 -13.374540521884057
2448 -13.374540521884057
2449 -13.374540521884057
2450 -13.374540521884057
2451 -13.374540521884057
2452 -13.374540521884057
2453 -13.374540521884057
2454 -13.374540521884057
2455 -13.374540521884057
2456 -13.374540521884057
2457 -13.374540521884057
2458 -13.374540521884057
2459 -13.374540521884057
2460 -13.374540521884057
2461 -13.374540521884057
2462 -13.374540521884057
2463 -13.374540521884057
2464 -13.374540521884057
2465 -13.374540521884057
2466 -13.374540521884057
2467 -13.374540521884057
2468 -13.374540521884057
2469 -13.374540521884057
2470 -13.374540521884057
2471 -13.374540521884057
2472 -13.374540521884057
2473 -13.376544092936006
2474 -13.376544092936006
2475 -13.376544092936006
2476 -13.376544092936006
2477 -13.376544092936006
2478 -13.376544092936006
2479 -13.376544092936006
2480 -13.376544092936006
2481 -13.376544092936006
2482 -13.376544092936006
2483 -13.376544092936006
2484 -13.376544092936006
2485 -13.376544092936006
2486 -13.376544092936006
2487 -13.376544092936006
2488 -13.376544092936006
2489 -13.376544092936006
2490 -13.376544092936006
2491 -13.376544092936006
2492 -13.376544092936006
2493 -13.376544092936006
2494 -13.376544092936006
2495 -13.376544092936006
2496 -13.376544092936006
2497 -13.376544092936006
2498 -13.376544092936006
2499 -13.376544092936006
2500 -13.376544092936006
2501 -13.376544092936006
2502 -13.376544092936006
2503 -13.376544092936006
2504 -13.376544092936006
2505 -13.376544092936006
2506 -13.376544092936006
2507 -13.376544092936006
2508 -13.376544092936006
2509 -13.376544092936006
2510 -13.376544092936006
2511 -13.376544092936006
2512 -13.376544092936006
2513 -13.376544092936006
2514 -13.376544092936006
2515 -13.376544092936006
2516 -13.376544092936006
2517 -13.376544092936006
2518 -13.376544092936006
2519 -13.376544092936006
2520 -13.376544092936006
2521 -13.376544092936006
2522 -13.376544092936006
2523 -13.376544092936006
2524 -13.376544092936006
2525 -13.376544092936006
2526 -13.376544092936006
2527 -13.376544092936006
2528 -13.376544092936006
2529 -13.376544092936006
2530 -13.376544092936006
2531 -13.376544092936006
2532 -13.376544092936006
2533 -13.376544092936006
2534 -13.376544092936006
2535 -13.376544092936006
2536 -13.376544092936006
2537 -13.376544092936006
2538 -13.376544092936006
2539 -13.376544092936006
2540 -13.376544092936006
2541 -13.376544092936006
2542 -13.376544092936006
2543 -13.376544092936006
2544 -13.376544092936006
2545 -13.376544092936006
2546 -13.376544092936006
2547 -13.376544092936006
2548 -13.376544092936006
2549 -13.376544092936006
2550 -13.376544092936006
2551 -13.376544092936006
2552 -13.376544092936006
2553 -13.376544092936006
2554 -13.376544092936006
2555 -13.376544092936006
2556 -13.376544092936006
2557 -13.376544092936006
2558 -13.376544092936006
2559 -13.376544092936006
2560 -13.376544092936006
2561 -13.376544092936006
2562 -13.376544092936006
2563 -13.376544092936006
2564 -13.376544092936006
2565 -13.376544092936006
2566 -13.376544092936006
2567 -13.376544092936006
2568 -13.376544092936006
2569 -13.376544092936006
2570 -13.376544092936006
2571 -13.376544092936006
2572 -13.376544092936006
2573 -13.376544092936006
2574 -13.376544092936006
2575 -13.376544092936006
2576 -13.376544092936006
2577 -13.376544092936006
2578 -13.376544092936006
2579 -13.376544092936006
2580 -13.376544092936006
2581 -13.376544092936006
2582 -13.376544092936006
2583 -13.376544092936006
2584 -13.376544092936006
2585 -13.376544092936006
2586 -13.376544092936006
2587 -13.376544092936006
2588 -13.376544092936006
2589 -13.376544092936006
2590 -13.376544092936006
2591 -13.376544092936006
2592 -13.376544092936006
2593 -13.376544092936006
2594 -13.376544092936006
2595 -13.376544092936006
2596 -13.376544092936006
2597 -13.376544092936006
2598 -13.376544092936006
2599 -13.376544092936006
2600 -13.376544092936006
2601 -13.376544092936006
2602 -13.376544092936006
2603 -13.376544092936006
2604 -13.376544092936006
2605 -13.376544092936006
2606 -13.376544092936006
2607 -13.376544092936006
2608 -13.376544092936006
2609 -13.376544092936006
2610 -13.376544092936006
2611 -13.376544092936006
2612 -13.376544092936006
2613 -13.376544092936006
2614 -13.376544092936006
2615 -13.376544092936006
2616 -13.376544092936006
2617 -13.376544092936006
2618 -13.376544092936006
2619 -13.376544092936006
2620 -13.376544092936006
2621 -13.376544092936006
2622 -13.376544092936006
2623 -13.376544092936006
2624 -13.376544092936006
2625 -13.376544092936006
2626 -13.376544092936006
2627 -13.376544092936006
2628 -13.376544092936006
2629 -13.376544092936006
2630 -13.376544092936006
2631 -13.376544092936006
2632 -13.376544092936006
2633 -13.376544092936006
2634 -13.376544092936006
2635 -13.376544092936006
2636 -13.376544092936006
2637 -13.376544092936006
2638 -13.376544092936006
2639 -13.376544092936006
2640 -13.376544092936006
2641 -13.376544092936006
2642 -13.376544092936006
2643 -13.376544092936006
2644 -13.376544092936006
2645 -13.376544092936006
2646 -13.376544092936006
2647 -13.376544092936006
2648 -13.376544092936006
2649 -13.376544092936006
2650 -13.376544092936006
2651 -13.376544092936006
2652 -13.376544092936006
2653 -13.376544092936006
2654 -13.376544092936006
2655 -13.376544092936006
2656 -13.376544092936006
2657 -13.376544092936006
2658 -13.376544092936006
2659 -13.376544092936006
2660 -13.376544092936006
2661 -13.376544092936006
2662 -13.376544092936006
2663 -13.376544092936006
2664 -13.376544092936006
2665 -13.376544092936006
2666 -13.376544092936006
2667 -13.376544092936006
2668 -13.376544092936006
2669 -13.376544092936006
2670 -13.376544092936006
2671 -13.376544092936006
2672 -13.376544092936006
2673 -13.376544092936006
2674 -13.376544092936006
2675 -13.376544092936006
2676 -13.376544092936006
2677 -13.376544092936006
2678 -13.376544092936006
2679 -13.376544092936006
2680 -13.376544092936006
2681 -13.376544092936006
2682 -13.376544092936006
2683 -13.376544092936006
2684 -13.376544092936006
2685 -13.376544092936006
2686 -13.376544092936006
2687 -13.376544092936006
2688 -13.376544092936006
2689 -13.376544092936006
2690 -13.376544092936006
2691 -13.376544092936006
2692 -13.376544092936006
2693 -13.376544092936006
2694 -13.376544092936006
2695 -13.376544092936006
2696 -13.376544092936006
2697 -13.376544092936006
2698 -13.376544092936006
2699 -13.376544092936006
2700 -13.376544092936006
2701 -13.376544092936006
2702 -13.376544092936006
2703 -13.376544092936006
2704 -13.376544092936006
2705 -13.376544092936006
2706 -13.376544092936006
2707 -13.376544092936006
2708 -13.376544092936006
2709 -13.376544092936006
2710 -13.376544092936006
2711 -13.376544092936006
2712 -13.376544092936006
2713 -13.376544092936006
2714 -13.376544092936006
2715 -13.376544092936006
2716 -13.376544092936006
2717 -13.386785629050545
2718 -13.386785629050545
2719 -13.386785629050545
2720 -13.386785629050545
2721 -13.386785629050545
2722 -13.386785629050545
2723 -13.386785629050545
2724 -13.386785629050545
2725 -13.386785629050545
2726 -13.386785629050545
2727 -13.386785629050545
2728 -13.386785629050545
2729 -13.386785629050545
2730 -13.386785629050545
2731 -13.386785629050545
2732 -13.386785629050545
2733 -13.386785629050545
2734 -13.386785629050545
2735 -13.386785629050545
2736 -13.386785629050545
2737 -13.386785629050545
2738 -13.386785629050545
2739 -13.386785629050545
2740 -13.386785629050545
2741 -13.386785629050545
2742 -13.386785629050545
2743 -13.386785629050545
2744 -13.386785629050545
2745 -13.386785629050545
2746 -13.386785629050545
2747 -13.386785629050545
2748 -13.386785629050545
2749 -13.386785629050545
2750 -13.386785629050545
2751 -13.386785629050545
2752 -13.386785629050545
2753 -13.386785629050545
2754 -13.386785629050545
2755 -13.386785629050545
2756 -13.386785629050545
2757 -13.386785629050545
2758 -13.386785629050545
2759 -13.386785629050545
2760 -13.386785629050545
2761 -13.386785629050545
2762 -13.386785629050545
2763 -13.386785629050545
2764 -13.386785629050545
2765 -13.386785629050545
2766 -13.386785629050545
2767 -13.386785629050545
2768 -13.386785629050545
2769 -13.386785629050545
2770 -13.386785629050545
2771 -13.386785629050545
2772 -13.386785629050545
2773 -13.386785629050545
2774 -13.386785629050545
2775 -13.386785629050545
2776 -13.386785629050545
2777 -13.386785629050545
2778 -13.386785629050545
2779 -13.386785629050545
2780 -13.386785629050545
2781 -13.386785629050545
2782 -13.386785629050545
2783 -13.386785629050545
2784 -13.386785629050545
2785 -13.386785629050545
2786 -13.386785629050545
2787 -13.386785629050545
2788 -13.386785629050545
2789 -13.386785629050545
2790 -13.386785629050545
2791 -13.386785629050545
2792 -13.386785629050545
2793 -13.386785629050545
2794 -13.386785629050545
2795 -13.386785629050545
2796 -13.386785629050545
2797 -13.386785629050545
2798 -13.386785629050545
2799 -13.386785629050545
2800 -13.386785629050545
2801 -13.386785629050545
2802 -13.386785629050545
2803 -13.386785629050545
2804 -13.386785629050545
2805 -13.386785629050545
2806 -13.386785629050545
2807 -13.386785629050545
2808 -13.386785629050545
2809 -13.386785629050545
2810 -13.386785629050545
2811 -13.386785629050545
2812 -13.386785629050545
2813 -13.386785629050545
2814 -13.386785629050545
2815 -13.386785629050545
2816 -13.386785629050545
2817 -13.386785629050545
2818 -13.386785629050545
2819 -13.386785629050545
2820 -13.386785629050545
2821 -13.386785629050545
2822 -13.386785629050545
2823 -13.386785629050545
2824 -13.386785629050545
2825 -13.386785629050545
2826 -13.386785629050545
2827 -13.386785629050545
2828 -13.386785629050545
2829 -13.386785629050545
2830 -13.386785629050545
2831 -13.386785629050545
2832 -13.386785629050545
2833 -13.386785629050545
2834 -13.386785629050545
2835 -13.386785629050545
2836 -13.386785629050545
2837 -13.386785629050545
2838 -13.386785629050545
2839 -13.386785629050545
2840 -13.386785629050545
2841 -13.386785629050545
2842 -13.386785629050545
2843 -13.386785629050545
2844 -13.386785629050545
2845 -13.386785629050545
2846 -13.386785629050545
2847 -13.386785629050545
2848 -13.386785629050545
2849 -13.386785629050545
2850 -13.386785629050545
2851 -13.386785629050545
2852 -13.386785629050545
2853 -13.386785629050545
2854 -13.386785629050545
2855 -13.386785629050545
2856 -13.386785629050545
2857 -13.386785629050545
2858 -13.386785629050545
2859 -13.386785629050545
2860 -13.386785629050545
2861 -13.386785629050545
2862 -13.386785629050545
2863 -13.438894963419472
2864 -13.438894963419472
2865 -13.438894963419472
2866 -13.438894963419472
2867 -13.438894963419472
2868 -13.438894963419472
2869 -13.438894963419472
2870 -13.438894963419472
2871 -13.438894963419472
2872 -13.438894963419472
2873 -13.438894963419472
2874 -13.438894963419472
2875 -13.438894963419472
2876 -13.438894963419472
2877 -13.438894963419472
2878 -13.438894963419472
2879 -13.438894963419472
2880 -13.438894963419472
2881 -13.438894963419472
2882 -13.438894963419472
2883 -13.438894963419472
2884 -13.438894963419472
2885 -13.438894963419472
2886 -13.438894963419472
2887 -13.438894963419472
2888 -13.438894963419472
2889 -13.438894963419472
2890 -13.438894963419472
2891 -13.438894963419472
2892 -13.438894963419472
2893 -13.438894963419472
2894 -13.438894963419472
2895 -13.438894963419472
2896 -13.438894963419472
2897 -13.438894963419472
2898 -13.438894963419472
2899 -13.438894963419472
2900 -13.438894963419472
2901 -13.438894963419472
2902 -13.438894963419472
2903 -13.438894963419472
2904 -13.438894963419472
2905 -13.438894963419472
2906 -13.438894963419472
2907 -13.438894963419472
2908 -13.438894963419472
2909 -13.438894963419472
2910 -13.438894963419472
2911 -13.438894963419472
2912 -13.438894963419472
2913 -13.438894963419472
2914 -13.438894963419472
2915 -13.438894963419472
2916 -13.438894963419472
2917 -13.438894963419472
2918 -13.438894963419472
2919 -13.438894963419472
2920 -13.438894963419472
2921 -13.438894963419472
2922 -13.438894963419472
2923 -13.438894963419472
2924 -13.438894963419472
2925 -13.438894963419472
2926 -13.438894963419472
2927 -13.438894963419472
2928 -13.438894963419472
2929 -13.438894963419472
2930 -13.438894963419472
2931 -13.438894963419472
2932 -13.438894963419472
2933 -13.438894963419472
2934 -13.438894963419472
2935 -13.438894963419472
2936 -13.438894963419472
2937 -13.438894963419472
2938 -13.438894963419472
2939 -13.438894963419472
2940 -13.438894963419472
2941 -13.438894963419472
2942 -13.438894963419472
2943 -13.438894963419472
2944 -13.438894963419472
2945 -13.438894963419472
2946 -13.438894963419472
2947 -13.438894963419472
2948 -13.438894963419472
2949 -13.438894963419472
2950 -13.438894963419472
2951 -13.438894963419472
2952 -13.438894963419472
2953 -13.438894963419472
2954 -13.438894963419472
2955 -13.438894963419472
2956 -13.438894963419472
2957 -13.438894963419472
2958 -13.438894963419472
2959 -13.438894963419472
2960 -13.438894963419472
2961 -13.438894963419472
2962 -13.438894963419472
2963 -13.438894963419472
2964 -13.438894963419472
2965 -13.438894963419472
2966 -13.438894963419472
2967 -13.446284674470228
2968 -13.446284674470228
2969 -13.446284674470228
2970 -13.446284674470228
2971 -13.447557428090665
2972 -13.447557428090665
2973 -13.447557428090665
2974 -13.447557428090665
2975 -13.447557428090665
2976 -13.447557428090665
2977 -13.447557428090665
2978 -13.447557428090665
2979 -13.447557428090665
2980 -13.447557428090665
2981 -13.447557428090665
2982 -13.447557428090665
2983 -13.447557428090665
2984 -13.447557428090665
2985 -13.447557428090665
2986 -13.447557428090665
2987 -13.447557428090665
2988 -13.447557428090665
2989 -13.474203218102556
2990 -13.474203218102556
2991 -13.474203218102556
2992 -13.474203218102556
2993 -13.474203218102556
2994 -13.474203218102556
2995 -13.474203218102556
2996 -13.474203218102556
2997 -13.474203218102556
2998 -13.474203218102556
2999 -13.474203218102556
3000 -13.474203218102556
3001 -13.474203218102556
3002 -13.474203218102556
3003 -13.474203218102556
3004 -13.474203218102556
3005 -13.474203218102556
3006 -13.474203218102556
3007 -13.474203218102556
3008 -13.474203218102556
3009 -13.474203218102556
3010 -13.474203218102556
3011 -13.474203218102556
3012 -13.474203218102556
3013 -13.474203218102556
3014 -13.474203218102556
3015 -13.474203218102556
3016 -13.474203218102556
3017 -13.474203218102556
3018 -13.474203218102556
3019 -13.474203218102556
3020 -13.474203218102556
3021 -13.474203218102556
3022 -13.474203218102556
3023 -13.474203218102556
3024 -13.474203218102556
3025 -13.474203218102556
3026 -13.474203218102556
3027 -13.474203218102556
3028 -13.474203218102556
3029 -13.474203218102556
3030 -13.474203218102556
3031 -13.474203218102556
3032 -13.474203218102556
3033 -13.474203218102556
3034 -13.474203218102556
3035 -13.474203218102556
3036 -13.474203218102556
3037 -13.474203218102556
3038 -13.474203218102556
3039 -13.474203218102556
3040 -13.474203218102556
3041 -13.474203218102556
3042 -13.474203218102556
3043 -13.474203218102556
3044 -13.474203218102556
3045 -13.474203218102556
3046 -13.474203218102556
3047 -13.474203218102556
3048 -13.491640067553089
3049 -13.491640067553089
3050 -13.491640067553089
3051 -13.491640067553089
3052 -13.516136353875778
3053 -13.516136353875778
3054 -13.516136353875778
3055 -13.516136353875778
3056 -13.516136353875778
3057 -13.516136353875778
3058 -13.516136353875778
3059 -13.516136353875778
3060 -13.516136353875778
3061 -13.516136353875778
3062 -13.516136353875778
3063 -13.516136353875778
3064 -13.516136353875778
3065 -13.516136353875778
3066 -13.516136353875778
3067 -13.516136353875778
3068 -13.516136353875778
3069 -13.516136353875778
3070 -13.516136353875778
3071 -13.516136353875778
3072 -13.516136353875778
3073 -13.516136353875778
3074 -13.516136353875778
3075 -13.516136353875778
3076 -13.516136353875778
3077 -13.516136353875778
3078 -13.516136353875778
3079 -13.516136353875778
3080 -13.516136353875778
3081 -13.516136353875778
3082 -13.516136353875778
3083 -13.516136353875778
3084 -13.516136353875778
3085 -13.516136353875778
3086 -13.516136353875778
3087 -13.516136353875778
3088 -13.516136353875778
3089 -13.516136353875778
3090 -13.516136353875778
3091 -13.516136353875778
3092 -13.516136353875778
3093 -13.516136353875778
3094 -13.516136353875778
3095 -13.516136353875778
3096 -13.516136353875778
3097 -13.516136353875778
3098 -13.516136353875778
3099 -13.516136353875778
3100 -13.516136353875778
3101 -13.516136353875778
3102 -13.516136353875778
3103 -13.516136353875778
3104 -13.516136353875778
3105 -13.516136353875778
3106 -13.516136353875778
3107 -13.516136353875778
3108 -13.516136353875778
3109 -13.516136353875778
3110 -13.516136353875778
3111 -13.516136353875778
3112 -13.516136353875778
3113 -13.516136353875778
3114 -13.516136353875778
3115 -13.516136353875778
3116 -13.516136353875778
3117 -13.516136353875778
3118 -13.516136353875778
3119 -13.516136353875778
3120 -13.516136353875778
3121 -13.516136353875778
3122 -13.516136353875778
3123 -13.516136353875778
3124 -13.516136353875778
3125 -13.516136353875778
3126 -13.516136353875778
3127 -13.516136353875778
3128 -13.526473573341708
3129 -13.526473573341708
3130 -13.526473573341708
3131 -13.526473573341708
3132 -13.526473573341708
3133 -13.526473573341708
3134 -13.526473573341708
3135 -13.526473573341708
3136 -13.526473573341708
3137 -13.526473573341708
3138 -13.526473573341708
3139 -13.526473573341708
3140 -13.526473573341708
3141 -13.526473573341708
3142 -13.526473573341708
3143 -13.526473573341708
3144 -13.526473573341708
3145 -13.526473573341708
3146 -13.526473573341708
3147 -13.526473573341708
3148 -13.526473573341708
3149 -13.526473573341708
3150 -13.526473573341708
3151 -13.526473573341708
3152 -13.526473573341708
3153 -13.526473573341708
3154 -13.526473573341708
3155 -13.526473573341708
3156 -13.526473573341708
3157 -13.526473573341708
3158 -13.526473573341708
3159 -13.526473573341708
3160 -13.526473573341708
3161 -13.526473573341708
3162 -13.526473573341708
3163 -13.526473573341708
3164 -13.526473573341708
3165 -13.526473573341708
3166 -13.526473573341708
3167 -13.526473573341708
3168 -13.526473573341708
3169 -13.526473573341708
3170 -13.526473573341708
3171 -13.526473573341708
3172 -13.526473573341708
3173 -13.526473573341708
3174 -13.526473573341708
3175 -13.526473573341708
3176 -13.526473573341708
3177 -13.526473573341708
3178 -13.526473573341708
3179 -13.526473573341708
3180 -13.526473573341708
3181 -13.526473573341708
3182 -13.526473573341708
3183 -13.526473573341708
3184 -13.526473573341708
3185 -13.526473573341708
3186 -13.526473573341708
3187 -13.526473573341708
3188 -13.526473573341708
3189 -13.526473573341708
3190 -13.526473573341708
3191 -13.526473573341708
3192 -13.526473573341708
3193 -13.526473573341708
3194 -13.526473573341708
3195 -13.526473573341708
3196 -13.526473573341708
3197 -13.526473573341708
3198 -13.526473573341708
3199 -13.526473573341708
3200 -13.526473573341708
3201 -13.526473573341708
3202 -13.526473573341708
3203 -13.526473573341708
3204 -13.526473573341708
3205 -13.526473573341708
3206 -13.526473573341708
3207 -13.526473573341708
3208 -13.526473573341708
3209 -13.526473573341708
3210 -13.526473573341708
3211 -13.526473573341708
3212 -13.526473573341708
3213 -13.526473573341708
3214 -13.526473573341708
3215 -13.526473573341708
3216 -13.526473573341708
3217 -13.526473573341708
3218 -13.526473573341708
3219 -13.526473573341708
3220 -13.526473573341708
3221 -13.526473573341708
3222 -13.526473573341708
3223 -13.526473573341708
3224 -13.526473573341708
3225 -13.526473573341708
3226 -13.526473573341708
3227 -13.526473573341708
3228 -13.526473573341708
3229 -13.526473573341708
3230 -13.529212432421394
3231 -13.529212432421394
3232 -13.529212432421394
3233 -13.529212432421394
3234 -13.529212432421394
3235 -13.529212432421394
3236 -13.529212432421394
3237 -13.529212432421394
3238 -13.529212432421394
3239 -13.529212432421394
3240 -13.529212432421394
3241 -13.529212432421394
3242 -13.529212432421394
3243 -13.529212432421394
3244 -13.529212432421394
3245 -13.529212432421394
3246 -13.529212432421394
3247 -13.529212432421394
3248 -13.529212432421394
3249 -13.529212432421394
3250 -13.529212432421394
3251 -13.529212432421394
3252 -13.529212432421394
3253 -13.529212432421394
3254 -13.529212432421394
3255 -13.529212432421394
3256 -13.529212432421394
3257 -13.529212432421394
3258 -13.529212432421394
3259 -13.529212432421394
3260 -13.529212432421394
3261 -13.529212432421394
3262 -13.529212432421394
3263 -13.529212432421394
3264 -13.529212432421394
3265 -13.529212432421394
3266 -13.529212432421394
3267 -13.529212432421394
3268 -13.529212432421394
3269 -13.529212432421394
3270 -13.529212432421394
3271 -13.529212432421394
3272 -13.529212432421394
3273 -13.529212432421394
3274 -13.529212432421394
3275 -13.529212432421394
3276 -13.529212432421394
3277 -13.529212432421394
3278 -13.529212432421394
3279 -13.529212432421394
3280 -13.529212432421394
3281 -13.529212432421394
3282 -13.529212432421394
3283 -13.529212432421394
3284 -13.529212432421394
3285 -13.529212432421394
3286 -13.529212432421394
3287 -13.529212432421394
3288 -13.529212432421394
3289 -13.529212432421394
3290 -13.529212432421394
3291 -13.529212432421394
3292 -13.529212432421394
3293 -13.529212432421394
3294 -13.529212432421394
3295 -13.529212432421394
3296 -13.529212432421394
3297 -13.529212432421394
3298 -13.529212432421394
3299 -13.529212432421394
3300 -13.529212432421394
3301 -13.529212432421394
3302 -13.529212432421394
3303 -13.529212432421394
3304 -13.529212432421394
3305 -13.529212432421394
3306 -13.529212432421394
3307 -13.529212432421394
3308 -13.529212432421394
3309 -13.529212432421394
3310 -13.529212432421394
3311 -13.529212432421394
3312 -13.529212432421394
3313 -13.529212432421394
3314 -13.529212432421394
3315 -13.529212432421394
3316 -13.529212432421394
3317 -13.529212432421394
3318 -13.529212432421394
3319 -13.529212432421394
3320 -13.529212432421394
3321 -13.529212432421394
3322 -13.529212432421394
3323 -13.529212432421394
3324 -13.529212432421394
3325 -13.529212432421394
3326 -13.529212432421394
3327 -13.529212432421394
3328 -13.529212432421394
3329 -13.529212432421394
3330 -13.529212432421394
3331 -13.529212432421394
3332 -13.529212432421394
3333 -13.529212432421394
3334 -13.529212432421394
3335 -13.529212432421394
3336 -13.529212432421394
3337 -13.529212432421394
3338 -13.529212432421394
3339 -13.529212432421394
3340 -13.529212432421394
3341 -13.538352228820917
3342 -13.538352228820917
3343 -13.538352228820917
3344 -13.538352228820917
3345 -13.538352228820917
3346 -13.538352228820917
3347 -13.538352228820917
3348 -13.538352228820917
3349 -13.538352228820917
3350 -13.538352228820917
3351 -13.538352228820917
3352 -13.538352228820917
3353 -13.538352228820917
3354 -13.538352228820917
3355 -13.538352228820917
3356 -13.538352228820917
3357 -13.538352228820917
3358 -13.538352228820917
3359 -13.538352228820917
3360 -13.538352228820917
3361 -13.538352228820917
3362 -13.538352228820917
3363 -13.538352228820917
3364 -13.538352228820917
3365 -13.538352228820917
3366 -13.538352228820917
3367 -13.538352228820917
3368 -13.538352228820917
3369 -13.538352228820917
3370 -13.538352228820917
3371 -13.538352228820917
3372 -13.538352228820917
3373 -13.538352228820917
3374 -13.538352228820917
3375 -13.538352228820917
3376 -13.538352228820917
3377 -13.538352228820917
3378 -13.538352228820917
3379 -13.538352228820917
3380 -13.538352228820917
3381 -13.538352228820917
3382 -13.538352228820917
3383 -13.538352228820917
3384 -13.538352228820917
3385 -13.576057019886921
3386 -13.576057019886921
3387 -13.576057019886921
3388 -13.576057019886921
3389 -13.578001871893088
3390 -13.578001871893088
3391 -13.578001871893088
3392 -13.578001871893088
3393 -13.578001871893088
3394 -13.578001871893088
3395 -13.578001871893088
3396 -13.578001871893088
3397 -13.578001871893088
3398 -13.578001871893088
3399 -13.578001871893088
3400 -13.578001871893088
3401 -13.578001871893088
3402 -13.578001871893088
3403 -13.578001871893088
3404 -13.587304301510308
3405 -13.587304301510308
3406 -13.587304301510308
3407 -13.587304301510308
3408 -13.587304301510308
3409 -13.587304301510308
3410 -13.587304301510308
3411 -13.587304301510308
3412 -13.587304301510308
3413 -13.587304301510308
3414 -13.587304301510308
3415 -13.587304301510308
3416 -13.587304301510308
3417 -13.587304301510308
3418 -13.587304301510308
3419 -13.587304301510308
3420 -13.587304301510308
3421 -13.587304301510308
3422 -13.587304301510308
3423 -13.587304301510308
3424 -13.587304301510308
3425 -13.587304301510308
3426 -13.587304301510308
3427 -13.587304301510308
3428 -13.587304301510308
3429 -13.587304301510308
3430 -13.587304301510308
3431 -13.587304301510308
3432 -13.587304301510308
3433 -13.587304301510308
3434 -13.587304301510308
3435 -13.587304301510308
3436 -13.587304301510308
3437 -13.587304301510308
3438 -13.587304301510308
3439 -13.587304301510308
3440 -13.587304301510308
3441 -13.587304301510308
3442 -13.587304301510308
3443 -13.587304301510308
3444 -13.587304301510308
3445 -13.587304301510308
3446 -13.587304301510308
3447 -13.587304301510308
3448 -13.587304301510308
3449 -13.59293983500068
3450 -13.59293983500068
3451 -13.59293983500068
3452 -13.59293983500068
3453 -13.59293983500068
3454 -13.59293983500068
3455 -13.59293983500068
3456 -13.59293983500068
3457 -13.59293983500068
3458 -13.59293983500068
3459 -13.59293983500068
3460 -13.59293983500068
3461 -13.59293983500068
3462 -13.59293983500068
3463 -13.59293983500068
3464 -13.59293983500068
3465 -13.59293983500068
3466 -13.59293983500068
3467 -13.59293983500068
3468 -13.59293983500068
3469 -13.59293983500068
3470 -13.59293983500068
3471 -13.59293983500068
3472 -13.59293983500068
3473 -13.59293983500068
3474 -13.59293983500068
3475 -13.59293983500068
3476 -13.59293983500068
3477 -13.59293983500068
3478 -13.59293983500068
3479 -13.59293983500068
3480 -13.59293983500068
3481 -13.59293983500068
3482 -13.59293983500068
3483 -13.59293983500068
3484 -13.59293983500068
3485 -13.59293983500068
3486 -13.59293983500068
3487 -13.59293983500068
3488 -13.59293983500068
3489 -13.59293983500068
3490 -13.59293983500068
3491 -13.59293983500068
3492 -13.59293983500068
3493 -13.59293983500068
3494 -13.59293983500068
3495 -13.59293983500068
3496 -13.59293983500068
3497 -13.59293983500068
3498 -13.59293983500068
3499 -13.59293983500068
3500 -13.59293983500068
3501 -13.59293983500068
3502 -13.59293983500068
3503 -13.59293983500068
3504 -13.59293983500068
3505 -13.59293983500068
3506 -13.59293983500068
3507 -13.59293983500068
3508 -13.59293983500068
3509 -13.59293983500068
3510 -13.59293983500068
3511 -13.59293983500068
3512 -13.59293983500068
3513 -13.59293983500068
3514 -13.59293983500068
3515 -13.59293983500068
3516 -13.59293983500068
3517 -13.59293983500068
3518 -13.59293983500068
3519 -13.59293983500068
3520 -13.59293983500068
3521 -13.59293983500068
3522 -13.59293983500068
3523 -13.59293983500068
3524 -13.59293983500068
3525 -13.59293983500068
3526 -13.59293983500068
3527 -13.59293983500068
3528 -13.59293983500068
3529 -13.59293983500068
3530 -13.59293983500068
3531 -13.59293983500068
3532 -13.59293983500068
3533 -13.59293983500068
3534 -13.59293983500068
3535 -13.59293983500068
3536 -13.59293983500068
3537 -13.59293983500068
3538 -13.59293983500068
3539 -13.59293983500068
3540 -13.59293983500068
3541 -13.59293983500068
3542 -13.59293983500068
3543 -13.59293983500068
3544 -13.59293983500068
3545 -13.59293983500068
3546 -13.59293983500068
3547 -13.59293983500068
3548 -13.59293983500068
3549 -13.59293983500068
3550 -13.59293983500068
3551 -13.59293983500068
3552 -13.59293983500068
3553 -13.59293983500068
3554 -13.59293983500068
3555 -13.59293983500068
3556 -13.59293983500068
3557 -13.59293983500068
3558 -13.59293983500068
3559 -13.59293983500068
3560 -13.59293983500068
3561 -13.59293983500068
3562 -13.59293983500068
3563 -13.59293983500068
3564 -13.59293983500068
3565 -13.59293983500068
3566 -13.59293983500068
3567 -13.59293983500068
3568 -13.59293983500068
3569 -13.59293983500068
3570 -13.59293983500068
3571 -13.59293983500068
3572 -13.59293983500068
3573 -13.59293983500068
3574 -13.59293983500068
3575 -13.59293983500068
3576 -13.59293983500068
3577 -13.59293983500068
3578 -13.602829358329869
3579 -13.602829358329869
3580 -13.602829358329869
3581 -13.602829358329869
3582 -13.602829358329869
3583 -13.602829358329869
3584 -13.602829358329869
3585 -13.602829358329869
3586 -13.602829358329869
3587 -13.602829358329869
3588 -13.602829358329869
3589 -13.602829358329869
3590 -13.602829358329869
3591 -13.602829358329869
3592 -13.602829358329869
3593 -13.602829358329869
3594 -13.602829358329869
3595 -13.602829358329869
3596 -13.602829358329869
3597 -13.602829358329869
3598 -13.602829358329869
3599 -13.602829358329869
3600 -13.602829358329869
3601 -13.602829358329869
3602 -13.602829358329869
3603 -13.602829358329869
3604 -13.602829358329869
3605 -13.602829358329869
3606 -13.602829358329869
3607 -13.602829358329869
3608 -13.602829358329869
3609 -13.602829358329869
3610 -13.602829358329869
3611 -13.602829358329869
3612 -13.602829358329869
3613 -13.602829358329869
3614 -13.602829358329869
3615 -13.602829358329869
3616 -13.602829358329869
3617 -13.602829358329869
3618 -13.602829358329869
3619 -13.602829358329869
3620 -13.602829358329869
3621 -13.602829358329869
3622 -13.602829358329869
3623 -13.602829358329869
3624 -13.602829358329869
3625 -13.602829358329869
3626 -13.602829358329869
3627 -13.602829358329869
3628 -13.602829358329869
3629 -13.602829358329869
3630 -13.602829358329869
3631 -13.602829358329869
3632 -13.602829358329869
3633 -13.602829358329869
3634 -13.602829358329869
3635 -13.602829358329869
3636 -13.602829358329869
3637 -13.602829358329869
3638 -13.602829358329869
3639 -13.602829358329869
3640 -13.602829358329869
3641 -13.602829358329869
3642 -13.602829358329869
3643 -13.602829358329869
3644 -13.602829358329869
3645 -13.602829358329869
3646 -13.602829358329869
3647 -13.602829358329869
3648 -13.602829358329869
3649 -13.602829358329869
3650 -13.602829358329869
3651 -13.602829358329869
3652 -13.602829358329869
3653 -13.602829358329869
3654 -13.602829358329869
3655 -13.602829358329869
3656 -13.602829358329869
3657 -13.602829358329869
3658 -13.602829358329869
3659 -13.602829358329869
3660 -13.602829358329869
3661 -13.602829358329869
3662 -13.602829358329869
3663 -13.602829358329869
3664 -13.602829358329869
3665 -13.602829358329869
3666 -13.602829358329869
3667 -13.602829358329869
3668 -13.602829358329869
3669 -13.602829358329869
3670 -13.602829358329869
3671 -13.602829358329869
3672 -13.602829358329869
3673 -13.602829358329869
3674 -13.602829358329869
3675 -13.602829358329869
3676 -13.602829358329869
3677 -13.602829358329869
3678 -13.602829358329869
3679 -13.602829358329869
3680 -13.602829358329869
3681 -13.602829358329869
3682 -13.602829358329869
3683 -13.602829358329869
3684 -13.602829358329869
3685 -13.602829358329869
3686 -13.602829358329869
3687 -13.602829358329869
3688 -13.602829358329869
3689 -13.602829358329869
3690 -13.602829358329869
3691 -13.602829358329869
3692 -13.602829358329869
3693 -13.602829358329869
3694 -13.602829358329869
3695 -13.602829358329869
3696 -13.602829358329869
3697 -13.602829358329869
3698 -13.602829358329869
3699 -13.602829358329869
3700 -13.602829358329869
3701 -13.602829358329869
3702 -13.602829358329869
3703 -13.602829358329869
3704 -13.602829358329869
3705 -13.602829358329869
3706 -13.602829358329869
3707 -13.602829358329869
3708 -13.602829358329869
3709 -13.612882620010721
3710 -13.612882620010721
3711 -13.612882620010721
3712 -13.612882620010721
3713 -13.612882620010721
3714 -13.612882620010721
3715 -13.612882620010721
3716 -13.612882620010721
3717 -13.612882620010721
3718 -13.612882620010721
3719 -13.612882620010721
3720 -13.612882620010721
3721 -13.612882620010721
3722 -13.612882620010721
3723 -13.612882620010721
3724 -13.612882620010721
3725 -13.612882620010721
3726 -13.615825018208609
3727 -13.615825018208609
3728 -13.615825018208609
3729 -13.615825018208609
3730 -13.615825018208609
3731 -13.615825018208609
3732 -13.615825018208609
3733 -13.615825018208609
3734 -13.615825018208609
3735 -13.615825018208609
3736 -13.615825018208609
3737 -13.615825018208609
3738 -13.615825018208609
3739 -13.615825018208609
3740 -13.615825018208609
3741 -13.615825018208609
3742 -13.615825018208609
3743 -13.643120312585326
3744 -13.643120312585326
3745 -13.643120312585326
3746 -13.643120312585326
3747 -13.643120312585326
3748 -13.643120312585326
3749 -13.643120312585326
3750 -13.643120312585326
3751 -13.643120312585326
3752 -13.643120312585326
3753 -13.643120312585326
3754 -13.643120312585326
3755 -13.643120312585326
3756 -13.643120312585326
3757 -13.643120312585326
3758 -13.643120312585326
3759 -13.643120312585326
3760 -13.643120312585326
3761 -13.643120312585326
3762 -13.643120312585326
3763 -13.643120312585326
3764 -13.643120312585326
3765 -13.643120312585326
3766 -13.643120312585326
3767 -13.643120312585326
3768 -13.643120312585326
3769 -13.643120312585326
3770 -13.643120312585326
3771 -13.643120312585326
3772 -13.643120312585326
3773 -13.643120312585326
3774 -13.643120312585326
3775 -13.643120312585326
3776 -13.643120312585326
3777 -13.643120312585326
3778 -13.643120312585326
3779 -13.643120312585326
3780 -13.643120312585326
3781 -13.643120312585326
3782 -13.643120312585326
3783 -13.643120312585326
3784 -13.643120312585326
3785 -13.643120312585326
3786 -13.643120312585326
3787 -13.643120312585326
3788 -13.643120312585326
3789 -13.643120312585326
3790 -13.643120312585326
3791 -13.685112951569494
3792 -13.685112951569494
3793 -13.685112951569494
3794 -13.685112951569494
3795 -13.685112951569494
3796 -13.685112951569494
3797 -13.685112951569494
3798 -13.70013367714294
3799 -13.70013367714294
3800 -13.70013367714294
3801 -13.70013367714294
3802 -13.70013367714294
3803 -13.70013367714294
3804 -13.70013367714294
3805 -13.70013367714294
3806 -13.70013367714294
3807 -13.70013367714294
3808 -13.70013367714294
3809 -13.70013367714294
3810 -13.70013367714294
3811 -13.70013367714294
3812 -13.70013367714294
3813 -13.70013367714294
3814 -13.70013367714294
3815 -13.70013367714294
3816 -13.70013367714294
3817 -13.70013367714294
3818 -13.70013367714294
3819 -13.70013367714294
3820 -13.70013367714294
3821 -13.70013367714294
3822 -13.70013367714294
3823 -13.70013367714294
3824 -13.70013367714294
3825 -13.70013367714294
3826 -13.70013367714294
3827 -13.70013367714294
3828 -13.70013367714294
3829 -13.70013367714294
3830 -13.70013367714294
3831 -13.70013367714294
3832 -13.70013367714294
3833 -13.70013367714294
3834 -13.70013367714294
3835 -13.70013367714294
3836 -13.70013367714294
3837 -13.70013367714294
3838 -13.70013367714294
3839 -13.70013367714294
3840 -13.70013367714294
3841 -13.70013367714294
3842 -13.70013367714294
3843 -13.70013367714294
3844 -13.70013367714294
3845 -13.70013367714294
3846 -13.70013367714294
3847 -13.70013367714294
3848 -13.70013367714294
3849 -13.70013367714294
3850 -13.70013367714294
3851 -13.70013367714294
3852 -13.70013367714294
3853 -13.70013367714294
3854 -13.70013367714294
3855 -13.70013367714294
3856 -13.70013367714294
3857 -13.70013367714294
3858 -13.70013367714294
3859 -13.70013367714294
3860 -13.70013367714294
3861 -13.70013367714294
3862 -13.70013367714294
3863 -13.70013367714294
3864 -13.70013367714294
3865 -13.70013367714294
3866 -13.70013367714294
3867 -13.70013367714294
3868 -13.70013367714294
3869 -13.70013367714294
3870 -13.70013367714294
3871 -13.70013367714294
3872 -13.70013367714294
3873 -13.70013367714294
3874 -13.70013367714294
3875 -13.70013367714294
3876 -13.70013367714294
3877 -13.70013367714294
3878 -13.70013367714294
3879 -13.70013367714294
3880 -13.70013367714294
3881 -13.70013367714294
3882 -13.70013367714294
3883 -13.70013367714294
3884 -13.70013367714294
3885 -13.70013367714294
3886 -13.70013367714294
3887 -13.70013367714294
3888 -13.70013367714294
3889 -13.70013367714294
3890 -13.70013367714294
3891 -13.70013367714294
3892 -13.70013367714294
3893 -13.70013367714294
3894 -13.70013367714294
3895 -13.70013367714294
3896 -13.70013367714294
3897 -13.70013367714294
3898 -13.70013367714294
3899 -13.70013367714294
3900 -13.70013367714294
3901 -13.70013367714294
3902 -13.70013367714294
3903 -13.70013367714294
3904 -13.70013367714294
3905 -13.70013367714294
3906 -13.70013367714294
3907 -13.70013367714294
3908 -13.70013367714294
3909 -13.70013367714294
3910 -13.70013367714294
3911 -13.70013367714294
3912 -13.70013367714294
3913 -13.70013367714294
3914 -13.70013367714294
3915 -13.70013367714294
3916 -13.70013367714294
3917 -13.70013367714294
3918 -13.70013367714294
3919 -13.70013367714294
3920 -13.70013367714294
3921 -13.70013367714294
3922 -13.70013367714294
3923 -13.70013367714294
3924 -13.70013367714294
3925 -13.70013367714294
3926 -13.70013367714294
3927 -13.70013367714294
3928 -13.70013367714294
3929 -13.70013367714294
3930 -13.70013367714294
3931 -13.70013367714294
3932 -13.70013367714294
3933 -13.70013367714294
3934 -13.70013367714294
3935 -13.70013367714294
3936 -13.70013367714294
3937 -13.70013367714294
3938 -13.70013367714294
3939 -13.70013367714294
3940 -13.70013367714294
3941 -13.70013367714294
3942 -13.70013367714294
3943 -13.70013367714294
3944 -13.70013367714294
3945 -13.70013367714294
3946 -13.70013367714294
3947 -13.70013367714294
3948 -13.70013367714294
3949 -13.70013367714294
3950 -13.70013367714294
3951 -13.70013367714294
3952 -13.70013367714294
3953 -13.70013367714294
3954 -13.70013367714294
3955 -13.70013367714294
3956 -13.70013367714294
3957 -13.70013367714294
3958 -13.70013367714294
3959 -13.70013367714294
3960 -13.70013367714294
3961 -13.70013367714294
3962 -13.70013367714294
3963 -13.70013367714294
3964 -13.70013367714294
3965 -13.70013367714294
3966 -13.70013367714294
3967 -13.70013367714294
3968 -13.70013367714294
3969 -13.70013367714294
3970 -13.70013367714294
3971 -13.70013367714294
3972 -13.70013367714294
3973 -13.70013367714294
3974 -13.70013367714294
3975 -13.70013367714294
3976 -13.70013367714294
3977 -13.704643758560554
3978 -13.704643758560554
3979 -13.704643758560554
3980 -13.704643758560554
3981 -13.704643758560554
3982 -13.704643758560554
3983 -13.704643758560554
3984 -13.704643758560554
3985 -13.704643758560554
3986 -13.704643758560554
3987 -13.704643758560554
3988 -13.704643758560554
3989 -13.704643758560554
3990 -13.704643758560554
3991 -13.704643758560554
3992 -13.704643758560554
3993 -13.704643758560554
3994 -13.704643758560554
3995 -13.704643758560554
3996 -13.704643758560554
3997 -13.704643758560554
3998 -13.704643758560554
3999 -13.704643758560554
4000 -13.704643758560554
