0 419.36579572739754
1 324.7153797060622
2 254.2270023448793
3 241.86107639595588
4 240.87053065966566
5 239.14121510301132
6 231.6479718789906
7 227.07660691922646
8 222.15570590528688
9 217.76592991644023
10 213.2777218054661
11 208.70205802975303
12 204.27159933345646
13 202.4265993489212
14 199.50895123268674
15 196.77279115386344
16 194.8520983336054
17 193.41922784922306
18 190.60839632590117
19 188.53103530190674
20 186.92034537621922
21 185.24559957671505
22 182.9496044675821
23 180.15519007192958
24 179.8482791552674
25 177.72489881824174
26 176.04092291567937
27 173.2520092458363
28 172.36383738638474
29 171.48986904020364
30 170.93334387805444
31 169.44308559129647
32 168.71330904050527
33 165.91289991553944
34 163.18426757957658
35 160.12461678522521
36 160.12461678522521
37 159.82900956456916
38 157.93459160202153
39 155.91783365718666
40 154.9966766201148
41 152.78509904845907
42 151.60409636811212
43 149.7100876728159
44 147.40926473898278
45 146.53445171123204
46 144.8598038341862
47 142.65133148432398
48 142.34300845559764
49 140.8145006209915
50 140.25803855394707
51 139.45715909582398
52 138.19761861234082
53 137.39573931837418
54 136.77939775892747
55 134.7060020131623
56 132.5228883646151
57 131.48545795957378
58 130.71931767533135
59 128.67406913215117
60 128.5978041984407
61 127.63115993725803
62 127.38529521736672
63 125.61508580640312
64 125.61508580640312
65 124.52354019014109
66 124.2682674107821
67 124.20237214449925
68 123.29126649150602
69 121.06112658194135
70 120.32039767056929
71 119.50648579628835
72 119.37663340532544
73 117.53402090217794
74 116.09999290829779
75 115.35566574644001
76 114.63384239335588
77 114.33610878757956
78 114.10952224026633
79 113.4731761677935
80 112.00368766441254
81 111.76966220212087
82 109.92947548492496
83 108.9030843798794
84 107.78725401976082
85 106.77288990692873
86 106.26141560229546
87 105.71929246026097
88 104.05520357406508
89 104.05520357406508
90 102.78163749134431
91 102.27137349164512
92 101.43575197605719
93 101.20517219601844
94 100.26959734264577
95 99.48263342520995
96 98.92131394675407
97 98.44119707160932
98 98.03216792417747
99 96.81942118718001
100 96.62001355208572
101 95.38187959070794
102 95.21569927721619
103 94.55351559876432
104 93.96974790027548
105 93.57273199533988
106 93.11923027555983
107 92.68637767377164
108 91.93270367974036
109 90.45208852825924
110 89.51814424911478
111 89.12526510810055
112 89.05996214526166
113 88.61286182000704
114 87.75199287313609
115 87.4302778490316
116 86.03086422460133
117 85.91329406700758
118 85.44520515264588
119 84.23443375535277
120 83.52395751414934
121 83.43349835251843
122 83.15538634641199
123 82.26052857651612
124 82.04138784645609
125 81.47445844600004
126 80.13587238867892
127 78.62627047800866
128 77.74427341635185
129 77.12081721865364
130 77.0810810639444
131 76.20385317084921
132 75.34648417619755
133 74.42485810340295
134 73.9663779450439
135 71.609998659957
136 70.3678777306704
137 70.08170927877181
138 70.07784047394769
139 68.99282085827265
140 68.3500119110475
141 66.72069329800267
142 66.30315330615633
143 65.84793908472287
144 65.18986529476852
145 64.64984640919373
146 64.07134116689852
147 63.915461713036926
148 63.913355350269164
149 63.76645374661396
150 62.255421357526004
151 62.16499570994167
152 60.77380774801062
153 60.55963341510353
154 60.54184377268384
155 59.59519921126139
156 59.10637621930724
157 58.92762238788821
158 58.204249024817244
159 56.89004188287618
160 56.889708302460676
161 56.53341527299311
162 56.352681539672524
163 55.630577773739134
164 55.61484527866204
165 55.21371918922741
166 55.03854567262103
167 53.9712353550134
168 52.96685379683575
169 52.3061685042943
170 52.078988762234225
171 51.91029793850185
172 51.38772373725059
173 51.07810637689599
174 50.81054294717261
175 49.531611698577386
176 48.48173269622676
177 48.21982402513825
178 48.05576130400896
179 48.05192344057309
180 47.03134070970794
181 46.88876847571425
182 46.61457333009763
183 46.371140070773535
184 45.19519921942335
185 44.76577463823107
186 44.637221314189894
187 44.383197584865194
188 44.201194143991195
189 44.16161784312712
190 43.6865336592499
191 43.153297514689505
192 42.85360244280932
193 42.477042132544916
194 42.45496623986603
195 41.405416545576394
196 41.33454752638612
197 40.925503299290874
198 40.46395747084785
199 40.35191043226523
200 39.88433559879706
201 39.88433559879706
202 39.666295653798564
203 39.27507738746481
204 38.90833208608931
205 38.77227037001157
206 38.68006683800004
207 38.300150897434506
208 38.232911941190956
209 38.212484619203586
210 37.3283058198476
211 36.58314547617021
212 36.32570327550877
213 35.947521586899114
214 35.82369383575742
215 34.951692183377915
216 34.47454524194685
217 34.11562075163893
218 33.48197025888498
219 33.34150975533627
220 32.89898981513847
221 32.74055895153905
222 32.73018366603638
223 32.44644241292838
224 31.93230441995513
225 31.76536459884325
226 31.210383483468785
227 30.819479718482043
228 30.69792399061123
229 30.122435713323892
230 28.615133228946387
231 28.385939652122882
232 27.910772267762884
233 27.896544474727346
234 27.476393199772442
235 27.22006823490029
236 27.07353086238686
237 26.72615797267039
238 26.615121996524476
239 26.224662761471297
240 26.167606676267912
241 26.041014546408125
242 25.990128524070414
243 25.98263183121904
244 25.717578918150238
245 25.573226637889814
246 25.152100205179455
247 24.98065781720751
248 24.916880148356274
249 24.528098587483743
250 24.25764681828974
251 23.52940845472201
252 23.324395135723574
253 23.138638629829188
254 23.05291930336476
255 22.861872057384137
256 21.01808970123114
257 21.015983706921435
258 20.756629159327037
259 20.522460081745447
260 19.54423117290646
261 19.14884321260991
262 18.967565832107123
263 18.65988765612292
264 18.620132730275017
265 18.55294897422807
266 18.49681127740863
267 18.446315678077312
268 18.224574100150168
269 17.956228599589565
270 17.847886461033912
271 17.798353720995422
272 17.449635623698455
273 17.268544529323595
274 17.16602637927443
275 16.724066240773645
276 16.439836776069225
277 16.416815463901735
278 15.882014258557131
279 15.85753003471717
280 15.845405460386612
281 15.799634792035686
282 15.596306454940725
283 15.219556363329561
284 15.141380074377539
285 15.101223988363897
286 15.078265716536709
287 14.966401211620827
288 14.925865862367992
289 14.897047984134916
290 14.422351204280156
291 14.232720501036072
292 14.205309262186471
293 14.189595096200907
294 14.018803616965922
295 13.971709481639614
296 13.885054388589595
297 13.596574322369921
298 13.590081102269368
299 13.576649546364367
300 13.534835109757392
301 13.245599123035054
302 13.159975737108086
303 13.149581221122627
304 13.145272959339755
305 13.021833296469598
306 13.016530171710034
307 12.405325968618168
308 12.387560214881686
309 12.291875543972795
310 12.283268140680525
311 12.183640993950368
312 12.183606763488944
313 11.774024923674597
314 11.771508289314164
315 11.757345040800827
316 11.429951261069151
317 11.394953833990625
318 11.298931555547403
319 11.00871158857527
320 11.006896912378851
321 11.00095853840249
322 10.70312736418859
323 10.693863969643948
324 10.527889756263471
325 10.178998483493126
326 9.770298137509354
327 9.644552152575793
328 9.565762319255073
329 9.561209786237887
330 9.55713994639847
331 9.378918139180826
332 9.272212633710673
333 9.234368147489041
334 9.209978125143822
335 9.168091437209988
336 9.158318041750979
337 9.158270830381399
338 9.112965200468894
339 9.10157352622271
340 9.101212037861076
341 9.09951966318994
342 9.0530304824205
343 9.045451534259001
344 8.995037744025161
345 8.98183367908181
346 8.968625113137408
347 8.819671631616517
348 8.809582689711238
349 8.809185107028846
350 8.807820341038244
351 8.799483983212175
352 8.603989649997038
353 8.429017261325514
354 8.429013845610891
355 8.316524927839616
356 8.316056773982476
357 8.31519630670537
358 8.30636362527657
359 7.989703848499861
360 7.78554598257857
361 7.669631926996952
362 7.613295530487773
363 7.610069327834668
364 7.604750822783992
365 7.604744434212837
366 7.582571754265787
367 7.475487564486019
368 7.406109413076665
369 7.204777397611797
370 7.198521449270454
371 7.117902773367516
372 7.070004574146364
373 6.968974403132441
374 6.809748415676486
375 6.681103690231512
376 6.656627885579497
377 6.621185754418445
378 6.611597407000887
379 6.559401882586285
380 6.484049788341187
381 6.444854717291653
382 6.436552668730912
383 6.183720488705708
384 6.161257286027079
385 6.138073598944064
386 6.104721233013431
387 5.9731966370187015
388 5.965313803236374
389 5.900639197788428
390 5.900616353909954
391 5.789781512614496
392 5.740762296447633
393 5.72488329305368
394 5.709823357513816
395 5.709789447889676
396 5.709570687402254
397 5.600700801742465
398 5.419270636748519
399 5.412126927707889
400 5.4100667653733066
401 5.4086535551081605
402 5.314127148168831
403 5.297352137660971
404 5.258068793363642
405 5.255776125267264
406 5.247247526885999
407 5.224600414022558
408 5.086130217880735
409 5.085712276597667
410 5.080968778337238
411 5.073028962629887
412 4.753178672129053
413 4.748542786402404
414 4.737796236068535
415 4.414931371733356
416 4.414521697074635
417 4.414349529918439
418 4.409891232612496
419 4.401141016375571
420 4.171397019528088
421 4.04842797946175
422 4.046517267325876
423 4.043373870000871
424 4.042951699532605
425 4.042929782564488
426 4.04168798132751
427 3.9716880793861113
428 3.9702036008415442
429 3.969567546398031
430 3.96880335038962
431 3.9687675348850195
432 3.9673272296305186
433 3.958120515945825
434 3.9025975842209126
435 3.819327020895916
436 3.817188808400211
437 3.817148118227173
438 3.680990853789869
439 3.6807669525604676
440 3.627365944019262
441 3.592421475452644
442 3.5922828231469928
443 3.592277117601331
444 3.591825511846785
445 3.5914052061363746
446 3.5913397518082735
447 3.5912693332572947
448 3.3060663123681877
449 3.306056740489517
450 3.3058958982118516
451 3.3057634038361168
452 3.2831807303889016
453 3.283180644359557
454 3.283164504576941
455 3.2826496047303255
456 3.2825577358468894
457 3.282557623515589
458 3.2582143125030445
459 3.2373853143968234
460 3.2032126901957194
461 3.197977264582384
462 3.1979582470423793
463 3.1977790413409326
464 3.1877681288212423
465 3.1147456167712675
466 2.9481530783368894
467 2.948107855972112
468 2.9480940919679446
469 2.9372371294857524
470 2.937232994325137
471 2.933644368402008
472 2.912049776733755
473 2.8825836863353116
474 2.8771918347000396
475 2.877189509861832
476 2.8710559153127613
477 2.6538490686841745
478 2.6538486512268986
479 2.5631130569216394
480 2.563101790364891
481 2.4876199291145156
482 2.487579787324186
483 2.4875645169486935
484 2.480124041365802
485 2.386279481691082
486 2.383992930227193
487 2.325813496248018
488 2.3244132265577493
489 2.3232432145727726
490 2.3232354411803273
491 2.3196380736477975
492 2.2901776354381487
493 1.744550345377013
494 1.7445480586720843
495 1.744547268224117
496 1.7445420540183514
497 1.7445351734333636
498 1.743257993299945
499 1.7432575414529803
500 1.7338569081415471
501 1.7338563414112362
502 1.7338533327435093
503 1.7338532994865867
504 1.731512351668306
505 1.731342666045547
506 1.7313426039604318
507 1.7313421096865094
508 1.729758691007413
509 1.72975767253551
510 1.6930030099675624
511 1.6930023815904387
512 1.692272588298323
513 1.671930141293539
514 1.671929324459732
515 1.671929235302997
516 1.5694576511053622
517 1.5694573339163393
518 1.5694568225930083
519 1.545829184427847
520 1.5456424412669265
521 1.5451791597851752
522 1.5289113793270852
523 1.5289113791577678
524 1.478661629082876
525 1.4786616178209746
526 1.4163126020883794
527 1.4163124305367167
528 1.402465341231283
529 1.3960312462740907
530 1.395666863671166
531 1.3955229537801113
532 1.3892477822813494
533 1.3530135730781827
534 1.3528800656041198
535 1.3528308191299212
536 1.3528307594954243
537 1.311470092171559
538 1.3113896924313224
539 1.3113896803657534
540 1.310646370177642
541 1.310646366923019
542 1.290441799639882
543 1.2808306470257036
544 1.2808185499386886
545 1.2807848459909925
546 1.280784833866316
547 1.2780697506371193
548 1.2780171994299603
549 1.2751148799162366
550 1.2751123762715981
551 1.2707807187294444
552 1.2620193612984603
553 1.2620193512419158
554 1.2215572678579614
555 1.221044610391819
556 1.1777472596035674
557 1.1777472391939512
558 1.1777472379291132
559 1.177747228750504
560 1.1774151881384076
561 1.1774151873714704
562 1.177414306846462
563 1.1774061010607644
564 1.1774061002331506
565 1.170033674633504
566 1.1695556992091194
567 1.1676378013388273
568 1.143493062087606
569 1.1434930597566033
570 1.142877605109688
571 1.1428776035748778
572 1.1377147417115112
573 1.1377146379329266
574 1.1377146355283476
575 1.1377146350635694
576 1.1377146332961976
577 1.1178248483553204
578 1.1176233235554642
579 1.1132630587687724
580 1.1132447724160366
581 1.113126599741124
582 1.112899903408777
583 1.112770550521026
584 1.0754608849642069
585 1.0754608848384994
586 1.0719789334497174
587 1.0716049752826602
588 1.0680225721871162
589 1.068022571394035
590 1.0679176680597398
591 1.0679166208917876
592 1.037864470376358
593 1.037828058334615
594 1.0372385714632457
595 1.0356032181835304
596 1.0356032181826265
597 1.0354150621277767
598 1.0353157719761215
599 1.0338692877271418
600 1.033673868021369
601 1.0336737894232955
602 1.0332943988785872
603 1.0332935905475438
604 1.03327216927338
605 1.033272120809869
606 1.0332720847295813
607 1.0332720845293237
608 1.033272036476984
609 1.0324875809176224
610 1.0233343526239556
611 1.0233343525095924
612 0.996037899463219
613 0.9960378985080562
614 0.7716542313861907
615 0.7715286173807613
616 0.7713856308277116
617 0.7712657943164061
618 0.7712657890071284
619 0.7712657496874064
620 0.7710549396025915
621 0.7710450118301272
622 0.7709831280953874
623 0.7709205524592543
624 0.7709205513409889
625 0.7709197269248685
626 0.7708940895721582
627 0.7708919674446615
628 0.7708345429106696
629 0.7707040688454886
630 0.7707040669262274
631 0.5875778162456186
632 0.5875778162339922
633 0.5875777705714067
634 0.587576388835735
635 0.587554296456735
636 0.5875542911798675
637 0.5875542835993315
638 0.5875402719908417
639 0.5875402719871469
640 0.5875277786502124
641 0.5875277786439653
642 0.5875277763286817
643 0.4715415272612878
644 0.4715318071116902
645 0.4715318071079196
646 0.47153173357290823
647 0.4715314114537591
648 0.47152888803491727
649 0.47152888699138773
650 0.47152888698996853
651 0.4715288829080085
652 0.47152888290378125
653 0.4407993551316167
654 0.4407990489570352
655 0.40508570336864785
656 0.40508283171185816
657 0.3309755118010874
658 0.33097372317634305
659 0.17294132971035006
660 0.1475343126463239
661 0.14753431264443673
662 0.1475341596293011
663 0.14419070186028005
664 0.14419059269178927
665 0.14419001338457824
666 0.14418990359715925
667 0.1441899031116255
668 0.1441889271669936
669 0.11956876976048154
670 0.11956871067824296
671 0.1195687078466013
672 0.11956870762077566
673 0.11956661424499278
674 0.11956661378022014
675 0.1128178405271323
676 0.08941274616954047
677 0.05869475644012141
678 0.058693684325493226
679 0.05869336336133983
680 0.05869275173756326
681 0.058692633605638395
682 0.058692131461896224
683 0.04269228793711477
684 0.04269220551411953
685 0.04269123520670443
686 0.0426912139051467
687 0.042691213904972374
688 0.04269109512180004
689 0.042691081353266706
690 0.034454268080439006
691 0.03445397878066956
692 0.0344539786713104
693 0.03445397861698136
694 0.034453975908197286
695 0.034453852725160536
696 0.034024705719639316
697 0.01859167667336692
698 0.01859167667333471
699 0.01859167117995829
700 0.018591671179922286
701 0.01859167114142224
702 0.017683733296492695
703 0.017683733296477537
704 0.016702238474889934
705 0.016702235422674978
706 0.014133528597960776
707 0.014133528597953197
708 0.01413352687093455
709 0.014133463311113321
710 0.013289291458122913
711 0.012723496220136592
712 0.010061931639914217
713 0.010061859741449552
714 0.010061859741440079
715 0.010061859382905899
716 0.010061857360710746
717 0.009349161693844128
718 0.00881044932380064
719 0.008810440777959153
720 0.004891027232294694
721 0.0048910272322928
722 0.004891008331071589
723 0.003998617380496701
724 0.003998617285484822
725 0.0039985814714327715
726 0.003998581178440948
727 0.003998581178439054
728 0.0024414386396680735
729 0.0024414382681508568
730 0.0023234335184440626
731 0.0023234335184440626
732 0.002316665545839669
733 0.0018647463517974454
734 0.0013598269876164673
735 0.00135982698474398
736 0.0013598250234603407
737 0.001359824163379623
738 0.001359823956437367
739 0.001359823956437367
740 0.0009294458587362442
741 0.0009294458584785541
742 0.0008585273205994782
743 0.0006076780291418042
744 0.0006076780272356549
745 0.0006076780272356549
746 0.0006076780272356549
747 0.00045905289477824834
748 0.00045905286905849606
749 0.00041194772845566755
750 0.000203283779579048
751 0.00020327997225232745
752 0.00020327995641764574
753 0.00020327971866057243
754 0.00020327971866057243
755 0.00020327967982135912
756 0.00010097806735605748
757 0.00010097786414083505
758 0.00010097786407641252
759 8.551899900529254e-05
760 5.6033782306030845e-05
761 5.6033763871710104e-05
762 5.6033440589923585e-05
763 5.6033440589923585e-05
764 5.6033294742974246e-05
765 5.6033088221359624e-05
766 5.6033003121077246e-05
767 5.603286666655549e-05
768 5.6032530433943366e-05
769 5.482567893106231e-05
770 5.482542933918921e-05
771 5.482493846974042e-05
772 4.3641982639049574e-05
773 4.3641982639049574e-05
774 3.690810971382537e-05
775 3.6908109636139366e-05
776 3.6908109636139366e-05
777 3.381737553051304e-05
778 2.749580540732192e-05
779 2.7495803309799763e-05
780 2.7495803198007707e-05
781 2.1459033611866592e-05
782 2.145899653669403e-05
783 2.145899642300719e-05
784 2.1458992184382925e-05
785 2.1458992184382925e-05
786 1.5037426862818393e-05
787 1.0943580753064452e-05
788 1.094358065264108e-05
789 1.094358065264108e-05
790 1.0575769001282728e-05
791 6.3782429587414905e-06
792 6.378236285324116e-06
793 4.51527308769073e-06
794 3.331739535875992e-06
795 3.3317337757428805e-06
796 3.3317337719533195e-06
797 3.3317337719533195e-06
798 3.3317337719533195e-06
799 3.09301870136854e-06
800 3.0930183527289044e-06
801 3.0930140781038063e-06
802 3.0929810047079323e-06
803 3.092972402403878e-06
804 2.7273546057434335e-06
805 2.335741748993314e-06
806 2.3357417470985335e-06
807 1.9384871166039375e-06
808 1.9384871109195955e-06
809 1.9384871109195955e-06
810 1.5206262673927994e-06
811 1.2397763498483982e-06
812 6.600328542087179e-07
813 6.600315771265742e-07
814 6.60026842069783e-07
815 6.60026842069783e-07
816 6.600238331581446e-07
817 6.600237687356033e-07
818 5.419877652457217e-07
819 5.419877349292316e-07
820 3.871022499879473e-07
821 3.870997943522525e-07
822 3.87096342061947e-07
823 3.870962492176962e-07
824 3.870961885847161e-07
825 3.870961829003742e-07
826 3.6900487998536846e-07
827 3.690048117732658e-07
828 2.895914330262409e-07
829 2.895914330262409e-07
830 2.895910540701152e-07
831 2.8709957481017533e-07
832 1.4762356765155952e-07
833 1.476235543880951e-07
834 1.3483692290113444e-07
835 1.348369001637669e-07
836 1.1166021067765541e-07
837 1.0466166979009965e-07
838 1.0466166979009965e-07
839 1.0466159589365512e-07
840 7.197280638138182e-08
841 7.197280638138182e-08
842 5.0143880040801984e-08
843 4.0381911503573063e-08
844 4.0381911503573063e-08
845 4.0381911503573063e-08
846 4.038190771401181e-08
847 4.0381900134889294e-08
848 4.0381775079367796e-08
849 3.456220269981713e-08
850 3.456206627561187e-08
851 3.456166647689922e-08
852 3.456166647689922e-08
853 2.8937193974343245e-08
854 2.8937193974343245e-08
855 2.8937163657853186e-08
856 2.4572392476329695e-08
857 2.2439354552261647e-08
858 1.5488294972480314e-08
859 1.3835352774549392e-08
860 1.3835352774549392e-08
861 1.3835252351176072e-08
862 1.3601152204500977e-08
863 1.3601116203669032e-08
864 1.3499328588295612e-08
865 1.3499328588295612e-08
866 1.0102326086780522e-08
867 8.127320446268035e-09
868 8.127320446268035e-09
869 8.12728444543609e-09
870 8.092897966586558e-09
871 8.09286386053524e-09
872 7.182694616858498e-09
873 7.182664300368439e-09
874 7.18263398387838e-09
875 6.967940180402366e-09
876 5.5008077500436535e-09
877 5.5008077500436535e-09
878 5.5008077500436535e-09
879 5.500792591798623e-09
880 3.5367312041974705e-09
881 3.1531252867959363e-09
882 3.153081706841476e-09
883 3.0323917599162088e-09
884 2.9156448514792524e-09
885 2.9156448514792524e-09
886 2.2733767461128687e-09
887 2.2733767461128687e-09
888 2.0158097413514042e-09
889 2.0158097413514042e-09
890 1.4780634198056455e-09
891 1.4780634198056455e-09
892 1.4780634198056455e-09
893 1.3407865632567942e-09
894 1.1413059534485607e-09
895 1.1413059534485607e-09
896 9.34268958493097e-10
897 9.34263274151211e-10
898 8.115989658108446e-10
899 7.491147850184159e-10
900 7.491109954571584e-10
901 7.464961981895613e-10
902 7.464961981895613e-10
903 5.703346535786598e-10
904 5.264022699217701e-10
905 4.6157235071101846e-10
906 4.2092930622554073e-10
907 4.2092741144491207e-10
908 4.2092741144491207e-10
909 3.637599850965974e-10
910 2.690152693200313e-10
911 2.690152693200313e-10
912 2.385566707137817e-10
913 1.7312989560499165e-10
914 1.7312610604373427e-10
915 1.7312610604373427e-10
916 1.7312610604373427e-10
917 1.7312610604373427e-10
918 1.7229619212836648e-10
919 1.4486355818614053e-10
920 1.0713468630759356e-10
921 1.0713468630759356e-10
922 1.0713468630759356e-10
923 9.786162991076707e-11
924 9.786162991076707e-11
925 9.786162991076707e-11
926 6.372526210422317e-11
927 6.372526210422317e-11
928 5.75274346677664e-11
929 5.75274346677664e-11
930 5.75274346677664e-11
931 4.683139801879103e-11
932 4.683139801879103e-11
933 4.683139801879103e-11
934 4.499914515084432e-11
935 3.368730479754352e-11
936 3.368730479754352e-11
937 3.368730479754352e-11
938 3.368730479754352e-11
939 2.371317956810041e-11
940 2.1611867850879207e-11
941 1.937602670902076e-11
942 1.937602670902076e-11
943 1.7837464838521556e-11
944 1.7837464838521556e-11
945 1.756272164736098e-11
946 1.756272164736098e-11
947 1.6499749714663872e-11
948 1.6499749714663872e-11
949 1.6499749714663872e-11
950 9.604643006847861e-12
951 9.604643006847861e-12
952 9.604643006847861e-12
953 9.371584989518548e-12
954 6.319093396693158e-12
955 6.032981521760424e-12
956 5.9117155615240335e-12
957 5.6237089059626065e-12
958 5.6237089059626065e-12
959 5.405809133662842e-12
960 5.405809133662842e-12
961 4.327678955936184e-12
962 4.327678955936184e-12
963 4.327678955936184e-12
964 2.575006874394603e-12
965 2.575006874394603e-12
966 2.1979455292845764e-12
967 2.1979455292845764e-12
968 2.1979455292845764e-12
969 2.1979455292845764e-12
970 1.3812950783176348e-12
971 1.3812950783176348e-12
972 1.3812950783176348e-12
973 7.63596593363521e-13
974 4.755899378020938e-13
975 4.755899378020938e-13
976 4.755899378020938e-13
977 4.755899378020938e-13
978 4.755899378020938e-13
979 4.642212540299321e-13
980 3.637978807091713e-13
981 2.633745073884105e-13
982 2.633745073884105e-13
983 2.633745073884105e-13
984 2.5579538487363607e-13
985 2.5579538487363607e-13
986 2.5579538487363607e-13
987 2.5579538487363607e-13
988 2.5579538487363607e-13
989 2.1789977229976407e-13
990 2.1789977229976407e-13
991 2.0653108852760245e-13
992 2.0653108852760245e-13
993 1.2884508275116483e-13
994 1.2884508275116483e-13
995 8.147556703382482e-14
996 8.147556703382482e-14
997 8.147556703382482e-14
998 7.958078640513122e-14
999 6.063298011819522e-14
1000 5.3053857603420815e-14
1001 5.3053857603420815e-14
1002 5.3053857603420815e-14
1003 5.3053857603420815e-14
1004 4.5474735088646414e-14
1005 4.5474735088646414e-14
1006 4.5474735088646414e-14
1007 4.5474735088646414e-14
1008 4.5474735088646414e-14
1009 4.5474735088646414e-14
1010 3.979039320256561e-14
1011 3.979039320256561e-14
1012 3.031649005909761e-14
1013 3.031649005909761e-14
1014 2.6526928801710407e-14
1015 2.6526928801710407e-14
1016 2.0842586915629604e-14
1017 1.5158245029548804e-14
1018 1.5158245029548804e-14
1019 1.5158245029548804e-14
1020 7.579122514774402e-15
1021 7.579122514774402e-15
1022 7.579122514774402e-15
1023 7.579122514774402e-15
1024 7.579122514774402e-15
1025 7.579122514774402e-15
1026 7.579122514774402e-15
1027 5.684341886080802e-15
1028 3.789561257387201e-15
1029 3.789561257387201e-15
1030 3.789561257387201e-15
1031 3.789561257387201e-15
1032 3.789561257387201e-15
1033 3.789561257387201e-15
1034 1.8947806286936005e-15
1035 1.8947806286936005e-15
1036 1.8947806286936005e-15
1037 1.8947806286936005e-15
1038 0.0
1039 0.0
1040 0.0
1041 0.0
1042 0.0
1043 0.0
1044 0.0
1045 0.0
1046 0.0
1047 0.0
1048 0.0
1049 0.0
1050 0.0
1051 0.0
1052 0.0
1053 0.0
1054 0.0
1055 0.0
1056 0.0
1057 0.0
1058 0.0
1059 0.0
1060 0.0
1061 0.0
1062 0.0
1063 0.0
1064 0.0
1065 0.0
1066 0.0
1067 0.0
1068 0.0
1069 0.0
1070 0.0
1071 0.0
1072 0.0
1073 0.0
1074 0.0
1075 0.0
1076 0.0
1077 0.0
1078 0.0
1079 0.0
1080 0.0
1081 0.0
1082 0.0
1083 0.0
1084 0.0
1085 0.0
1086 0.0
1087 0.0
1088 0.0
1089 0.0
1090 0.0
1091 0.0
1092 0.0
1093 0.0
1094 0.0
1095 0.0
1096 0.0
1097 0.0
1098 0.0
1099 0.0
1100 0.0
1101 0.0
1102 0.0
1103 0.0
1104 0.0
1105 0.0
1106 0.0
1107 0.0
1108 0.0
1109 0.0
1110 0.0
1111 0.0
1112 0.0
1113 0.0
1114 0.0
1115 0.0
1116 0.0
1117 0.0
1118 0.0
1119 0.0
1120 0.0
1121 0.0
1122 0.0
1123 0.0
1124 0.0
1125 0.0
1126 0.0
1127 0.0
1128 0.0
1129 0.0
1130 0.0
1131 0.0
1132 0.0
1133 0.0
1134 0.0
1135 0.0
1136 0.0
1137 0.0
1138 0.0
1139 0.0
1140 0.0
1141 0.0
1142 0.0
1143 0.0
1144 0.0
1145 0.0
1146 0.0
1147 0.0
1148 0.0
1149 0.0
1150 0.0
1151 0.0
1152 0.0
1153 0.0
1154 0.0
1155 0.0
1156 0.0
1157 0.0
1158 0.0
1159 0.0
1160 0.0
1161 0.0
1162 0.0
1163 0.0
1164 0.0
1165 0.0
1166 0.0
1167 0.0
1168 0.0
1169 0.0
1170 0.0
1171 0.0
1172 0.0
1173 0.0
1174 0.0
1175 0.0
1176 0.0
1177 0.0
1178 0.0
1179 0.0
1180 0.0
1181 0.0
1182 0.0
1183 0.0
1184 0.0
1185 0.0
1186 0.0
1187 0.0
1188 0.0
1189 0.0
1190 0.0
1191 0.0
1192 0.0
1193 0.0
1194 0.0
1195 0.0
1196 0.0
1197 0.0
1198 0.0
1199 0.0
1200 0.0
1201 0.0
1202 0.0
1203 0.0
1204 0.0
1205 0.0
1206 0.0
1207 0.0
1208 0.0
1209 0.0
1210 0.0
1211 0.0
1212 0.0
1213 0.0
1214 0.0
1215 0.0
1216 0.0
1217 0.0
1218 0.0
1219 0.0
1220 0.0
1221 0.0
1222 0.0
1223 0.0
1224 0.0
1225 0.0
1226 0.0
1227 0.0
1228 0.0
1229 0.0
1230 0.0
1231 0.0
1232 0.0
1233 0.0
1234 0.0
1235 0.0
1236 0.0
1237 0.0
1238 0.0
1239 0.0
1240 0.0
1241 0.0
1242 0.0
1243 0.0
1244 0.0
1245 0.0
1246 0.0
1247 0.0
1248 0.0
1249 0.0
1250 0.0
1251 0.0
1252 0.0
1253 0.0
1254 0.0
1255 0.0
1256 0.0
1257 0.0
1258 0.0
1259 0.0
1260 0.0
1261 0.0
1262 0.0
1263 0.0
1264 0.0
1265 0.0
1266 0.0
1267 0.0
1268 0.0
1269 0.0
1270 0.0
1271 0.0
1272 0.0
1273 0.0
1274 0.0
1275 0.0
1276 0.0
1277 0.0
1278 0.0
1279 0.0
1280 0.0
1281 0.0
1282 0.0
1283 0.0
1284 0.0
1285 0.0
1286 0.0
1287 0.0
1288 0.0
1289 0.0
1290 0.0
1291 0.0
1292 0.0
1293 0.0
1294 0.0
1295 0.0
1296 0.0
1297 0.0
1298 0.0
1299 0.0
1300 0.0
1301 0.0
1302 0.0
1303 0.0
1304 0.0
1305 0.0
1306 0.0
1307 0.0
1308 0.0
1309 0.0
1310 0.0
1311 0.0
1312 0.0
1313 0.0
1314 0.0
1315 0.0
1316 0.0
1317 0.0
1318 0.0
1319 0.0
1320 0.0
1321 0.0
1322 0.0
1323 0.0
1324 0.0
1325 0.0
1326 0.0
1327 0.0
1328 0.0
1329 0.0
1330 0.0
1331 0.0
1332 0.0
1333 0.0
1334 0.0
1335 0.0
1336 0.0
1337 0.0
1338 0.0
1339 0.0
1340 0.0
1341 0.0
1342 0.0
1343 0.0
1344 0.0
1345 0.0
1346 0.0
1347 0.0
1348 0.0
1349 0.0
1350 0.0
1351 0.0
1352 0.0
1353 0.0
1354 0.0
1355 0.0
1356 0.0
1357 0.0
1358 0.0
1359 0.0
1360 0.0
1361 0.0
1362 0.0
1363 0.0
1364 0.0
1365 0.0
1366 0.0
1367 0.0
1368 0.0
1369 0.0
1370 0.0
1371 0.0
1372 0.0
1373 0.0
1374 0.0
1375 0.0
1376 0.0
1377 0.0
1378 0.0
1379 0.0
1380 0.0
1381 0.0
1382 0.0
1383 0.0
1384 0.0
1385 0.0
1386 0.0
1387 0.0
1388 0.0
1389 0.0
1390 0.0
1391 0.0
1392 0.0
1393 0.0
1394 0.0
1395 0.0
1396 0.0
1397 0.0
1398 0.0
1399 0.0
1400 0.0
1401 0.0
1402 0.0
1403 0.0
1404 0.0
1405 0.0
1406 0.0
1407 0.0
1408 0.0
1409 0.0
1410 0.0
1411 0.0
1412 0.0
1413 0.0
1414 0.0
1415 0.0
1416 0.0
1417 0.0
1418 0.0
1419 0.0
1420 0.0
1421 0.0
1422 0.0
1423 0.0
1424 0.0
1425 0.0
1426 0.0
1427 0.0
1428 0.0
1429 0.0
1430 0.0
1431 0.0
1432 0.0
1433 0.0
1434 0.0
1435 0.0
1436 0.0
1437 0.0
1438 0.0
1439 0.0
1440 0.0
1441 0.0
1442 0.0
1443 0.0
1444 0.0
1445 0.0
1446 0.0
1447 0.0
1448 0.0
1449 0.0
1450 0.0
1451 0.0
1452 0.0
1453 0.0
1454 0.0
1455 0.0
1456 0.0
1457 0.0
1458 0.0
1459 0.0
1460 0.0
1461 0.0
1462 0.0
1463 0.0
1464 0.0
1465 0.0
1466 0.0
1467 0.0
1468 0.0
1469 0.0
1470 0.0
1471 0.0
1472 0.0
1473 0.0
1474 0.0
1475 0.0
1476 0.0
1477 0.0
1478 0.0
1479 0.0
1480 0.0
1481 0.0
1482 0.0
1483 0.0
1484 0.0
1485 0.0
1486 0.0
1487 0.0
1488 0.0
1489 0.0
1490 0.0
1491 0.0
1492 0.0
1493 0.0
1494 0.0
1495 0.0
1496 0.0
1497 0.0
1498 0.0
1499 0.0
1500 0.0
1501 0.0
1502 0.0
1503 0.0
1504 0.0
1505 0.0
1506 0.0
1507 0.0
1508 0.0
1509 0.0
1510 0.0
1511 0.0
1512 0.0
1513 0.0
1514 0.0
1515 0.0
1516 0.0
1517 0.0
1518 0.0
1519 0.0
1520 0.0
1521 0.0
1522 0.0
1523 0.0
1524 0.0
1525 0.0
1526 0.0
1527 0.0
1528 0.0
1529 0.0
1530 0.0
1531 0.0
1532 0.0
1533 0.0
1534 0.0
1535 0.0
1536 0.0
1537 0.0
1538 0.0
1539 0.0
1540 0.0
1541 0.0
1542 0.0
1543 0.0
1544 0.0
1545 0.0
1546 0.0
1547 0.0
1548 0.0
1549 0.0
1550 0.0
1551 0.0
1552 0.0
1553 0.0
1554 0.0
1555 0.0
1556 0.0
1557 0.0
1558 0.0
1559 0.0
1560 0.0
1561 0.0
1562 0.0
1563 0.0
1564 0.0
1565 0.0
1566 0.0
1567 0.0
1568 0.0
1569 0.0
1570 0.0
1571 0.0
1572 0.0
1573 0.0
1574 0.0
1575 0.0
1576 0.0
1577 0.0
1578 0.0
1579 0.0
1580 0.0
1581 0.0
1582 0.0
1583 0.0
1584 0.0
1585 0.0
1586 0.0
1587 0.0
1588 0.0
1589 0.0
1590 0.0
1591 0.0
1592 0.0
1593 0.0
1594 0.0
1595 0.0
1596 0.0
1597 0.0
1598 0.0
1599 0.0
1600 0.0
1601 0.0
1602 0.0
1603 0.0
1604 0.0
1605 0.0
1606 0.0
1607 0.0
1608 0.0
1609 0.0
1610 0.0
1611 0.0
1612 0.0
1613 0.0
1614 0.0
1615 0.0
1616 0.0
1617 0.0
1618 0.0
1619 0.0
1620 0.0
1621 0.0
1622 0.0
1623 0.0
1624 0.0
1625 0.0
1626 0.0
1627 0.0
1628 0.0
1629 0.0
1630 0.0
1631 0.0
1632 0.0
1633 0.0
1634 0.0
1635 0.0
1636 0.0
1637 0.0
1638 0.0
1639 0.0
1640 0.0
1641 0.0
1642 0.0
1643 0.0
1644 0.0
1645 0.0
1646 0.0
1647 0.0
1648 0.0
1649 0.0
1650 0.0
1651 0.0
1652 0.0
1653 0.0
1654 0.0
1655 0.0
1656 0.0
1657 0.0
1658 0.0
1659 0.0
1660 0.0
1661 0.0
1662 0.0
1663 0.0
1664 0.0
1665 0.0
1666 0.0
1667 0.0
1668 0.0
1669 0.0
1670 0.0
1671 0.0
1672 0.0
1673 0.0
1674 0.0
1675 0.0
1676 0.0
1677 0.0
1678 0.0
1679 0.0
1680 0.0
1681 0.0
1682 0.0
1683 0.0
1684 0.0
1685 0.0
1686 0.0
1687 0.0
1688 0.0
1689 0.0
1690 0.0
1691 0.0
1692 0.0
1693 0.0
1694 0.0
1695 0.0
1696 0.0
1697 0.0
1698 0.0
1699 0.0
1700 0.0
1701 0.0
1702 0.0
1703 0.0
1704 0.0
1705 0.0
1706 0.0
1707 0.0
1708 0.0
1709 0.0
1710 0.0
1711 0.0
1712 0.0
1713 0.0
1714 0.0
1715 0.0
1716 0.0
1717 0.0
1718 0.0
1719 0.0
1720 0.0
1721 0.0
1722 0.0
1723 0.0
1724 0.0
1725 0.0
1726 0.0
1727 0.0
1728 0.0
1729 0.0
1730 0.0
1731 0.0
1732 0.0
1733 0.0
1734 0.0
1735 0.0
1736 0.0
1737 0.0
1738 0.0
1739 0.0
1740 0.0
1741 0.0
1742 0.0
1743 0.0
1744 0.0
1745 0.0
1746 0.0
1747 0.0
1748 0.0
1749 0.0
1750 0.0
1751 0.0
1752 0.0
1753 0.0
1754 0.0
1755 0.0
1756 0.0
1757 0.0
1758 0.0
1759 0.0
1760 0.0
1761 0.0
1762 0.0
1763 0.0
1764 0.0
1765 0.0
1766 0.0
1767 0.0
1768 0.0
1769 0.0
1770 0.0
1771 0.0
1772 0.0
1773 0.0
1774 0.0
1775 0.0
1776 0.0
1777 0.0
1778 0.0
1779 0.0
1780 0.0
1781 0.0
1782 0.0
1783 0.0
1784 0.0
1785 0.0
1786 0.0
1787 0.0
1788 0.0
1789 0.0
1790 0.0
1791 0.0
1792 0.0
1793 0.0
1794 0.0
1795 0.0
1796 0.0
1797 0.0
1798 0.0
1799 0.0
1800 0.0
1801 0.0
1802 0.0
1803 0.0
1804 0.0
1805 0.0
1806 0.0
1807 0.0
1808 0.0
1809 0.0
1810 0.0
1811 0.0
1812 0.0
1813 0.0
1814 0.0
1815 0.0
1816 0.0
1817 0.0
1818 0.0
1819 0.0
1820 0.0
1821 0.0
1822 0.0
1823 0.0
1824 0.0
1825 0.0
1826 0.0
1827 0.0
1828 0.0
1829 0.0
1830 0.0
1831 0.0
1832 0.0
1833 0.0
1834 0.0
1835 0.0
1836 0.0
1837 0.0
1838 0.0
1839 0.0
1840 0.0
1841 0.0
1842 0.0
1843 0.0
1844 0.0
1845 0.0
1846 0.0
1847 0.0
1848 0.0
1849 0.0
1850 0.0
1851 0.0
1852 0.0
1853 0.0
1854 0.0
1855 0.0
1856 0.0
1857 0.0
1858 0.0
1859 0.0
1860 0.0
1861 0.0
1862 0.0
1863 0.0
1864 0.0
1865 0.0
1866 0.0
1867 0.0
1868 0.0
1869 0.0
1870 0.0
1871 0.0
1872 0.0
1873 0.0
1874 0.0
1875 0.0
1876 0.0
1877 0.0
1878 0.0
1879 0.0
1880 0.0
1881 0.0
1882 0.0
1883 0.0
1884 0.0
1885 0.0
1886 0.0
1887 0.0
1888 0.0
1889 0.0
1890 0.0
1891 0.0
1892 0.0
1893 0.0
1894 0.0
1895 0.0
1896 0.0
1897 0.0
1898 0.0
1899 0.0
1900 0.0
1901 0.0
1902 0.0
1903 0.0
1904 0.0
1905 0.0
1906 0.0
1907 0.0
1908 0.0
1909 0.0
1910 0.0
1911 0.0
1912 0.0
1913 0.0
1914 0.0
1915 0.0
1916 0.0
1917 0.0
1918 0.0
1919 0.0
1920 0.0
1921 0.0
1922 0.0
1923 0.0
1924 0.0
1925 0.0
1926 0.0
1927 0.0
1928 0.0
1929 0.0
1930 0.0
1931 0.0
1932 0.0
1933 0.0
1934 0.0
1935 0.0
1936 0.0
1937 0.0
1938 0.0
1939 0.0
1940 0.0
1941 0.0
1942 0.0
1943 0.0
1944 0.0
1945 0.0
1946 0.0
1947 0.0
1948 0.0
1949 0.0
1950 0.0
1951 0.0
1952 0.0
1953 0.0
1954 0.0
1955 0.0
1956 0.0
1957 0.0
1958 0.0
1959 0.0
1960 0.0
1961 0.0
1962 0.0
1963 0.0
1964 0.0
1965 0.0
1966 0.0
1967 0.0
1968 0.0
1969 0.0
1970 0.0
1971 0.0
1972 0.0
1973 0.0
1974 0.0
1975 0.0
1976 0.0
1977 0.0
1978 0.0
1979 0.0
1980 0.0
1981 0.0
1982 0.0
1983 0.0
1984 0.0
1985 0.0
1986 0.0
1987 0.0
1988 0.0
1989 0.0
1990 0.0
1991 0.0
1992 0.0
1993 0.0
1994 0.0
1995 0.0
1996 0.0
1997 0.0
1998 0.0
1999 0.0
2000 0.0
2001 0.0
2002 0.0
2003 0.0
2004 0.0
2005 0.0
2006 0.0
2007 0.0
2008 0.0
2009 0.0
2010 0.0
2011 0.0
2012 0.0
2013 0.0
2014 0.0
2015 0.0
2016 0.0
2017 0.0
2018 0.0
2019 0.0
2020 0.0
2021 0.0
2022 0.0
2023 0.0
2024 0.0
2025 0.0
2026 0.0
2027 0.0
2028 0.0
2029 0.0
2030 0.0
2031 0.0
2032 0.0
2033 0.0
2034 0.0
2035 0.0
2036 0.0
2037 0.0
2038 0.0
2039 0.0
2040 0.0
2041 0.0
2042 0.0
2043 0.0
2044 0.0
2045 0.0
2046 0.0
2047 0.0
2048 0.0
2049 0.0
2050 0.0
2051 0.0
2052 0.0
2053 0.0
2054 0.0
2055 0.0
2056 0.0
2057 0.0
2058 0.0
2059 0.0
2060 0.0
2061 0.0
2062 0.0
2063 0.0
2064 0.0
2065 0.0
2066 0.0
2067 0.0
2068 0.0
2069 0.0
2070 0.0
2071 0.0
2072 0.0
2073 0.0
2074 0.0
2075 0.0
2076 0.0
2077 0.0
2078 0.0
2079 0.0
2080 0.0
2081 0.0
2082 0.0
2083 0.0
2084 0.0
2085 0.0
2086 0.0
2087 0.0
2088 0.0
2089 0.0
2090 0.0
2091 0.0
2092 0.0
2093 0.0
2094 0.0
2095 0.0
2096 0.0
2097 0.0
2098 0.0
2099 0.0
2100 0.0
2101 0.0
2102 0.0
2103 0.0
2104 0.0
2105 0.0
2106 0.0
2107 0.0
2108 0.0
2109 0.0
2110 0.0
2111 0.0
2112 0.0
2113 0.0
2114 0.0
2115 0.0
2116 0.0
2117 0.0
2118 0.0
2119 0.0
2120 0.0
2121 0.0
2122 0.0
2123 0.0
2124 0.0
2125 0.0
2126 0.0
2127 0.0
2128 0.0
2129 0.0
2130 0.0
2131 0.0
2132 0.0
2133 0.0
2134 0.0
2135 0.0
2136 0.0
2137 0.0
2138 0.0
2139 0.0
2140 0.0
2141 0.0
2142 0.0
2143 0.0
2144 0.0
2145 0.0
2146 0.0
2147 0.0
2148 0.0
2149 0.0
2150 0.0
2151 0.0
2152 0.0
2153 0.0
2154 0.0
2155 0.0
2156 0.0
2157 0.0
2158 0.0
2159 0.0
2160 0.0
2161 0.0
2162 0.0
2163 0.0
2164 0.0
2165 0.0
2166 0.0
2167 0.0
2168 0.0
2169 0.0
2170 0.0
2171 0.0
2172 0.0
2173 0.0
2174 0.0
2175 0.0
2176 0.0
2177 0.0
2178 0.0
2179 0.0
2180 0.0
2181 0.0
2182 0.0
2183 0.0
2184 0.0
2185 0.0
2186 0.0
2187 0.0
2188 0.0
2189 0.0
2190 0.0
2191 0.0
2192 0.0
2193 0.0
2194 0.0
2195 0.0
2196 0.0
2197 0.0
2198 0.0
2199 0.0
2200 0.0
2201 0.0
2202 0.0
2203 0.0
2204 0.0
2205 0.0
2206 0.0
2207 0.0
2208 0.0
2209 0.0
2210 0.0
2211 0.0
2212 0.0
2213 0.0
2214 0.0
2215 0.0
2216 0.0
2217 0.0
2218 0.0
2219 0.0
2220 0.0
2221 0.0
2222 0.0
2223 0.0
2224 0.0
2225 0.0
2226 0.0
2227 0.0
2228 0.0
2229 0.0
2230 0.0
2231 0.0
2232 0.0
2233 0.0
2234 0.0
2235 0.0
2236 0.0
2237 0.0
2238 0.0
2239 0.0
2240 0.0
2241 0.0
2242 0.0
2243 0.0
2244 0.0
2245 0.0
2246 0.0
2247 0.0
2248 0.0
2249 0.0
2250 0.0
2251 0.0
2252 0.0
2253 0.0
2254 0.0
2255 0.0
2256 0.0
2257 0.0
2258 0.0
2259 0.0
2260 0.0
2261 0.0
2262 0.0
2263 0.0
2264 0.0
2265 0.0
2266 0.0
2267 0.0
2268 0.0
2269 0.0
2270 0.0
2271 0.0
2272 0.0
2273 0.0
2274 0.0
2275 0.0
2276 0.0
2277 0.0
2278 0.0
2279 0.0
2280 0.0
2281 0.0
2282 0.0
2283 0.0
2284 0.0
2285 0.0
2286 0.0
2287 0.0
2288 0.0
2289 0.0
2290 0.0
2291 0.0
2292 0.0
2293 0.0
2294 0.0
2295 0.0
2296 0.0
2297 0.0
2298 0.0
2299 0.0
2300 0.0
2301 0.0
2302 0.0
2303 0.0
2304 0.0
2305 0.0
2306 0.0
2307 0.0
2308 0.0
2309 0.0
2310 0.0
2311 0.0
2312 0.0
2313 0.0
2314 0.0
2315 0.0
2316 0.0
2317 0.0
2318 0.0
2319 0.0
2320 0.0
2321 0.0
2322 0.0
2323 0.0
2324 0.0
2325 0.0
2326 0.0
2327 0.0
2328 0.0
2329 0.0
2330 0.0
2331 0.0
2332 0.0
2333 0.0
2334 0.0
2335 0.0
2336 0.0
2337 0.0
2338 0.0
2339 0.0
2340 0.0
2341 0.0
2342 0.0
2343 0.0
2344 0.0
2345 0.0
2346 0.0
2347 0.0
2348 0.0
2349 0.0
2350 0.0
2351 0.0
2352 0.0
2353 0.0
2354 0.0
2355 0.0
2356 0.0
2357 0.0
2358 0.0
2359 0.0
2360 0.0
2361 0.0
2362 0.0
2363 0.0
2364 0.0
2365 0.0
2366 0.0
2367 0.0
2368 0.0
2369 0.0
2370 0.0
2371 0.0
2372 0.0
2373 0.0
2374 0.0
2375 0.0
2376 0.0
2377 0.0
2378 0.0
2379 0.0
2380 0.0
2381 0.0
2382 0.0
2383 0.0
2384 0.0
2385 0.0
2386 0.0
2387 0.0
2388 0.0
2389 0.0
2390 0.0
2391 0.0
2392 0.0
2393 0.0
2394 0.0
2395 0.0
2396 0.0
2397 0.0
2398 0.0
2399 0.0
2400 0.0
2401 0.0
2402 0.0
2403 0.0
2404 0.0
2405 0.0
2406 0.0
2407 0.0
2408 0.0
2409 0.0
2410 0.0
2411 0.0
2412 0.0
2413 0.0
2414 0.0
2415 0.0
2416 0.0
2417 0.0
2418 0.0
2419 0.0
2420 0.0
2421 0.0
2422 0.0
2423 0.0
2424 0.0
2425 0.0
2426 0.0
2427 0.0
2428 0.0
2429 0.0
2430 0.0
2431 0.0
2432 0.0
2433 0.0
2434 0.0
2435 0.0
2436 0.0
2437 0.0
2438 0.0
2439 0.0
2440 0.0
2441 0.0
2442 0.0
2443 0.0
2444 0.0
2445 0.0
2446 0.0
2447 0.0
2448 0.0
2449 0.0
2450 0.0
2451 0.0
2452 0.0
2453 0.0
2454 0.0
2455 0.0
2456 0.0
2457 0.0
2458 0.0
2459 0.0
2460 0.0
2461 0.0
2462 0.0
2463 0.0
2464 0.0
2465 0.0
2466 0.0
2467 0.0
2468 0.0
2469 0.0
2470 0.0
2471 0.0
2472 0.0
2473 0.0
2474 0.0
2475 0.0
2476 0.0
2477 0.0
2478 0.0
2479 0.0
2480 0.0
2481 0.0
2482 0.0
2483 0.0
2484 0.0
2485 0.0
2486 0.0
2487 0.0
2488 0.0
2489 0.0
2490 0.0
2491 0.0
2492 0.0
2493 0.0
2494 0.0
2495 0.0
2496 0.0
2497 0.0
2498 0.0
2499 0.0
2500 0.0
2501 0.0
2502 0.0
2503 0.0
2504 0.0
2505 0.0
2506 0.0
2507 0.0
2508 0.0
2509 0.0
2510 0.0
2511 0.0
2512 0.0
2513 0.0
2514 0.0
2515 0.0
2516 0.0
2517 0.0
2518 0.0
2519 0.0
2520 0.0
2521 0.0
2522 0.0
2523 0.0
2524 0.0
2525 0.0
2526 0.0
2527 0.0
2528 0.0
2529 0.0
2530 0.0
2531 0.0
2532 0.0
2533 0.0
2534 0.0
2535 0.0
2536 0.0
2537 0.0
2538 0.0
2539 0.0
2540 0.0
2541 0.0
2542 0.0
2543 0.0
2544 0.0
2545 0.0
2546 0.0
2547 0.0
2548 0.0
2549 0.0
2550 0.0
2551 0.0
2552 0.0
2553 0.0
2554 0.0
2555 0.0
2556 0.0
2557 0.0
2558 0.0
2559 0.0
2560 0.0
2561 0.0
2562 0.0
2563 0.0
2564 0.0
2565 0.0
2566 0.0
2567 0.0
2568 0.0
2569 0.0
2570 0.0
2571 0.0
2572 0.0
2573 0.0
2574 0.0
2575 0.0
2576 0.0
2577 0.0
2578 0.0
2579 0.0
2580 0.0
2581 0.0
2582 0.0
2583 0.0
2584 0.0
2585 0.0
2586 0.0
2587 0.0
2588 0.0
2589 0.0
2590 0.0
2591 0.0
2592 0.0
2593 0.0
2594 0.0
2595 0.0
2596 0.0
2597 0.0
2598 0.0
2599 0.0
2600 0.0
2601 0.0
2602 0.0
2603 0.0
2604 0.0
2605 0.0
2606 0.0
2607 0.0
2608 0.0
2609 0.0
2610 0.0
2611 0.0
2612 0.0
2613 0.0
2614 0.0
2615 0.0
2616 0.0
2617 0.0
2618 0.0
2619 0.0
2620 0.0
2621 0.0
2622 0.0
2623 0.0
2624 0.0
2625 0.0
2626 0.0
2627 0.0
2628 0.0
2629 0.0
2630 0.0
2631 0.0
2632 0.0
2633 0.0
2634 0.0
2635 0.0
2636 0.0
2637 0.0
2638 0.0
2639 0.0
2640 0.0
2641 0.0
2642 0.0
2643 0.0
2644 0.0
2645 0.0
2646 0.0
2647 0.0
2648 0.0
2649 0.0
2650 0.0
2651 0.0
2652 0.0
2653 0.0
2654 0.0
2655 0.0
2656 0.0
2657 0.0
2658 0.0
2659 0.0
2660 0.0
2661 0.0
2662 0.0
2663 0.0
2664 0.0
2665 0.0
2666 0.0
2667 0.0
2668 0.0
2669 0.0
2670 0.0
2671 0.0
2672 0.0
2673 0.0
2674 0.0
2675 0.0
2676 0.0
2677 0.0
2678 0.0
2679 0.0
2680 0.0
2681 0.0
2682 0.0
2683 0.0
2684 0.0
2685 0.0
2686 0.0
2687 0.0
2688 0.0
2689 0.0
2690 0.0
2691 0.0
2692 0.0
2693 0.0
2694 0.0
2695 0.0
2696 0.0
2697 0.0
2698 0.0
2699 0.0
2700 0.0
2701 0.0
2702 0.0
2703 0.0
2704 0.0
2705 0.0
2706 0.0
2707 0.0
2708 0.0
2709 0.0
2710 0.0
2711 0.0
2712 0.0
2713 0.0
2714 0.0
2715 0.0
2716 0.0
2717 0.0
2718 0.0
2719 0.0
2720 0.0
2721 0.0
2722 0.0
2723 0.0
2724 0.0
2725 0.0
2726 0.0
2727 0.0
2728 0.0
2729 0.0
2730 0.0
2731 0.0
2732 0.0
2733 0.0
2734 0.0
2735 0.0
2736 0.0
2737 0.0
2738 0.0
2739 0.0
2740 0.0
2741 0.0
2742 0.0
2743 0.0
2744 0.0
2745 0.0
2746 0.0
2747 0.0
2748 0.0
2749 0.0
2750 0.0
2751 0.0
2752 0.0
2753 0.0
2754 0.0
2755 0.0
2756 0.0
2757 0.0
2758 0.0
2759 0.0
2760 0.0
2761 0.0
2762 0.0
2763 0.0
2764 0.0
2765 0.0
2766 0.0
2767 0.0
2768 0.0
2769 0.0
2770 0.0
2771 0.0
2772 0.0
2773 0.0
2774 0.0
2775 0.0
2776 0.0
2777 0.0
2778 0.0
2779 0.0
2780 0.0
2781 0.0
2782 0.0
2783 0.0
2784 0.0
2785 0.0
2786 0.0
2787 0.0
2788 0.0
2789 0.0
2790 0.0
2791 0.0
2792 0.0
2793 0.0
2794 0.0
2795 0.0
2796 0.0
2797 0.0
2798 0.0
2799 0.0
2800 0.0
2801 0.0
2802 0.0
2803 0.0
2804 0.0
2805 0.0
2806 0.0
2807 0.0
2808 0.0
2809 0.0
2810 0.0
2811 0.0
2812 0.0
2813 0.0
2814 0.0
2815 0.0
2816 0.0
2817 0.0
2818 0.0
2819 0.0
2820 0.0
2821 0.0
2822 0.0
2823 0.0
2824 0.0
2825 0.0
2826 0.0
2827 0.0
2828 0.0
2829 0.0
2830 0.0
2831 0.0
2832 0.0
2833 0.0
2834 0.0
2835 0.0
2836 0.0
2837 0.0
2838 0.0
2839 0.0
2840 0.0
2841 0.0
2842 0.0
2843 0.0
2844 0.0
2845 0.0
2846 0.0
2847 0.0
2848 0.0
2849 0.0
2850 0.0
2851 0.0
2852 0.0
2853 0.0
2854 0.0
2855 0.0
2856 0.0
2857 0.0
2858 0.0
2859 0.0
2860 0.0
2861 0.0
2862 0.0
2863 0.0
2864 0.0
2865 0.0
2866 0.0
2867 0.0
2868 0.0
2869 0.0
2870 0.0
2871 0.0
2872 0.0
2873 0.0
2874 0.0
2875 0.0
2876 0.0
2877 0.0
2878 0.0
2879 0.0
2880 0.0
2881 0.0
2882 0.0
2883 0.0
2884 0.0
2885 0.0
2886 0.0
2887 0.0
2888 0.0
2889 0.0
2890 0.0
2891 0.0
2892 0.0
2893 0.0
2894 0.0
2895 0.0
2896 0.0
2897 0.0
2898 0.0
2899 0.0
2900 0.0
2901 0.0
2902 0.0
2903 0.0
2904 0.0
2905 0.0
2906 0.0
2907 0.0
2908 0.0
2909 0.0
2910 0.0
2911 0.0
2912 0.0
2913 0.0
2914 0.0
2915 0.0
2916 0.0
2917 0.0
2918 0.0
2919 0.0
2920 0.0
2921 0.0
2922 0.0
2923 0.0
2924 0.0
2925 0.0
2926 0.0
2927 0.0
2928 0.0
2929 0.0
2930 0.0
2931 0.0
2932 0.0
2933 0.0
2934 0.0
2935 0.0
2936 0.0
2937 0.0
2938 0.0
2939 0.0
2940 0.0
2941 0.0
2942 0.0
2943 0.0
2944 0.0
2945 0.0
2946 0.0
2947 0.0
2948 0.0
2949 0.0
2950 0.0
2951 0.0
2952 0.0
2953 0.0
2954 0.0
2955 0.0
2956 0.0
2957 0.0
2958 0.0
2959 0.0
2960 0.0
2961 0.0
2962 0.0
2963 0.0
2964 0.0
2965 0.0
2966 0.0
2967 0.0
2968 0.0
2969 0.0
2970 0.0
2971 0.0
2972 0.0
2973 0.0
2974 0.0
2975 0.0
2976 0.0
2977 0.0
2978 0.0
2979 0.0
2980 0.0
2981 0.0
2982 0.0
2983 0.0
2984 0.0
2985 0.0
2986 0.0
2987 0.0
2988 0.0
2989 0.0
2990 0.0
2991 0.0
2992 0.0
2993 0.0
2994 0.0
2995 0.0
2996 0.0
2997 0.0
2998 0.0
2999 0.0
3000 0.0
3001 0.0
3002 0.0
3003 0.0
3004 0.0
3005 0.0
3006 0.0
3007 0.0
3008 0.0
3009 0.0
3010 0.0
3011 0.0
3012 0.0
3013 0.0
3014 0.0
3015 0.0
3016 0.0
3017 0.0
3018 0.0
3019 0.0
3020 0.0
3021 0.0
3022 0.0
3023 0.0
3024 0.0
3025 0.0
3026 0.0
3027 0.0
3028 0.0
3029 0.0
3030 0.0
3031 0.0
3032 0.0
3033 0.0
3034 0.0
3035 0.0
3036 0.0
3037 0.0
3038 0.0
3039 0.0
3040 0.0
3041 0.0
3042 0.0
3043 0.0
3044 0.0
3045 0.0
3046 0.0
3047 0.0
3048 0.0
3049 0.0
3050 0.0
3051 0.0
3052 0.0
3053 0.0
3054 0.0
3055 0.0
3056 0.0
3057 0.0
3058 0.0
3059 0.0
3060 0.0
3061 0.0
3062 0.0
3063 0.0
3064 0.0
3065 0.0
3066 0.0
3067 0.0
3068 0.0
3069 0.0
3070 0.0
3071 0.0
3072 0.0
3073 0.0
3074 0.0
3075 0.0
3076 0.0
3077 0.0
3078 0.0
3079 0.0
3080 0.0
3081 0.0
3082 0.0
3083 0.0
3084 0.0
3085 0.0
3086 0.0
3087 0.0
3088 0.0
3089 0.0
3090 0.0
3091 0.0
3092 0.0
3093 0.0
3094 0.0
3095 0.0
3096 0.0
3097 0.0
3098 0.0
3099 0.0
3100 0.0
3101 0.0
3102 0.0
3103 0.0
3104 0.0
3105 0.0
3106 0.0
3107 0.0
3108 0.0
3109 0.0
3110 0.0
3111 0.0
3112 0.0
3113 0.0
3114 0.0
3115 0.0
3116 0.0
3117 0.0
3118 0.0
3119 0.0
3120 0.0
3121 0.0
3122 0.0
3123 0.0
3124 0.0
3125 0.0
3126 0.0
3127 0.0
3128 0.0
3129 0.0
3130 0.0
3131 0.0
3132 0.0
3133 0.0
3134 0.0
3135 0.0
3136 0.0
3137 0.0
3138 0.0
3139 0.0
3140 0.0
3141 0.0
3142 0.0
3143 0.0
3144 0.0
3145 0.0
3146 0.0
3147 0.0
3148 0.0
3149 0.0
3150 0.0
3151 0.0
3152 0.0
3153 0.0
3154 0.0
3155 0.0
3156 0.0
3157 0.0
3158 0.0
3159 0.0
3160 0.0
3161 0.0
3162 0.0
3163 0.0
3164 0.0
3165 0.0
3166 0.0
3167 0.0
3168 0.0
3169 0.0
3170 0.0
3171 0.0
3172 0.0
3173 0.0
3174 0.0
3175 0.0
3176 0.0
3177 0.0
3178 0.0
3179 0.0
3180 0.0
3181 0.0
3182 0.0
3183 0.0
3184 0.0
3185 0.0
3186 0.0
3187 0.0
3188 0.0
3189 0.0
3190 0.0
3191 0.0
3192 0.0
3193 0.0
3194 0.0
3195 0.0
3196 0.0
3197 0.0
3198 0.0
3199 0.0
3200 0.0
3201 0.0
3202 0.0
3203 0.0
3204 0.0
3205 0.0
3206 0.0
3207 0.0
3208 0.0
3209 0.0
3210 0.0
3211 0.0
3212 0.0
3213 0.0
3214 0.0
3215 0.0
3216 0.0
3217 0.0
3218 0.0
3219 0.0
3220 0.0
3221 0.0
3222 0.0
3223 0.0
3224 0.0
3225 0.0
3226 0.0
3227 0.0
3228 0.0
3229 0.0
3230 0.0
3231 0.0
3232 0.0
3233 0.0
3234 0.0
3235 0.0
3236 0.0
3237 0.0
3238 0.0
3239 0.0
3240 0.0
3241 0.0
3242 0.0
3243 0.0
3244 0.0
3245 0.0
3246 0.0
3247 0.0
3248 0.0
3249 0.0
3250 0.0
3251 0.0
3252 0.0
3253 0.0
3254 0.0
3255 0.0
3256 0.0
3257 0.0
3258 0.0
3259 0.0
3260 0.0
3261 0.0
3262 0.0
3263 0.0
3264 0.0
3265 0.0
3266 0.0
3267 0.0
3268 0.0
3269 0.0
3270 0.0
3271 0.0
3272 0.0
3273 0.0
3274 0.0
3275 0.0
3276 0.0
3277 0.0
3278 0.0
3279 0.0
3280 0.0
3281 0.0
3282 0.0
3283 0.0
3284 0.0
3285 0.0
3286 0.0
3287 0.0
3288 0.0
3289 0.0
3290 0.0
3291 0.0
3292 0.0
3293 0.0
3294 0.0
3295 0.0
3296 0.0
3297 0.0
3298 0.0
3299 0.0
3300 0.0
3301 0.0
3302 0.0
3303 0.0
3304 0.0
3305 0.0
3306 0.0
3307 0.0
3308 0.0
3309 0.0
3310 0.0
3311 0.0
3312 0.0
3313 0.0
3314 0.0
3315 0.0
3316 0.0
3317 0.0
3318 0.0
3319 0.0
3320 0.0
3321 0.0
3322 0.0
3323 0.0
3324 0.0
3325 0.0
3326 0.0
3327 0.0
3328 0.0
3329 0.0
3330 0.0
3331 0.0
3332 0.0
3333 0.0
3334 0.0
3335 0.0
3336 0.0
3337 0.0
3338 0.0
3339 0.0
3340 0.0
3341 0.0
3342 0.0
3343 0.0
3344 0.0
3345 0.0
3346 0.0
3347 0.0
3348 0.0
3349 0.0
3350 0.0
3351 0.0
3352 0.0
3353 0.0
3354 0.0
3355 0.0
3356 0.0
3357 0.0
3358 0.0
3359 0.0
3360 0.0
3361 0.0
3362 0.0
3363 0.0
3364 0.0
3365 0.0
3366 0.0
3367 0.0
3368 0.0
3369 0.0
3370 0.0
3371 0.0
3372 0.0
3373 0.0
3374 0.0
3375 0.0
3376 0.0
3377 0.0
3378 0.0
3379 0.0
3380 0.0
3381 0.0
3382 0.0
3383 0.0
3384 0.0
3385 0.0
3386 0.0
3387 0.0
3388 0.0
3389 0.0
3390 0.0
3391 0.0
3392 0.0
3393 0.0
3394 0.0
3395 0.0
3396 0.0
3397 0.0
3398 0.0
3399 0.0
3400 0.0
3401 0.0
3402 0.0
3403 0.0
3404 0.0
3405 0.0
3406 0.0
3407 0.0
3408 0.0
3409 0.0
3410 0.0
3411 0.0
3412 0.0
3413 0.0
3414 0.0
3415 0.0
3416 0.0
3417 0.0
3418 0.0
3419 0.0
3420 0.0
3421 0.0
3422 0.0
3423 0.0
3424 0.0
3425 0.0
3426 0.0
3427 0.0
3428 0.0
3429 0.0
3430 0.0
3431 0.0
3432 0.0
3433 0.0
3434 0.0
3435 0.0
3436 0.0
3437 0.0
3438 0.0
3439 0.0
3440 0.0
3441 0.0
3442 0.0
3443 0.0
3444 0.0
3445 0.0
3446 0.0
3447 0.0
3448 0.0
3449 0.0
3450 0.0
3451 0.0
3452 0.0
3453 0.0
3454 0.0
3455 0.0
3456 0.0
3457 0.0
3458 0.0
3459 0.0
3460 0.0
3461 0.0
3462 0.0
3463 0.0
3464 0.0
3465 0.0
3466 0.0
3467 0.0
3468 0.0
3469 0.0
3470 0.0
3471 0.0
3472 0.0
3473 0.0
3474 0.0
3475 0.0
3476 0.0
3477 0.0
3478 0.0
3479 0.0
3480 0.0
3481 0.0
3482 0.0
3483 0.0
3484 0.0
3485 0.0
3486 0.0
3487 0.0
3488 0.0
3489 0.0
3490 0.0
3491 0.0
3492 0.0
3493 0.0
3494 0.0
3495 0.0
3496 0.0
3497 0.0
3498 0.0
3499 0.0
3500 0.0
3501 0.0
3502 0.0
3503 0.0
3504 0.0
3505 0.0
3506 0.0
3507 0.0
3508 0.0
3509 0.0
3510 0.0
3511 0.0
3512 0.0
3513 0.0
3514 0.0
3515 0.0
3516 0.0
3517 0.0
3518 0.0
3519 0.0
3520 0.0
3521 0.0
3522 0.0
3523 0.0
3524 0.0
3525 0.0
3526 0.0
3527 0.0
3528 0.0
3529 0.0
3530 0.0
3531 0.0
3532 0.0
3533 0.0
3534 0.0
3535 0.0
3536 0.0
3537 0.0
3538 0.0
3539 0.0
3540 0.0
3541 0.0
3542 0.0
3543 0.0
3544 0.0
3545 0.0
3546 0.0
3547 0.0
3548 0.0
3549 0.0
3550 0.0
3551 0.0
3552 0.0
3553 0.0
3554 0.0
3555 0.0
3556 0.0
3557 0.0
3558 0.0
3559 0.0
3560 0.0
3561 0.0
3562 0.0
3563 0.0
3564 0.0
3565 0.0
3566 0.0
3567 0.0
3568 0.0
3569 0.0
3570 0.0
3571 0.0
3572 0.0
3573 0.0
3574 0.0
3575 0.0
3576 0.0
3577 0.0
3578 0.0
3579 0.0
3580 0.0
3581 0.0
3582 0.0
3583 0.0
3584 0.0
3585 0.0
3586 0.0
3587 0.0
3588 0.0
3589 0.0
3590 0.0
3591 0.0
3592 0.0
3593 0.0
3594 0.0
3595 0.0
3596 0.0
3597 0.0
3598 0.0
3599 0.0
3600 0.0
3601 0.0
3602 0.0
3603 0.0
3604 0.0
3605 0.0
3606 0.0
3607 0.0
3608 0.0
3609 0.0
3610 0.0
3611 0.0
3612 0.0
3613 0.0
3614 0.0
3615 0.0
3616 0.0
3617 0.0
3618 0.0
3619 0.0
3620 0.0
3621 0.0
3622 0.0
3623 0.0
3624 0.0
3625 0.0
3626 0.0
3627 0.0
3628 0.0
3629 0.0
3630 0.0
3631 0.0
3632 0.0
3633 0.0
3634 0.0
3635 0.0
3636 0.0
3637 0.0
3638 0.0
3639 0.0
3640 0.0
3641 0.0
3642 0.0
3643 0.0
3644 0.0
3645 0.0
3646 0.0
3647 0.0
3648 0.0
3649 0.0
3650 0.0
3651 0.0
3652 0.0
3653 0.0
3654 0.0
3655 0.0
3656 0.0
3657 0.0
3658 0.0
3659 0.0
3660 0.0
3661 0.0
3662 0.0
3663 0.0
3664 0.0
3665 0.0
3666 0.0
3667 0.0
3668 0.0
3669 0.0
3670 0.0
3671 0.0
3672 0.0
3673 0.0
3674 0.0
3675 0.0
3676 0.0
3677 0.0
3678 0.0
3679 0.0
3680 0.0
3681 0.0
3682 0.0
3683 0.0
3684 0.0
3685 0.0
3686 0.0
3687 0.0
3688 0.0
3689 0.0
3690 0.0
3691 0.0
3692 0.0
3693 0.0
3694 0.0
3695 0.0
3696 0.0
3697 0.0
3698 0.0
3699 0.0
3700 0.0
3701 0.0
3702 0.0
3703 0.0
3704 0.0
3705 0.0
3706 0.0
3707 0.0
3708 0.0
3709 0.0
3710 0.0
3711 0.0
3712 0.0
3713 0.0
3714 0.0
3715 0.0
3716 0.0
3717 0.0
3718 0.0
3719 0.0
3720 0.0
3721 0.0
3722 0.0
3723 0.0
3724 0.0
3725 0.0
3726 0.0
3727 0.0
3728 0.0
3729 0.0
3730 0.0
3731 0.0
3732 0.0
3733 0.0
3734 0.0
3735 0.0
3736 0.0
3737 0.0
3738 0.0
3739 0.0
3740 0.0
3741 0.0
3742 0.0
3743 0.0
3744 0.0
3745 0.0
3746 0.0
3747 0.0
3748 0.0
3749 0.0
3750 0.0
3751 0.0
3752 0.0
3753 0.0
3754 0.0
3755 0.0
3756 0.0
3757 0.0
3758 0.0
3759 0.0
3760 0.0
3761 0.0
3762 0.0
3763 0.0
3764 0.0
3765 0.0
3766 0.0
3767 0.0
3768 0.0
3769 0.0
3770 0.0
3771 0.0
3772 0.0
3773 0.0
3774 0.0
3775 0.0
3776 0.0
3777 0.0
3778 0.0
3779 0.0
3780 0.0
3781 0.0
3782 0.0
3783 0.0
3784 0.0
3785 0.0
3786 0.0
3787 0.0
3788 0.0
3789 0.0
3790 0.0
3791 0.0
3792 0.0
3793 0.0
3794 0.0
3795 0.0
3796 0.0
3797 0.0
3798 0.0
3799 0.0
3800 0.0
3801 0.0
3802 0.0
3803 0.0
3804 0.0
3805 0.0
3806 0.0
3807 0.0
3808 0.0
3809 0.0
3810 0.0
3811 0.0
3812 0.0
3813 0.0
3814 0.0
3815 0.0
3816 0.0
3817 0.0
3818 0.0
3819 0.0
3820 0.0
3821 0.0
3822 0.0
3823 0.0
3824 0.0
3825 0.0
3826 0.0
3827 0.0
3828 0.0
3829 0.0
3830 0.0
3831 0.0
3832 0.0
3833 0.0
3834 0.0
3835 0.0
3836 0.0
3837 0.0
3838 0.0
3839 0.0
3840 0.0
3841 0.0
3842 0.0
3843 0.0
3844 0.0
3845 0.0
3846 0.0
3847 0.0
3848 0.0
3849 0.0
3850 0.0
3851 0.0
3852 0.0
3853 0.0
3854 0.0
3855 0.0
3856 0.0
3857 0.0
3858 0.0
3859 0.0
3860 0.0
3861 0.0
3862 0.0
3863 0.0
3864 0.0
3865 0.0
3866 0.0
3867 0.0
3868 0.0
3869 0.0
3870 0.0
3871 0.0
3872 0.0
3873 0.0
3874 0.0
3875 0.0
3876 0.0
3877 0.0
3878 0.0
3879 0.0
3880 0.0
3881 0.0
3882 0.0
3883 0.0
3884 0.0
3885 0.0
3886 0.0
3887 0.0
3888 0.0
3889 0.0
3890 0.0
3891 0.0
3892 0.0
3893 0.0
3894 0.0
3895 0.0
3896 0.0
3897 0.0
3898 0.0
3899 0.0
3900 0.0
3901 0.0
3902 0.0
3903 0.0
3904 0.0
3905 0.0
3906 0.0
3907 0.0
3908 0.0
3909 0.0
3910 0.0
3911 0.0
3912 0.0
3913 0.0
3914 0.0
3915 0.0
3916 0.0
3917 0.0
3918 0.0
3919 0.0
3920 0.0
3921 0.0
3922 0.0
3923 0.0
3924 0.0
3925 0.0
3926 0.0
3927 0.0
3928 0.0
3929 0.0
3930 0.0
3931 0.0
3932 0.0
3933 0.0
3934 0.0
3935 0.0
3936 0.0
3937 0.0
3938 0.0
3939 0.0
3940 0.0
3941 0.0
3942 0.0
3943 0.0
3944 0.0
3945 0.0
3946 0.0
3947 0.0
3948 0.0
3949 0.0
3950 0.0
3951 0.0
3952 0.0
3953 0.0
3954 0.0
3955 0.0
3956 0.0
3957 0.0
3958 0.0
3959 0.0
3960 0.0
3961 0.0
3962 0.0
3963 0.0
3964 0.0
3965 0.0
3966 0.0
3967 0.0
3968 0.0
3969 0.0
3970 0.0
3971 0.0
3972 0.0
3973 0.0
3974 0.0
3975 0.0
3976 0.0
3977 0.0
3978 0.0
3979 0.0
3980 0.0
3981 0.0
3982 0.0
3983 0.0
3984 0.0
3985 0.0
3986 0.0
3987 0.0
3988 0.0
3989 0.0
3990 0.0
3991 0.0
3992 0.0
3993 0.0
3994 0.0
3995 0.0
3996 0.0
3997 0.0
3998 0.0
3999 0.0
4000 0.0
