0 185138.62412259652
1 47699.639126354225
2 8669.11819951646
3 6513.792090903041
4 6214.443881043412
5 5892.635012924113
6 3007.8814021033663
7 2169.2803790818493
8 1934.4958062023738
9 1640.719528436414
10 1288.114405204785
11 1006.5128787096754
12 843.5233740958097
13 726.6400074121058
14 580.3246119117324
15 496.5461437091948
16 438.0479940047063
17 378.2148720257161
18 338.7031628022259
19 287.207323315239
20 266.9147911471157
21 239.53319680385982
22 202.9328727532955
23 177.4960955017573
24 166.72844382107075
25 145.93573653677828
26 131.92312555211117
27 122.29590710472718
28 110.7426780569185
29 100.40163017077484
30 92.5854223574213
31 84.70852718324035
32 81.12759339079231
33 73.1919613464875
34 69.41535400104134
35 63.048153341330206
36 59.45075648885787
37 56.0421280393751
38 53.50335222117325
39 51.49707697041331
40 49.7866734283775
41 47.56635324084106
42 45.1883969776776
43 43.744617185360575
44 42.47071523886695
45 40.664750335453704
46 39.24507455004962
47 38.49723774992643
48 37.62676466408894
49 36.42950225903651
50 35.82151615034298
51 34.91499986639512
52 34.41640920565867
53 34.14878219812786
54 33.49772077126213
55 33.11368974585893
56 32.673407109583295
57 32.192416257369004
58 31.811819863956135
59 31.60392589246924
60 31.35764413138286
61 31.0287215518689
62 30.916664973005975
63 30.658446318851784
64 30.5471255297053
65 30.27931851695147
66 30.13409986062999
67 29.952886363528265
68 29.821536376668536
69 29.70591240163005
70 29.61557542750336
71 29.527487927240653
72 29.408873768680955
73 29.336208455204584
74 29.2567970708466
75 29.179637100301708
76 29.121345296090947
77 29.050489834560988
78 28.983064887864778
79 28.909333154441935
80 28.864333229350777
81 28.804884494534008
82 28.77028077207651
83 28.74107665375919
84 28.70937142508592
85 28.682817943435413
86 28.64995622452521
87 28.584582409940516
88 28.54971155597975
89 28.523780623301896
90 28.509677183823083
91 28.494128507341486
92 28.450735722114537
93 28.41985058699674
94 28.39262368608789
95 28.36567149410894
96 28.334823208591082
97 28.314678053227542
98 28.2838926691495
99 28.27001842283972
100 28.249612106981342
101 28.208967159597307
102 28.171701450982262
103 28.16603920105088
104 28.146793808658444
105 28.12878447166209
106 28.105633091162936
107 28.08970697606936
108 28.081314491801923
109 28.069508308704634
110 28.0527614600627
111 28.04782364536783
112 28.03181259843768
113 28.018547463436303
114 28.011705320364932
115 28.004930546618098
116 27.978272858514703
117 27.9625637443051
118 27.949670510503424
119 27.943549942806893
120 27.930147307292973
121 27.91722577194989
122 27.889824898013917
123 27.889824898013917
124 27.862671882851767
125 27.851178963311106
126 27.8426285031862
127 27.82826030289749
128 27.817629971034815
129 27.813597281895856
130 27.803574155254243
131 27.800172158671625
132 27.798650519192385
133 27.788988738229538
134 27.788514303314614
135 27.781768192729178
136 27.76830447600492
137 27.732316814119283
138 27.713383503544183
139 27.699903368010798
140 27.69096198476026
141 27.69096198476026
142 27.69096198476026
143 27.680590196822884
144 27.6707129630039
145 27.660302205892698
146 27.659221384340842
147 27.656212832102888
148 27.645932144598692
149 27.636584803081977
150 27.62658639329062
151 27.61660244226342
152 27.603862079240397
153 27.59955246544298
154 27.587482870560116
155 27.579989313061258
156 27.577987865989417
157 27.573086375515686
158 27.573086375515686
159 27.570930073820247
160 27.570930073820247
161 27.56854936575178
162 27.55421333378082
163 27.550753520701562
164 27.548777669643037
165 27.52752400135336
166 27.510952685133542
167 27.510952685133542
168 27.510014668679837
169 27.510014668679837
170 27.510014668679837
171 27.508116916060875
172 27.508116916060875
173 27.505496236960834
174 27.505496236960834
175 27.505496236960834
176 27.505496236960834
177 27.485776643386338
178 27.480105129877572
179 27.46466765614917
180 27.45752482745893
181 27.436406563518087
182 27.434666889441196
183 27.43439052715052
184 27.43439052715052
185 27.43439052715052
186 27.429728734698745
187 27.421843033541386
188 27.414586559123798
189 27.414586559123798
190 27.414586559123798
191 27.408645780214627
192 27.408645780214627
193 27.407646533488425
194 27.397558812405766
195 27.38898348461349
196 27.385768556333247
197 27.385682371453033
198 27.384513022833442
199 27.381648855333008
200 27.36730268251225
201 27.36730268251225
202 27.365710061498493
203 27.363523732620326
204 27.363444152726622
205 27.34857633570637
206 27.346710051374533
207 27.338063622878767
208 27.326851286911154
209 27.326851286911154
210 27.325666717748742
211 27.31172986658531
212 27.310059750873037
213 27.30841996504795
214 27.30841996504795
215 27.30841996504795
216 27.30841996504795
217 27.30841996504795
218 27.308296841842076
219 27.30635839240039
220 27.293729871929298
221 27.293729871929298
222 27.288391451324646
223 27.288391451324646
224 27.27961795010223
225 27.27961795010223
226 27.27961795010223
227 27.267744274699663
228 27.267744274699663
229 27.265973207520787
230 27.265973207520787
231 27.265973207520787
232 27.263174183357947
233 27.263174183357947
234 27.258156725476745
235 27.258156725476745
236 27.254052399130362
237 27.254052399130362
238 27.247441086355824
239 27.247441086355824
240 27.243767780690575
241 27.24336769275083
242 27.242060973788462
243 27.233683032063308
244 27.23205763110109
245 27.230911693448924
246 27.21876333910919
247 27.21876333910919
248 27.21793191538494
249 27.216526221225454
250 27.216526221225454
251 27.216526221225454
252 27.206209815331423
253 27.205013204549612
254 27.205013204549612
255 27.205013204549612
256 27.205013204549612
257 27.202218082506032
258 27.19584073351066
259 27.19584073351066
260 27.19584073351066
261 27.19584073351066
262 27.19584073351066
263 27.19584073351066
264 27.19584073351066
265 27.19584073351066
266 27.192538373183222
267 27.19167606573871
268 27.19167606573871
269 27.19167606573871
270 27.19167606573871
271 27.19167606573871
272 27.188473869430048
273 27.188473869430048
274 27.188473869430048
275 27.188473869430048
276 27.187624173064947
277 27.18499573794656
278 27.178798986332332
279 27.172376581512065
280 27.171428879239482
281 27.171428879239482
282 27.171428879239482
283 27.171428879239482
284 27.1665335230288
285 27.163318257804367
286 27.163318257804367
287 27.163318257804367
288 27.160974922287373
289 27.160974922287373
290 27.153418199164104
291 27.153418199164104
292 27.153418199164104
293 27.14860516323788
294 27.14860516323788
295 27.14860516323788
296 27.14860516323788
297 27.14860516323788
298 27.14860516323788
299 27.144287321554955
300 27.144287321554955
301 27.144287321554955
302 27.142230727428284
303 27.142230727428284
304 27.142110354036447
305 27.142110354036447
306 27.136049150470395
307 27.136049150470395
308 27.136049150470395
309 27.131192711970392
310 27.129118493362267
311 27.129118493362267
312 27.129118493362267
313 27.129118493362267
314 27.129118493362267
315 27.129118493362267
316 27.129118493362267
317 27.129118493362267
318 27.127359769291704
319 27.127359769291704
320 27.119988551086465
321 27.119988551086465
322 27.115039868496254
323 27.115039868496254
324 27.115039868496254
325 27.114150296864192
326 27.114150296864192
327 27.114150296864192
328 27.114150296864192
329 27.108971131850335
330 27.105740208387537
331 27.105740208387537
332 27.105740208387537
333 27.105740208387537
334 27.105740208387537
335 27.103925339735934
336 27.103925339735934
337 27.103925339735934
338 27.103925339735934
339 27.103925339735934
340 27.103925339735934
341 27.10323992564751
342 27.10323992564751
343 27.100418625028194
344 27.100418625028194
345 27.100418625028194
346 27.100418625028194
347 27.100418625028194
348 27.100418625028194
349 27.08903899771287
350 27.08901280580136
351 27.083573667672265
352 27.083573667672265
353 27.083573667672265
354 27.083573667672265
355 27.083573667672265
356 27.08259471981679
357 27.08259471981679
358 27.08259471981679
359 27.08259471981679
360 27.075852129884378
361 27.07477430582768
362 27.07477430582768
363 27.07477430582768
364 27.07477430582768
365 27.073169272036846
366 27.07144758550897
367 27.07144758550897
368 27.07144758550897
369 27.07144758550897
370 27.07144758550897
371 27.07144758550897
372 27.07144758550897
373 27.070236822081053
374 27.070236822081053
375 27.070236822081053
376 27.065689161740874
377 27.065689161740874
378 27.065689161740874
379 27.06425965080461
380 27.06425965080461
381 27.06425965080461
382 27.06425965080461
383 27.06425965080461
384 27.06425965080461
385 27.06425965080461
386 27.06425965080461
387 27.06425965080461
388 27.06425965080461
389 27.06425965080461
390 27.06425965080461
391 27.06425965080461
392 27.062507724177973
393 27.062507724177973
394 27.062507724177973
395 27.062507724177973
396 27.062507724177973
397 27.062507724177973
398 27.062507724177973
399 27.062507724177973
400 27.062507724177973
401 27.059139483424516
402 27.059139483424516
403 27.059139483424516
404 27.051556438908573
405 27.051556438908573
406 27.041522024837217
407 27.041522024837217
408 27.041522024837217
409 27.039683568118807
410 27.039683568118807
411 27.039683568118807
412 27.039683568118807
413 27.038064666662326
414 27.038064666662326
415 27.03655055864058
416 27.03655055864058
417 27.03655055864058
418 27.03117176328276
419 27.03117176328276
420 27.030499010146517
421 27.030499010146517
422 27.026101570322954
423 27.026101570322954
424 27.026101570322954
425 27.026101570322954
426 27.023448659839477
427 27.023448659839477
428 27.023448659839477
429 27.023448659839477
430 27.01415798691602
431 27.01415798691602
432 27.012724280867285
433 27.012724280867285
434 27.012724280867285
435 27.012724280867285
436 27.003924855722296
437 27.001785356107757
438 27.001785356107757
439 27.001785356107757
440 27.001785356107757
441 27.001785356107757
442 27.001785356107757
443 26.997212132401796
444 26.997212132401796
445 26.997212132401796
446 26.995284546662663
447 26.995284546662663
448 26.995284546662663
449 26.995284546662663
450 26.995284546662663
451 26.995284546662663
452 26.995284546662663
453 26.995284546662663
454 26.990646660061618
455 26.990646660061618
456 26.990646660061618
457 26.990636145004444
458 26.990636145004444
459 26.990636145004444
460 26.990636145004444
461 26.990636145004444
462 26.990636145004444
463 26.99052733091578
464 26.99052733091578
465 26.99052733091578
466 26.99052733091578
467 26.98543839062101
468 26.98543839062101
469 26.98543839062101
470 26.98543839062101
471 26.98543839062101
472 26.98543839062101
473 26.98069260742629
474 26.98069260742629
475 26.97832120951123
476 26.97832120951123
477 26.97832120951123
478 26.97832120951123
479 26.97516126687881
480 26.97516126687881
481 26.97516126687881
482 26.97516126687881
483 26.97516126687881
484 26.97516126687881
485 26.97516126687881
486 26.95825784344733
487 26.95825784344733
488 26.95825784344733
489 26.95825784344733
490 26.95825784344733
491 26.95825784344733
492 26.95825784344733
493 26.95825784344733
494 26.956636361641547
495 26.956636361641547
496 26.949357073202652
497 26.949357073202652
498 26.949357073202652
499 26.9420957569511
500 26.9420957569511
501 26.9420957569511
502 26.9420957569511
503 26.9420957569511
504 26.9420957569511
505 26.9420957569511
506 26.9420957569511
507 26.9420957569511
508 26.9420957569511
509 26.9420957569511
510 26.9420957569511
511 26.9420957569511
512 26.9420957569511
513 26.9420957569511
514 26.9420957569511
515 26.9420957569511
516 26.9420957569511
517 26.9420957569511
518 26.9420957569511
519 26.9420957569511
520 26.9420957569511
521 26.9420957569511
522 26.9420957569511
523 26.9420957569511
524 26.9420957569511
525 26.9420957569511
526 26.94056178379554
527 26.94056178379554
528 26.94056178379554
529 26.94056178379554
530 26.94056178379554
531 26.94056178379554
532 26.94056178379554
533 26.94056178379554
534 26.926037841770587
535 26.926037841770587
536 26.926037841770587
537 26.926037841770587
538 26.926037841770587
539 26.926037841770587
540 26.926037841770587
541 26.92131309814203
542 26.92131309814203
543 26.92131309814203
544 26.92131309814203
545 26.92131309814203
546 26.91924779176673
547 26.91924779176673
548 26.91924779176673
549 26.91924779176673
550 26.91924779176673
551 26.910088010344918
552 26.910088010344918
553 26.910088010344918
554 26.910088010344918
555 26.910088010344918
556 26.910088010344918
557 26.910088010344918
558 26.910088010344918
559 26.910088010344918
560 26.910088010344918
561 26.910088010344918
562 26.910088010344918
563 26.910088010344918
564 26.899790134005727
565 26.899790134005727
566 26.89187505338445
567 26.89187505338445
568 26.89187505338445
569 26.89187505338445
570 26.87929085511329
571 26.875433563694425
572 26.875433563694425
573 26.873822000303885
574 26.873822000303885
575 26.873822000303885
576 26.873822000303885
577 26.873822000303885
578 26.87169443925625
579 26.87169443925625
580 26.85907585213714
581 26.85907585213714
582 26.85907585213714
583 26.85907585213714
584 26.85907585213714
585 26.85907585213714
586 26.85907585213714
587 26.85907585213714
588 26.85907585213714
589 26.854024570303565
590 26.85350591046834
591 26.85350591046834
592 26.844246055640433
593 26.844246055640433
594 26.844246055640433
595 26.844246055640433
596 26.844246055640433
597 26.840358296055868
598 26.840358296055868
599 26.840358296055868
600 26.840358296055868
601 26.82797549220264
602 26.82461865850347
603 26.82461865850347
604 26.82461865850347
605 26.812689309786258
606 26.812689309786258
607 26.812689309786258
608 26.812689309786258
609 26.812689309786258
610 26.812689309786258
611 26.812689309786258
612 26.812689309786258
613 26.812689309786258
614 26.810634475789303
615 26.810634475789303
616 26.810634475789303
617 26.810634475789303
618 26.810634475789303
619 26.810634475789303
620 26.810634475789303
621 26.810634475789303
622 26.810634475789303
623 26.810634475789303
624 26.810634475789303
625 26.810634475789303
626 26.810634475789303
627 26.810634475789303
628 26.810634475789303
629 26.810634475789303
630 26.80303392105534
631 26.799974535621462
632 26.799974535621462
633 26.799974535621462
634 26.799754592658626
635 26.796830656392387
636 26.785809167044256
637 26.785809167044256
638 26.785809167044256
639 26.784367370692298
640 26.784367370692298
641 26.784367370692298
642 26.784367370692298
643 26.781760880606093
644 26.781760880606093
645 26.781760880606093
646 26.781760880606093
647 26.781760880606093
648 26.781760880606093
649 26.781760880606093
650 26.781473396855528
651 26.781473396855528
652 26.781473396855528
653 26.781473396855528
654 26.773957145797194
655 26.773957145797194
656 26.773957145797194
657 26.773957145797194
658 26.772543217234293
659 26.772543217234293
660 26.772543217234293
661 26.772543217234293
662 26.767995699724068
663 26.767995699724068
664 26.767995699724068
665 26.767995699724068
666 26.767995699724068
667 26.767995699724068
668 26.767995699724068
669 26.767995699724068
670 26.767995699724068
671 26.767995699724068
672 26.767995699724068
673 26.764181290371212
674 26.764181290371212
675 26.764181290371212
676 26.764181290371212
677 26.764181290371212
678 26.764181290371212
679 26.764181290371212
680 26.764181290371212
681 26.764181290371212
682 26.764181290371212
683 26.764181290371212
684 26.764181290371212
685 26.751966536764076
686 26.751966536764076
687 26.745088366900617
688 26.745088366900617
689 26.745088366900617
690 26.745088366900617
691 26.745088366900617
692 26.74135767070437
693 26.73685989955409
694 26.736224164722223
695 26.736224164722223
696 26.72788186656838
697 26.724306175055986
698 26.724306175055986
699 26.724306175055986
700 26.724306175055986
701 26.722813953522575
702 26.722813953522575
703 26.722813953522575
704 26.722813953522575
705 26.715735433299503
706 26.715735433299503
707 26.715735433299503
708 26.715735433299503
709 26.715735433299503
710 26.715735433299503
711 26.715735433299503
712 26.715735433299503
713 26.715735433299503
714 26.715735433299503
715 26.715735433299503
716 26.715735433299503
717 26.715735433299503
718 26.715735433299503
719 26.715735433299503
720 26.715735433299503
721 26.715735433299503
722 26.71548138155111
723 26.71548138155111
724 26.715104771378925
725 26.710579567955715
726 26.710579567955715
727 26.706329273551123
728 26.706329273551123
729 26.706329273551123
730 26.706329273551123
731 26.706329273551123
732 26.706329273551123
733 26.706329273551123
734 26.706329273551123
735 26.706329273551123
736 26.703523612150075
737 26.703523612150075
738 26.699999773342217
739 26.699999773342217
740 26.699999773342217
741 26.69745090828275
742 26.69745090828275
743 26.69745090828275
744 26.69745090828275
745 26.69745090828275
746 26.69745090828275
747 26.69745090828275
748 26.69745090828275
749 26.69745090828275
750 26.69745090828275
751 26.69745090828275
752 26.69745090828275
753 26.69745090828275
754 26.69745090828275
755 26.69745090828275
756 26.69745090828275
757 26.69745090828275
758 26.69745090828275
759 26.69745090828275
760 26.69745090828275
761 26.69745090828275
762 26.69745090828275
763 26.69745090828275
764 26.69745090828275
765 26.69745090828275
766 26.69745090828275
767 26.69745090828275
768 26.69745090828275
769 26.69745090828275
770 26.69745090828275
771 26.69745090828275
772 26.69745090828275
773 26.69745090828275
774 26.696672961341367
775 26.696672961341367
776 26.696672961341367
777 26.696672961341367
778 26.687548956246527
779 26.687548956246527
780 26.687548956246527
781 26.674519996169796
782 26.674519996169796
783 26.674519996169796
784 26.674519996169796
785 26.674519996169796
786 26.674519996169796
787 26.674519996169796
788 26.674519996169796
789 26.674519996169796
790 26.666026941741872
791 26.666026941741872
792 26.666026941741872
793 26.666026941741872
794 26.65732580653701
795 26.65732580653701
796 26.653167318597998
797 26.653167318597998
798 26.653167318597998
799 26.653167318597998
800 26.653167318597998
801 26.653167318597998
802 26.653167318597998
803 26.653167318597998
804 26.651005116199972
805 26.651005116199972
806 26.63790252035943
807 26.63790252035943
808 26.63790252035943
809 26.63790252035943
810 26.63790252035943
811 26.63790252035943
812 26.63790252035943
813 26.63790252035943
814 26.637823004407245
815 26.637823004407245
816 26.637823004407245
817 26.635133173986
818 26.635133173986
819 26.635133173986
820 26.635133173986
821 26.635133173986
822 26.635133173986
823 26.635133173986
824 26.635133173986
825 26.635133173986
826 26.635133173986
827 26.635133173986
828 26.635133173986
829 26.635133173986
830 26.635133173986
831 26.635133173986
832 26.635133173986
833 26.635133173986
834 26.633362110196416
835 26.631918881873766
836 26.631918881873766
837 26.623579850847882
838 26.623579850847882
839 26.620976984579
840 26.620976984579
841 26.620976984579
842 26.620976984579
843 26.620976984579
844 26.620976984579
845 26.620976984579
846 26.620976984579
847 26.616626251929393
848 26.616626251929393
849 26.616626251929393
850 26.616626251929393
851 26.616626251929393
852 26.616626251929393
853 26.616626251929393
854 26.616626251929393
855 26.616626251929393
856 26.616626251929393
857 26.616626251929393
858 26.616626251929393
859 26.616626251929393
860 26.616626251929393
861 26.616626251929393
862 26.616626251929393
863 26.611411563361877
864 26.611411563361877
865 26.607891130754016
866 26.607891130754016
867 26.6063111592711
868 26.6063111592711
869 26.6063111592711
870 26.6063111592711
871 26.605231231188327
872 26.605231231188327
873 26.605231231188327
874 26.605231231188327
875 26.605231231188327
876 26.605231231188327
877 26.605231231188327
878 26.605231231188327
879 26.605231231188327
880 26.605231231188327
881 26.605231231188327
882 26.605231231188327
883 26.602768198593694
884 26.602768198593694
885 26.602768198593694
886 26.602768198593694
887 26.602768198593694
888 26.602768198593694
889 26.5987620890941
890 26.5987620890941
891 26.5987620890941
892 26.5987620890941
893 26.5987620890941
894 26.59665837639412
895 26.59665837639412
896 26.59665837639412
897 26.59665837639412
898 26.59665837639412
899 26.59665837639412
900 26.59665837639412
901 26.5938867984814
902 26.5938867984814
903 26.5938867984814
904 26.5938867984814
905 26.5938867984814
906 26.5938867984814
907 26.5938867984814
908 26.5938867984814
909 26.5938867984814
910 26.5938867984814
911 26.5938867984814
912 26.5938867984814
913 26.5938867984814
914 26.5938867984814
915 26.5938867984814
916 26.5938867984814
917 26.59283547672645
918 26.59283547672645
919 26.59283547672645
920 26.59283547672645
921 26.59283547672645
922 26.59283547672645
923 26.59283547672645
924 26.59283547672645
925 26.59283547672645
926 26.59283547672645
927 26.59283547672645
928 26.59283547672645
929 26.59283547672645
930 26.59283547672645
931 26.59283547672645
932 26.59283547672645
933 26.59283547672645
934 26.59283547672645
935 26.59283547672645
936 26.59283547672645
937 26.59283547672645
938 26.59283547672645
939 26.59283547672645
940 26.59283547672645
941 26.59283547672645
942 26.59283547672645
943 26.59283547672645
944 26.585091136842802
945 26.585091136842802
946 26.585091136842802
947 26.585091136842802
948 26.585091136842802
949 26.585091136842802
950 26.585091136842802
951 26.585091136842802
952 26.585091136842802
953 26.585091136842802
954 26.585091136842802
955 26.585091136842802
956 26.585091136842802
957 26.585091136842802
958 26.585091136842802
959 26.585091136842802
960 26.585091136842802
961 26.585091136842802
962 26.585091136842802
963 26.585091136842802
964 26.585091136842802
965 26.585091136842802
966 26.585091136842802
967 26.585091136842802
968 26.585091136842802
969 26.585091136842802
970 26.585091136842802
971 26.585091136842802
972 26.585091136842802
973 26.585091136842802
974 26.585091136842802
975 26.585091136842802
976 26.585091136842802
977 26.585091136842802
978 26.585091136842802
979 26.585091136842802
980 26.585091136842802
981 26.585091136842802
982 26.585091136842802
983 26.585091136842802
984 26.585091136842802
985 26.585091136842802
986 26.585091136842802
987 26.585091136842802
988 26.585091136842802
989 26.585091136842802
990 26.585091136842802
991 26.585091136842802
992 26.585091136842802
993 26.585091136842802
994 26.585091136842802
995 26.585091136842802
996 26.57717806292036
997 26.57717806292036
998 26.57717806292036
999 26.57717806292036
1000 26.57717806292036
1001 26.57717806292036
1002 26.57717806292036
1003 26.57717806292036
1004 26.57717806292036
1005 26.57717806292036
1006 26.57717806292036
1007 26.57717806292036
1008 26.57717806292036
1009 26.57717806292036
1010 26.57717806292036
1011 26.57717806292036
1012 26.570898387323457
1013 26.570898387323457
1014 26.570898387323457
1015 26.570898387323457
1016 26.570898387323457
1017 26.570898387323457
1018 26.570898387323457
1019 26.570898387323457
1020 26.570898387323457
1021 26.570898387323457
1022 26.570898387323457
1023 26.570898387323457
1024 26.56589263153451
1025 26.56589263153451
1026 26.56589263153451
1027 26.56589263153451
1028 26.56589263153451
1029 26.56589263153451
1030 26.56589263153451
1031 26.56589263153451
1032 26.553130099317137
1033 26.553130099317137
1034 26.553130099317137
1035 26.553130099317137
1036 26.553130099317137
1037 26.553130099317137
1038 26.553130099317137
1039 26.553130099317137
1040 26.553130099317137
1041 26.553130099317137
1042 26.553130099317137
1043 26.553130099317137
1044 26.553130099317137
1045 26.553130099317137
1046 26.553130099317137
1047 26.553130099317137
1048 26.553130099317137
1049 26.54707224320847
1050 26.54707224320847
1051 26.54707224320847
1052 26.54707224320847
1053 26.54707224320847
1054 26.54707224320847
1055 26.54707224320847
1056 26.54707224320847
1057 26.54707224320847
1058 26.542635240007474
1059 26.542635240007474
1060 26.542635240007474
1061 26.542635240007474
1062 26.542635240007474
1063 26.542635240007474
1064 26.542635240007474
1065 26.542635240007474
1066 26.542635240007474
1067 26.542635240007474
1068 26.542635240007474
1069 26.542635240007474
1070 26.542635240007474
1071 26.542635240007474
1072 26.542635240007474
1073 26.542635240007474
1074 26.542635240007474
1075 26.542075667361267
1076 26.542075667361267
1077 26.542075667361267
1078 26.542075667361267
1079 26.542075667361267
1080 26.542075667361267
1081 26.542075667361267
1082 26.542075667361267
1083 26.542075667361267
1084 26.542075667361267
1085 26.542075667361267
1086 26.53452439587178
1087 26.53452439587178
1088 26.53452439587178
1089 26.53452439587178
1090 26.53452439587178
1091 26.53452439587178
1092 26.53452439587178
1093 26.531021216251695
1094 26.531021216251695
1095 26.531021216251695
1096 26.531021216251695
1097 26.531021216251695
1098 26.531021216251695
1099 26.531021216251695
1100 26.531021216251695
1101 26.531021216251695
1102 26.531021216251695
1103 26.531021216251695
1104 26.531021216251695
1105 26.513556615191042
1106 26.513556615191042
1107 26.513556615191042
1108 26.513556615191042
1109 26.513556615191042
1110 26.513556615191042
1111 26.5112103621895
1112 26.5112103621895
1113 26.5112103621895
1114 26.5112103621895
1115 26.5112103621895
1116 26.5112103621895
1117 26.5112103621895
1118 26.5112103621895
1119 26.5112103621895
1120 26.5112103621895
1121 26.5112103621895
1122 26.5112103621895
1123 26.5112103621895
1124 26.5112103621895
1125 26.5112103621895
1126 26.5112103621895
1127 26.505522183037595
1128 26.505522183037595
1129 26.505522183037595
1130 26.50372259523086
1131 26.50372259523086
1132 26.498605073046285
1133 26.498605073046285
1134 26.498605073046285
1135 26.498605073046285
1136 26.497616328898022
1137 26.497616328898022
1138 26.494214209442486
1139 26.494214209442486
1140 26.494214209442486
1141 26.494214209442486
1142 26.494214209442486
1143 26.494214209442486
1144 26.494214209442486
1145 26.494214209442486
1146 26.494214209442486
1147 26.494214209442486
1148 26.494214209442486
1149 26.494214209442486
1150 26.494214209442486
1151 26.474591605764424
1152 26.474591605764424
1153 26.474591605764424
1154 26.474591605764424
1155 26.474591605764424
1156 26.474591605764424
1157 26.474591605764424
1158 26.474591605764424
1159 26.474591605764424
1160 26.474591605764424
1161 26.474591605764424
1162 26.474591605764424
1163 26.474591605764424
1164 26.474591605764424
1165 26.474591605764424
1166 26.474591605764424
1167 26.474591605764424
1168 26.474591605764424
1169 26.474591605764424
1170 26.474591605764424
1171 26.474591605764424
1172 26.474591605764424
1173 26.474591605764424
1174 26.474591605764424
1175 26.471988277917546
1176 26.45572129906015
1177 26.45572129906015
1178 26.45572129906015
1179 26.45572129906015
1180 26.45572129906015
1181 26.455124253884257
1182 26.455124253884257
1183 26.455124253884257
1184 26.455124253884257
1185 26.455124253884257
1186 26.455124253884257
1187 26.455124253884257
1188 26.455124253884257
1189 26.455124253884257
1190 26.455124253884257
1191 26.455124253884257
1192 26.455124253884257
1193 26.455124253884257
1194 26.455124253884257
1195 26.455124253884257
1196 26.455124253884257
1197 26.44731220250144
1198 26.44731220250144
1199 26.44731220250144
1200 26.44731220250144
1201 26.443750259846926
1202 26.443750259846926
1203 26.443750259846926
1204 26.443750259846926
1205 26.443750259846926
1206 26.443750259846926
1207 26.443750259846926
1208 26.443750259846926
1209 26.443750259846926
1210 26.443750259846926
1211 26.443750259846926
1212 26.443750259846926
1213 26.443750259846926
1214 26.443750259846926
1215 26.443750259846926
1216 26.443750259846926
1217 26.443750259846926
1218 26.441568086686555
1219 26.441568086686555
1220 26.441568086686555
1221 26.441568086686555
1222 26.441568086686555
1223 26.432322832836242
1224 26.432322832836242
1225 26.432322832836242
1226 26.432322832836242
1227 26.432322832836242
1228 26.432322832836242
1229 26.432322832836242
1230 26.432322832836242
1231 26.432322832836242
1232 26.432322832836242
1233 26.432322832836242
1234 26.432322832836242
1235 26.432322832836242
1236 26.432322832836242
1237 26.432322832836242
1238 26.432322832836242
1239 26.432322832836242
1240 26.432322832836242
1241 26.432322832836242
1242 26.432322832836242
1243 26.432322832836242
1244 26.432322832836242
1245 26.432322832836242
1246 26.432322832836242
1247 26.432322832836242
1248 26.432322832836242
1249 26.432322832836242
1250 26.432322832836242
1251 26.432322832836242
1252 26.432322832836242
1253 26.432322832836242
1254 26.432322832836242
1255 26.432322832836242
1256 26.432322832836242
1257 26.432322832836242
1258 26.432322832836242
1259 26.432322832836242
1260 26.432322832836242
1261 26.432322832836242
1262 26.432322832836242
1263 26.432322832836242
1264 26.432322832836242
1265 26.432322832836242
1266 26.432322832836242
1267 26.432322832836242
1268 26.432322832836242
1269 26.432322832836242
1270 26.432322832836242
1271 26.432322832836242
1272 26.420541023877192
1273 26.420541023877192
1274 26.420541023877192
1275 26.420541023877192
1276 26.420541023877192
1277 26.420541023877192
1278 26.420541023877192
1279 26.420541023877192
1280 26.420541023877192
1281 26.420541023877192
1282 26.420541023877192
1283 26.420541023877192
1284 26.420541023877192
1285 26.420541023877192
1286 26.420541023877192
1287 26.420541023877192
1288 26.420541023877192
1289 26.420541023877192
1290 26.420541023877192
1291 26.420541023877192
1292 26.420541023877192
1293 26.420541023877192
1294 26.420541023877192
1295 26.420541023877192
1296 26.420541023877192
1297 26.420541023877192
1298 26.420541023877192
1299 26.420541023877192
1300 26.420541023877192
1301 26.420541023877192
1302 26.420541023877192
1303 26.420541023877192
1304 26.420541023877192
1305 26.420541023877192
1306 26.420541023877192
1307 26.420541023877192
1308 26.420541023877192
1309 26.420541023877192
1310 26.420541023877192
1311 26.420541023877192
1312 26.420541023877192
1313 26.420541023877192
1314 26.420541023877192
1315 26.420541023877192
1316 26.420541023877192
1317 26.420541023877192
1318 26.412825070102322
1319 26.412825070102322
1320 26.412825070102322
1321 26.412825070102322
1322 26.412825070102322
1323 26.412825070102322
1324 26.406205824305324
1325 26.406205824305324
1326 26.406205824305324
1327 26.406205824305324
1328 26.406205824305324
1329 26.406205824305324
1330 26.406205824305324
1331 26.406205824305324
1332 26.406205824305324
1333 26.406205824305324
1334 26.406205824305324
1335 26.406205824305324
1336 26.406205824305324
1337 26.406205824305324
1338 26.406205824305324
1339 26.406205824305324
1340 26.406205824305324
1341 26.406205824305324
1342 26.406205824305324
1343 26.406205824305324
1344 26.406205824305324
1345 26.406205824305324
1346 26.406205824305324
1347 26.406205824305324
1348 26.406205824305324
1349 26.406205824305324
1350 26.406205824305324
1351 26.406205824305324
1352 26.406205824305324
1353 26.406205824305324
1354 26.406205824305324
1355 26.406205824305324
1356 26.406205824305324
1357 26.406205824305324
1358 26.406205824305324
1359 26.406205824305324
1360 26.406205824305324
1361 26.406205824305324
1362 26.406205824305324
1363 26.406205824305324
1364 26.406205824305324
1365 26.406205824305324
1366 26.406205824305324
1367 26.406205824305324
1368 26.406205824305324
1369 26.406205824305324
1370 26.406205824305324
1371 26.406205824305324
1372 26.406205824305324
1373 26.406205824305324
1374 26.406205824305324
1375 26.406205824305324
1376 26.406205824305324
1377 26.406205824305324
1378 26.406205824305324
1379 26.406205824305324
1380 26.40504229537545
1381 26.40504229537545
1382 26.40504229537545
1383 26.40504229537545
1384 26.40504229537545
1385 26.40504229537545
1386 26.40504229537545
1387 26.40504229537545
1388 26.40504229537545
1389 26.40504229537545
1390 26.40504229537545
1391 26.40504229537545
1392 26.40504229537545
1393 26.40504229537545
1394 26.40504229537545
1395 26.40504229537545
1396 26.40504229537545
1397 26.40504229537545
1398 26.40504229537545
1399 26.40504229537545
1400 26.40504229537545
1401 26.40504229537545
1402 26.40504229537545
1403 26.40504229537545
1404 26.40504229537545
1405 26.40504229537545
1406 26.40504229537545
1407 26.40504229537545
1408 26.40504229537545
1409 26.40504229537545
1410 26.40504229537545
1411 26.40504229537545
1412 26.403455643053125
1413 26.403455643053125
1414 26.403455643053125
1415 26.403455643053125
1416 26.403455643053125
1417 26.403455643053125
1418 26.403455643053125
1419 26.403455643053125
1420 26.403455643053125
1421 26.403455643053125
1422 26.403455643053125
1423 26.403455643053125
1424 26.403455643053125
1425 26.403455643053125
1426 26.40343720522332
1427 26.40343720522332
1428 26.40343720522332
1429 26.401703790514958
1430 26.401703790514958
1431 26.401703790514958
1432 26.401703790514958
1433 26.401703790514958
1434 26.401703790514958
1435 26.401703790514958
1436 26.401703790514958
1437 26.401703790514958
1438 26.401703790514958
1439 26.401703790514958
1440 26.401703790514958
1441 26.401703790514958
1442 26.401703790514958
1443 26.401703790514958
1444 26.401703790514958
1445 26.401703790514958
1446 26.401703790514958
1447 26.401703790514958
1448 26.401703790514958
1449 26.401703790514958
1450 26.401703790514958
1451 26.401703790514958
1452 26.401703790514958
1453 26.401703790514958
1454 26.401703790514958
1455 26.401703790514958
1456 26.401703790514958
1457 26.401703790514958
1458 26.401703790514958
1459 26.401703790514958
1460 26.401703790514958
1461 26.401703790514958
1462 26.401703790514958
1463 26.401703790514958
1464 26.401703790514958
1465 26.401703790514958
1466 26.401703790514958
1467 26.401703790514958
1468 26.401703790514958
1469 26.401703790514958
1470 26.401703790514958
1471 26.401703790514958
1472 26.401703790514958
1473 26.401703790514958
1474 26.401703790514958
1475 26.401703790514958
1476 26.401703790514958
1477 26.401703790514958
1478 26.401703790514958
1479 26.401703790514958
1480 26.401703790514958
1481 26.399961368073566
1482 26.399961368073566
1483 26.399961368073566
1484 26.397243990356248
1485 26.397243990356248
1486 26.397243990356248
1487 26.397243990356248
1488 26.397243990356248
1489 26.397243990356248
1490 26.397243990356248
1491 26.397243990356248
1492 26.397243990356248
1493 26.397243990356248
1494 26.397243990356248
1495 26.397243990356248
1496 26.397243990356248
1497 26.397243990356248
1498 26.397243990356248
1499 26.397243990356248
1500 26.397243990356248
1501 26.397243990356248
1502 26.397243990356248
1503 26.397243990356248
1504 26.397243990356248
1505 26.397243990356248
1506 26.397243990356248
1507 26.397243990356248
1508 26.397243990356248
1509 26.397243990356248
1510 26.397243990356248
1511 26.397243990356248
1512 26.397243990356248
1513 26.397243990356248
1514 26.397243990356248
1515 26.397243990356248
1516 26.397243990356248
1517 26.397243990356248
1518 26.397243990356248
1519 26.397243990356248
1520 26.397243990356248
1521 26.397243990356248
1522 26.397243990356248
1523 26.397243990356248
1524 26.397243990356248
1525 26.397243990356248
1526 26.397243990356248
1527 26.397243990356248
1528 26.397243990356248
1529 26.397243990356248
1530 26.397243990356248
1531 26.397243990356248
1532 26.397243990356248
1533 26.394653607396016
1534 26.394653607396016
1535 26.394653607396016
1536 26.394653607396016
1537 26.394653607396016
1538 26.394653607396016
1539 26.394653607396016
1540 26.394653607396016
1541 26.394653607396016
1542 26.394653607396016
1543 26.394653607396016
1544 26.394653607396016
1545 26.394653607396016
1546 26.394653607396016
1547 26.394653607396016
1548 26.394653607396016
1549 26.394653607396016
1550 26.394653607396016
1551 26.394653607396016
1552 26.394653607396016
1553 26.394653607396016
1554 26.394653607396016
1555 26.394653607396016
1556 26.394653607396016
1557 26.394653607396016
1558 26.394653607396016
1559 26.394653607396016
1560 26.394653607396016
1561 26.394653607396016
1562 26.394653607396016
1563 26.394653607396016
1564 26.394653607396016
1565 26.394653607396016
1566 26.394653607396016
1567 26.394653607396016
1568 26.394653607396016
1569 26.394653607396016
1570 26.394653607396016
1571 26.394653607396016
1572 26.394653607396016
1573 26.394653607396016
1574 26.394653607396016
1575 26.394653607396016
1576 26.394653607396016
1577 26.394653607396016
1578 26.394653607396016
1579 26.394653607396016
1580 26.394653607396016
1581 26.394653607396016
1582 26.394653607396016
1583 26.394653607396016
1584 26.394653607396016
1585 26.394653607396016
1586 26.394653607396016
1587 26.394653607396016
1588 26.394653607396016
1589 26.394653607396016
1590 26.394653607396016
1591 26.394653607396016
1592 26.394653607396016
1593 26.394653607396016
1594 26.394653607396016
1595 26.394653607396016
1596 26.394653607396016
1597 26.394653607396016
1598 26.394653607396016
1599 26.394653607396016
1600 26.394653607396016
1601 26.394653607396016
1602 26.394653607396016
1603 26.394653607396016
1604 26.394653607396016
1605 26.394653607396016
1606 26.394653607396016
1607 26.394653607396016
1608 26.394653607396016
1609 26.394653607396016
1610 26.394653607396016
1611 26.390559137218826
1612 26.390559137218826
1613 26.390559137218826
1614 26.390559137218826
1615 26.390559137218826
1616 26.390559137218826
1617 26.390559137218826
1618 26.390559137218826
1619 26.390559137218826
1620 26.390559137218826
1621 26.390559137218826
1622 26.390559137218826
1623 26.390559137218826
1624 26.390559137218826
1625 26.390559137218826
1626 26.390559137218826
1627 26.390559137218826
1628 26.390559137218826
1629 26.390559137218826
1630 26.390559137218826
1631 26.390559137218826
1632 26.390559137218826
1633 26.390559137218826
1634 26.390559137218826
1635 26.390559137218826
1636 26.390559137218826
1637 26.390559137218826
1638 26.390559137218826
1639 26.390559137218826
1640 26.390559137218826
1641 26.390559137218826
1642 26.390559137218826
1643 26.390559137218826
1644 26.390559137218826
1645 26.390559137218826
1646 26.390559137218826
1647 26.390559137218826
1648 26.390559137218826
1649 26.390559137218826
1650 26.390559137218826
1651 26.390559137218826
1652 26.390559137218826
1653 26.390559137218826
1654 26.390559137218826
1655 26.390559137218826
1656 26.390559137218826
1657 26.390559137218826
1658 26.390559137218826
1659 26.390559137218826
1660 26.390559137218826
1661 26.390559137218826
1662 26.390559137218826
1663 26.390559137218826
1664 26.390559137218826
1665 26.390559137218826
1666 26.390559137218826
1667 26.390559137218826
1668 26.390559137218826
1669 26.390559137218826
1670 26.390559137218826
1671 26.390559137218826
1672 26.390559137218826
1673 26.390559137218826
1674 26.384784421757292
1675 26.384784421757292
1676 26.384784421757292
1677 26.384784421757292
1678 26.384784421757292
1679 26.384784421757292
1680 26.384784421757292
1681 26.384784421757292
1682 26.384784421757292
1683 26.384784421757292
1684 26.384784421757292
1685 26.384784421757292
1686 26.384784421757292
1687 26.384784421757292
1688 26.384784421757292
1689 26.384784421757292
1690 26.384784421757292
1691 26.384784421757292
1692 26.384784421757292
1693 26.384784421757292
1694 26.384784421757292
1695 26.384784421757292
1696 26.384784421757292
1697 26.384784421757292
1698 26.384784421757292
1699 26.384784421757292
1700 26.382552197738256
1701 26.382552197738256
1702 26.382552197738256
1703 26.382552197738256
1704 26.382552197738256
1705 26.382552197738256
1706 26.382552197738256
1707 26.382552197738256
1708 26.382552197738256
1709 26.382552197738256
1710 26.382552197738256
1711 26.382552197738256
1712 26.382552197738256
1713 26.382552197738256
1714 26.382552197738256
1715 26.382552197738256
1716 26.382552197738256
1717 26.382552197738256
1718 26.382552197738256
1719 26.375931158326637
1720 26.375931158326637
1721 26.375931158326637
1722 26.375931158326637
1723 26.375931158326637
1724 26.375931158326637
1725 26.375931158326637
1726 26.375931158326637
1727 26.375931158326637
1728 26.375931158326637
1729 26.375931158326637
1730 26.375931158326637
1731 26.375931158326637
1732 26.375931158326637
1733 26.375931158326637
1734 26.375931158326637
1735 26.375931158326637
1736 26.375931158326637
1737 26.375931158326637
1738 26.375931158326637
1739 26.375931158326637
1740 26.375931158326637
1741 26.375931158326637
1742 26.375931158326637
1743 26.375931158326637
1744 26.375931158326637
1745 26.375931158326637
1746 26.375931158326637
1747 26.375931158326637
1748 26.375931158326637
1749 26.375931158326637
1750 26.375931158326637
1751 26.375931158326637
1752 26.375931158326637
1753 26.375931158326637
1754 26.375931158326637
1755 26.375931158326637
1756 26.362035730499898
1757 26.362035730499898
1758 26.362035730499898
1759 26.362035730499898
1760 26.362035730499898
1761 26.362035730499898
1762 26.362035730499898
1763 26.362035730499898
1764 26.362035730499898
1765 26.362035730499898
1766 26.362035730499898
1767 26.362035730499898
1768 26.362035730499898
1769 26.362035730499898
1770 26.362035730499898
1771 26.362035730499898
1772 26.362035730499898
1773 26.362035730499898
1774 26.362035730499898
1775 26.362035730499898
1776 26.362035730499898
1777 26.362035730499898
1778 26.362035730499898
1779 26.362035730499898
1780 26.362035730499898
1781 26.362035730499898
1782 26.362035730499898
1783 26.362035730499898
1784 26.362035730499898
1785 26.362035730499898
1786 26.362035730499898
1787 26.362035730499898
1788 26.362035730499898
1789 26.362035730499898
1790 26.362035730499898
1791 26.362035730499898
1792 26.362035730499898
1793 26.362035730499898
1794 26.362035730499898
1795 26.362035730499898
1796 26.362035730499898
1797 26.362035730499898
1798 26.362035730499898
1799 26.362035730499898
1800 26.362035730499898
1801 26.362035730499898
1802 26.362035730499898
1803 26.362035730499898
1804 26.362035730499898
1805 26.362035730499898
1806 26.362035730499898
1807 26.362035730499898
1808 26.362035730499898
1809 26.362035730499898
1810 26.362035730499898
1811 26.362035730499898
1812 26.362035730499898
1813 26.362035730499898
1814 26.362035730499898
1815 26.362035730499898
1816 26.362035730499898
1817 26.362035730499898
1818 26.362035730499898
1819 26.362035730499898
1820 26.362035730499898
1821 26.362035730499898
1822 26.362035730499898
1823 26.362035730499898
1824 26.362035730499898
1825 26.361126653365854
1826 26.361126653365854
1827 26.361126653365854
1828 26.358471134143233
1829 26.358471134143233
1830 26.358471134143233
1831 26.358471134143233
1832 26.358471134143233
1833 26.358471134143233
1834 26.358471134143233
1835 26.358471134143233
1836 26.358471134143233
1837 26.358471134143233
1838 26.358471134143233
1839 26.358471134143233
1840 26.358471134143233
1841 26.358471134143233
1842 26.358471134143233
1843 26.358471134143233
1844 26.358471134143233
1845 26.358471134143233
1846 26.358471134143233
1847 26.358471134143233
1848 26.358471134143233
1849 26.358471134143233
1850 26.358471134143233
1851 26.358471134143233
1852 26.358471134143233
1853 26.35634143791412
1854 26.35634143791412
1855 26.35634143791412
1856 26.35634143791412
1857 26.35634143791412
1858 26.35634143791412
1859 26.35634143791412
1860 26.35634143791412
1861 26.35634143791412
1862 26.35634143791412
1863 26.355760636810835
1864 26.355760636810835
1865 26.355760636810835
1866 26.355760636810835
1867 26.355760636810835
1868 26.355760636810835
1869 26.355760636810835
1870 26.355760636810835
1871 26.355760636810835
1872 26.355760636810835
1873 26.355760636810835
1874 26.355760636810835
1875 26.355760636810835
1876 26.355760636810835
1877 26.355760636810835
1878 26.355760636810835
1879 26.355760636810835
1880 26.355760636810835
1881 26.355760636810835
1882 26.355760636810835
1883 26.355760636810835
1884 26.355760636810835
1885 26.355760636810835
1886 26.355760636810835
1887 26.355760636810835
1888 26.355760636810835
1889 26.355760636810835
1890 26.355760636810835
1891 26.355760636810835
1892 26.355760636810835
1893 26.355760636810835
1894 26.355760636810835
1895 26.355760636810835
1896 26.355760636810835
1897 26.355760636810835
1898 26.355760636810835
1899 26.355760636810835
1900 26.355760636810835
1901 26.355760636810835
1902 26.355760636810835
1903 26.355760636810835
1904 26.355760636810835
1905 26.355760636810835
1906 26.355760636810835
1907 26.355760636810835
1908 26.355760636810835
1909 26.355760636810835
1910 26.355760636810835
1911 26.355760636810835
1912 26.355760636810835
1913 26.355760636810835
1914 26.355760636810835
1915 26.355760636810835
1916 26.355760636810835
1917 26.355760636810835
1918 26.355760636810835
1919 26.355760636810835
1920 26.355760636810835
1921 26.355760636810835
1922 26.355760636810835
1923 26.355760636810835
1924 26.355760636810835
1925 26.355760636810835
1926 26.355760636810835
1927 26.355760636810835
1928 26.355760636810835
1929 26.355760636810835
1930 26.355760636810835
1931 26.354669694321483
1932 26.354669694321483
1933 26.354669694321483
1934 26.354669694321483
1935 26.354669694321483
1936 26.354669694321483
1937 26.354669694321483
1938 26.354669694321483
1939 26.354669694321483
1940 26.354669694321483
1941 26.354669694321483
1942 26.354669694321483
1943 26.354669694321483
1944 26.354669694321483
1945 26.354669694321483
1946 26.354669694321483
1947 26.354669694321483
1948 26.354669694321483
1949 26.354669694321483
1950 26.354669694321483
1951 26.354669694321483
1952 26.354669694321483
1953 26.354669694321483
1954 26.354669694321483
1955 26.354669694321483
1956 26.354669694321483
1957 26.354669694321483
1958 26.354669694321483
1959 26.354669694321483
1960 26.354669694321483
1961 26.354669694321483
1962 26.354669694321483
1963 26.354669694321483
1964 26.354669694321483
1965 26.354669694321483
1966 26.354669694321483
1967 26.354669694321483
1968 26.354669694321483
1969 26.354669694321483
1970 26.354669694321483
1971 26.354669694321483
1972 26.354669694321483
1973 26.354669694321483
1974 26.354669694321483
1975 26.354669694321483
1976 26.354669694321483
1977 26.354669694321483
1978 26.354669694321483
1979 26.354669694321483
1980 26.354669694321483
1981 26.354669694321483
1982 26.354669694321483
1983 26.354669694321483
1984 26.354669694321483
1985 26.354669694321483
1986 26.354669694321483
1987 26.354669694321483
1988 26.354669694321483
1989 26.354669694321483
1990 26.354669694321483
1991 26.354669694321483
1992 26.354669694321483
1993 26.354669694321483
1994 26.354669694321483
1995 26.354669694321483
1996 26.354669694321483
1997 26.354669694321483
1998 26.354669694321483
1999 26.354669694321483
2000 26.354669694321483
2001 26.354669694321483
2002 26.354669694321483
2003 26.354669694321483
2004 26.354669694321483
2005 26.354669694321483
2006 26.354669694321483
2007 26.35050219299155
2008 26.35050219299155
2009 26.35050219299155
2010 26.35050219299155
2011 26.35050219299155
2012 26.35050219299155
2013 26.35050219299155
2014 26.35050219299155
2015 26.35050219299155
2016 26.35050219299155
2017 26.35050219299155
2018 26.349594233438147
2019 26.349594233438147
2020 26.349594233438147
2021 26.349594233438147
2022 26.349594233438147
2023 26.349594233438147
2024 26.349594233438147
2025 26.349594233438147
2026 26.349594233438147
2027 26.349594233438147
2028 26.349594233438147
2029 26.349594233438147
2030 26.349594233438147
2031 26.349594233438147
2032 26.349594233438147
2033 26.349594233438147
2034 26.349594233438147
2035 26.349594233438147
2036 26.349594233438147
2037 26.349594233438147
2038 26.349594233438147
2039 26.349594233438147
2040 26.349594233438147
2041 26.349594233438147
2042 26.349594233438147
2043 26.349594233438147
2044 26.349594233438147
2045 26.349594233438147
2046 26.349594233438147
2047 26.349594233438147
2048 26.349594233438147
2049 26.349594233438147
2050 26.349594233438147
2051 26.349594233438147
2052 26.349594233438147
2053 26.349594233438147
2054 26.349594233438147
2055 26.349594233438147
2056 26.349594233438147
2057 26.349594233438147
2058 26.343208562133377
2059 26.343208562133377
2060 26.343208562133377
2061 26.343208562133377
2062 26.343208562133377
2063 26.343208562133377
2064 26.343208562133377
2065 26.343208562133377
2066 26.343208562133377
2067 26.343208562133377
2068 26.343208562133377
2069 26.343208562133377
2070 26.343208562133377
2071 26.343208562133377
2072 26.343208562133377
2073 26.343208562133377
2074 26.343208562133377
2075 26.343208562133377
2076 26.343208562133377
2077 26.343208562133377
2078 26.343208562133377
2079 26.343208562133377
2080 26.343208562133377
2081 26.343208562133377
2082 26.343208562133377
2083 26.343208562133377
2084 26.343208562133377
2085 26.343208562133377
2086 26.343208562133377
2087 26.34315039255921
2088 26.34315039255921
2089 26.34315039255921
2090 26.34315039255921
2091 26.34315039255921
2092 26.34315039255921
2093 26.34315039255921
2094 26.339483037157752
2095 26.339483037157752
2096 26.339483037157752
2097 26.339483037157752
2098 26.339483037157752
2099 26.33867522429424
2100 26.33867522429424
2101 26.338120850834198
2102 26.338120850834198
2103 26.338120850834198
2104 26.338120850834198
2105 26.338120850834198
2106 26.338120850834198
2107 26.338120850834198
2108 26.332247830990323
2109 26.332247830990323
2110 26.332247830990323
2111 26.332247830990323
2112 26.332247830990323
2113 26.332247830990323
2114 26.332247830990323
2115 26.332247830990323
2116 26.332247830990323
2117 26.332247830990323
2118 26.332247830990323
2119 26.332247830990323
2120 26.332247830990323
2121 26.332247830990323
2122 26.332247830990323
2123 26.332247830990323
2124 26.332247830990323
2125 26.332247830990323
2126 26.332247830990323
2127 26.332247830990323
2128 26.332247830990323
2129 26.332247830990323
2130 26.332247830990323
2131 26.332247830990323
2132 26.332247830990323
2133 26.332247830990323
2134 26.332247830990323
2135 26.332247830990323
2136 26.332247830990323
2137 26.332247830990323
2138 26.332247830990323
2139 26.332247830990323
2140 26.332247830990323
2141 26.332247830990323
2142 26.332247830990323
2143 26.332247830990323
2144 26.332247830990323
2145 26.332247830990323
2146 26.332247830990323
2147 26.332247830990323
2148 26.332247830990323
2149 26.332247830990323
2150 26.332247830990323
2151 26.332247830990323
2152 26.332247830990323
2153 26.330831625932337
2154 26.330831625932337
2155 26.330831625932337
2156 26.330831625932337
2157 26.330831625932337
2158 26.330831625932337
2159 26.330831625932337
2160 26.330831625932337
2161 26.330831625932337
2162 26.330831625932337
2163 26.330831625932337
2164 26.330831625932337
2165 26.330831625932337
2166 26.330831625932337
2167 26.330831625932337
2168 26.330701983566712
2169 26.330701983566712
2170 26.330701983566712
2171 26.330701983566712
2172 26.330701983566712
2173 26.330701983566712
2174 26.330701983566712
2175 26.330701983566712
2176 26.330701983566712
2177 26.330701983566712
2178 26.330701983566712
2179 26.330701983566712
2180 26.330701983566712
2181 26.330701983566712
2182 26.330701983566712
2183 26.330701983566712
2184 26.330701983566712
2185 26.330701983566712
2186 26.330701983566712
2187 26.330701983566712
2188 26.330701983566712
2189 26.330701983566712
2190 26.330701983566712
2191 26.330701983566712
2192 26.330701983566712
2193 26.330701983566712
2194 26.330701983566712
2195 26.330701983566712
2196 26.330701983566712
2197 26.330701983566712
2198 26.330701983566712
2199 26.330701983566712
2200 26.330701983566712
2201 26.330701983566712
2202 26.330701983566712
2203 26.330701983566712
2204 26.330701983566712
2205 26.330701983566712
2206 26.327700215583317
2207 26.327700215583317
2208 26.327700215583317
2209 26.327700215583317
2210 26.327700215583317
2211 26.327700215583317
2212 26.327700215583317
2213 26.327700215583317
2214 26.327700215583317
2215 26.327700215583317
2216 26.327700215583317
2217 26.327700215583317
2218 26.327700215583317
2219 26.327700215583317
2220 26.327700215583317
2221 26.320949037618316
2222 26.320949037618316
2223 26.320949037618316
2224 26.320949037618316
2225 26.320949037618316
2226 26.320949037618316
2227 26.320949037618316
2228 26.320949037618316
2229 26.320949037618316
2230 26.320949037618316
2231 26.320949037618316
2232 26.320949037618316
2233 26.320949037618316
2234 26.320949037618316
2235 26.320949037618316
2236 26.320949037618316
2237 26.320949037618316
2238 26.320949037618316
2239 26.320949037618316
2240 26.320949037618316
2241 26.320949037618316
2242 26.320949037618316
2243 26.320949037618316
2244 26.320949037618316
2245 26.320949037618316
2246 26.320949037618316
2247 26.320949037618316
2248 26.320949037618316
2249 26.320949037618316
2250 26.320949037618316
2251 26.320949037618316
2252 26.320949037618316
2253 26.320949037618316
2254 26.320949037618316
2255 26.320949037618316
2256 26.320949037618316
2257 26.320949037618316
2258 26.320949037618316
2259 26.320949037618316
2260 26.320949037618316
2261 26.320949037618316
2262 26.320949037618316
2263 26.320949037618316
2264 26.320949037618316
2265 26.320949037618316
2266 26.320949037618316
2267 26.320949037618316
2268 26.320949037618316
2269 26.320949037618316
2270 26.320949037618316
2271 26.320949037618316
2272 26.320949037618316
2273 26.320949037618316
2274 26.320949037618316
2275 26.320949037618316
2276 26.320949037618316
2277 26.320949037618316
2278 26.320949037618316
2279 26.320949037618316
2280 26.320949037618316
2281 26.320949037618316
2282 26.320949037618316
2283 26.320949037618316
2284 26.320949037618316
2285 26.320949037618316
2286 26.320949037618316
2287 26.320949037618316
2288 26.320949037618316
2289 26.320949037618316
2290 26.320949037618316
2291 26.320949037618316
2292 26.320949037618316
2293 26.320949037618316
2294 26.320949037618316
2295 26.320949037618316
2296 26.320949037618316
2297 26.320949037618316
2298 26.320949037618316
2299 26.320949037618316
2300 26.320949037618316
2301 26.320949037618316
2302 26.320949037618316
2303 26.320949037618316
2304 26.320949037618316
2305 26.320949037618316
2306 26.320949037618316
2307 26.320949037618316
2308 26.320949037618316
2309 26.320949037618316
2310 26.320949037618316
2311 26.320949037618316
2312 26.320949037618316
2313 26.320949037618316
2314 26.320949037618316
2315 26.320949037618316
2316 26.320949037618316
2317 26.320949037618316
2318 26.320949037618316
2319 26.320949037618316
2320 26.320949037618316
2321 26.320949037618316
2322 26.31712837485807
2323 26.31712837485807
2324 26.31712837485807
2325 26.31712837485807
2326 26.31712837485807
2327 26.31712837485807
2328 26.31712837485807
2329 26.31712837485807
2330 26.31712837485807
2331 26.31712837485807
2332 26.31712837485807
2333 26.31712837485807
2334 26.31712837485807
2335 26.31712837485807
2336 26.31712837485807
2337 26.31712837485807
2338 26.31712837485807
2339 26.31712837485807
2340 26.31712837485807
2341 26.311760651803134
2342 26.307779732149427
2343 26.307779732149427
2344 26.307779732149427
2345 26.307779732149427
2346 26.307779732149427
2347 26.307779732149427
2348 26.307779732149427
2349 26.307779732149427
2350 26.307779732149427
2351 26.307779732149427
2352 26.307779732149427
2353 26.307779732149427
2354 26.307779732149427
2355 26.307779732149427
2356 26.307779732149427
2357 26.307779732149427
2358 26.307779732149427
2359 26.307779732149427
2360 26.307779732149427
2361 26.307779732149427
2362 26.307779732149427
2363 26.307779732149427
2364 26.307779732149427
2365 26.307779732149427
2366 26.307779732149427
2367 26.307779732149427
2368 26.307779732149427
2369 26.307779732149427
2370 26.307779732149427
2371 26.307779732149427
2372 26.307779732149427
2373 26.307779732149427
2374 26.307779732149427
2375 26.307779732149427
2376 26.307779732149427
2377 26.307779732149427
2378 26.307779732149427
2379 26.307779732149427
2380 26.307779732149427
2381 26.307779732149427
2382 26.307779732149427
2383 26.307779732149427
2384 26.307779732149427
2385 26.307779732149427
2386 26.307779732149427
2387 26.307779732149427
2388 26.307779732149427
2389 26.307779732149427
2390 26.307779732149427
2391 26.307779732149427
2392 26.307779732149427
2393 26.307779732149427
2394 26.307779732149427
2395 26.307779732149427
2396 26.307779732149427
2397 26.307779732149427
2398 26.307779732149427
2399 26.307779732149427
2400 26.307779732149427
2401 26.307779732149427
2402 26.307779732149427
2403 26.307779732149427
2404 26.307779732149427
2405 26.307779732149427
2406 26.307779732149427
2407 26.307779732149427
2408 26.307779732149427
2409 26.307779732149427
2410 26.307779732149427
2411 26.307779732149427
2412 26.307779732149427
2413 26.307779732149427
2414 26.307779732149427
2415 26.307779732149427
2416 26.307779732149427
2417 26.307779732149427
2418 26.307779732149427
2419 26.307779732149427
2420 26.307779732149427
2421 26.307779732149427
2422 26.307779732149427
2423 26.307779732149427
2424 26.307779732149427
2425 26.307779732149427
2426 26.307355415387065
2427 26.307355415387065
2428 26.307355415387065
2429 26.307355415387065
2430 26.307355415387065
2431 26.307355415387065
2432 26.307355415387065
2433 26.307355415387065
2434 26.307355415387065
2435 26.307355415387065
2436 26.307355415387065
2437 26.307355415387065
2438 26.307355415387065
2439 26.307355415387065
2440 26.307355415387065
2441 26.307355415387065
2442 26.307355415387065
2443 26.307355415387065
2444 26.307355415387065
2445 26.307355415387065
2446 26.307355415387065
2447 26.307355415387065
2448 26.307355415387065
2449 26.307355415387065
2450 26.307355415387065
2451 26.307355415387065
2452 26.307355415387065
2453 26.307355415387065
2454 26.30484874769758
2455 26.30484874769758
2456 26.30484874769758
2457 26.30484874769758
2458 26.30484874769758
2459 26.30484874769758
2460 26.30484874769758
2461 26.30484874769758
2462 26.30484874769758
2463 26.30484874769758
2464 26.30484874769758
2465 26.30484874769758
2466 26.30484874769758
2467 26.30484874769758
2468 26.30484874769758
2469 26.30484874769758
2470 26.30484874769758
2471 26.30484874769758
2472 26.30484874769758
2473 26.30484874769758
2474 26.30484874769758
2475 26.30484874769758
2476 26.30484874769758
2477 26.30484874769758
2478 26.30484874769758
2479 26.30484874769758
2480 26.30484874769758
2481 26.30484874769758
2482 26.30484874769758
2483 26.30484874769758
2484 26.30484874769758
2485 26.30484874769758
2486 26.30484874769758
2487 26.30484874769758
2488 26.30484874769758
2489 26.30484874769758
2490 26.30484874769758
2491 26.30484874769758
2492 26.30484874769758
2493 26.30484874769758
2494 26.30484874769758
2495 26.30484874769758
2496 26.30484874769758
2497 26.30484874769758
2498 26.30484874769758
2499 26.30484874769758
2500 26.30484874769758
2501 26.30484874769758
2502 26.30484874769758
2503 26.30484874769758
2504 26.30484874769758
2505 26.30484874769758
2506 26.30484874769758
2507 26.30484874769758
2508 26.30484874769758
2509 26.30484874769758
2510 26.30484874769758
2511 26.30484874769758
2512 26.30484874769758
2513 26.30484874769758
2514 26.30484874769758
2515 26.30484874769758
2516 26.30484874769758
2517 26.30484874769758
2518 26.30484874769758
2519 26.30484874769758
2520 26.30484874769758
2521 26.30484874769758
2522 26.30484874769758
2523 26.30484874769758
2524 26.30484874769758
2525 26.30484874769758
2526 26.303414613013476
2527 26.303414613013476
2528 26.303414613013476
2529 26.303414613013476
2530 26.303414613013476
2531 26.303414613013476
2532 26.303414613013476
2533 26.303414613013476
2534 26.303414613013476
2535 26.303414613013476
2536 26.303414613013476
2537 26.303414613013476
2538 26.303414613013476
2539 26.303414613013476
2540 26.303414613013476
2541 26.303414613013476
2542 26.303414613013476
2543 26.303414613013476
2544 26.303414613013476
2545 26.303414613013476
2546 26.303414613013476
2547 26.303414613013476
2548 26.303414613013476
2549 26.303414613013476
2550 26.303414613013476
2551 26.303414613013476
2552 26.30078889460837
2553 26.30078889460837
2554 26.30078889460837
2555 26.30078889460837
2556 26.30078889460837
2557 26.30078889460837
2558 26.30078889460837
2559 26.30078889460837
2560 26.30078889460837
2561 26.30078889460837
2562 26.30078889460837
2563 26.30078889460837
2564 26.289408624142542
2565 26.289408624142542
2566 26.289408624142542
2567 26.289408624142542
2568 26.289408624142542
2569 26.289408624142542
2570 26.289408624142542
2571 26.289408624142542
2572 26.289408624142542
2573 26.289408624142542
2574 26.289408624142542
2575 26.289408624142542
2576 26.289408624142542
2577 26.289408624142542
2578 26.289408624142542
2579 26.289408624142542
2580 26.289408624142542
2581 26.289408624142542
2582 26.289408624142542
2583 26.285169724413002
2584 26.285169724413002
2585 26.285169724413002
2586 26.285169724413002
2587 26.285169724413002
2588 26.285169724413002
2589 26.285169724413002
2590 26.285169724413002
2591 26.285169724413002
2592 26.285169724413002
2593 26.285169724413002
2594 26.285169724413002
2595 26.285169724413002
2596 26.285169724413002
2597 26.285169724413002
2598 26.285169724413002
2599 26.285169724413002
2600 26.285169724413002
2601 26.285169724413002
2602 26.285169724413002
2603 26.285169724413002
2604 26.285169724413002
2605 26.285169724413002
2606 26.285169724413002
2607 26.285169724413002
2608 26.285169724413002
2609 26.285169724413002
2610 26.285169724413002
2611 26.285169724413002
2612 26.285169724413002
2613 26.285169724413002
2614 26.285169724413002
2615 26.285169724413002
2616 26.285169724413002
2617 26.285169724413002
2618 26.285169724413002
2619 26.28317190035261
2620 26.28317190035261
2621 26.28317190035261
2622 26.28317190035261
2623 26.28317190035261
2624 26.28317190035261
2625 26.28317190035261
2626 26.28317190035261
2627 26.28317190035261
2628 26.28317190035261
2629 26.28317190035261
2630 26.28317190035261
2631 26.28317190035261
2632 26.28317190035261
2633 26.28317190035261
2634 26.28317190035261
2635 26.28317190035261
2636 26.28317190035261
2637 26.28317190035261
2638 26.28317190035261
2639 26.28317190035261
2640 26.28317190035261
2641 26.28317190035261
2642 26.28317190035261
2643 26.28317190035261
2644 26.28317190035261
2645 26.28317190035261
2646 26.28317190035261
2647 26.28317190035261
2648 26.28317190035261
2649 26.28317190035261
2650 26.28317190035261
2651 26.28317190035261
2652 26.28317190035261
2653 26.28317190035261
2654 26.28317190035261
2655 26.28317190035261
2656 26.28317190035261
2657 26.28317190035261
2658 26.28317190035261
2659 26.28317190035261
2660 26.28317190035261
2661 26.28317190035261
2662 26.28317190035261
2663 26.28317190035261
2664 26.28317190035261
2665 26.28317190035261
2666 26.28317190035261
2667 26.28317190035261
2668 26.28317190035261
2669 26.28317190035261
2670 26.28317190035261
2671 26.28317190035261
2672 26.28317190035261
2673 26.28317190035261
2674 26.27772450603029
2675 26.27772450603029
2676 26.27772450603029
2677 26.27772450603029
2678 26.277528204766845
2679 26.277528204766845
2680 26.277528204766845
2681 26.277528204766845
2682 26.277528204766845
2683 26.277528204766845
2684 26.277528204766845
2685 26.277528204766845
2686 26.2715704427374
2687 26.2715704427374
2688 26.2715704427374
2689 26.2715704427374
2690 26.2715704427374
2691 26.2715704427374
2692 26.2715704427374
2693 26.2715704427374
2694 26.2715704427374
2695 26.2715704427374
2696 26.2715704427374
2697 26.2715704427374
2698 26.2715704427374
2699 26.2715704427374
2700 26.2715704427374
2701 26.2715704427374
2702 26.27037328639229
2703 26.27037328639229
2704 26.27037328639229
2705 26.27037328639229
2706 26.27037328639229
2707 26.27037328639229
2708 26.27037328639229
2709 26.27037328639229
2710 26.27037328639229
2711 26.27037328639229
2712 26.27037328639229
2713 26.27037328639229
2714 26.27037328639229
2715 26.27037328639229
2716 26.27037328639229
2717 26.27037328639229
2718 26.27037328639229
2719 26.27037328639229
2720 26.27037328639229
2721 26.27037328639229
2722 26.27037328639229
2723 26.27037328639229
2724 26.27037328639229
2725 26.27037328639229
2726 26.27037328639229
2727 26.27037328639229
2728 26.27037328639229
2729 26.27037328639229
2730 26.27037328639229
2731 26.27037328639229
2732 26.27037328639229
2733 26.27037328639229
2734 26.27037328639229
2735 26.27037328639229
2736 26.27037328639229
2737 26.27037328639229
2738 26.27037328639229
2739 26.27037328639229
2740 26.27037328639229
2741 26.27037328639229
2742 26.27037328639229
2743 26.26705913151219
2744 26.26705913151219
2745 26.26705913151219
2746 26.26705913151219
2747 26.26705913151219
2748 26.26705913151219
2749 26.26705913151219
2750 26.26705913151219
2751 26.26705913151219
2752 26.26705913151219
2753 26.26705913151219
2754 26.26705913151219
2755 26.26705913151219
2756 26.26705913151219
2757 26.26705913151219
2758 26.26705913151219
2759 26.26705913151219
2760 26.26705913151219
2761 26.26705913151219
2762 26.26705913151219
2763 26.26705913151219
2764 26.26705913151219
2765 26.26705913151219
2766 26.26705913151219
2767 26.26705913151219
2768 26.26705913151219
2769 26.26705913151219
2770 26.26705913151219
2771 26.26705913151219
2772 26.26705913151219
2773 26.26705913151219
2774 26.26705913151219
2775 26.26705913151219
2776 26.26705913151219
2777 26.26705913151219
2778 26.26705913151219
2779 26.26705913151219
2780 26.26705913151219
2781 26.26705913151219
2782 26.26705913151219
2783 26.26705913151219
2784 26.26705913151219
2785 26.26705913151219
2786 26.26705913151219
2787 26.26705913151219
2788 26.26705913151219
2789 26.26705913151219
2790 26.26705913151219
2791 26.26705913151219
2792 26.26705913151219
2793 26.26705913151219
2794 26.26705913151219
2795 26.26705913151219
2796 26.26705913151219
2797 26.26705913151219
2798 26.26705913151219
2799 26.26705913151219
2800 26.26705913151219
2801 26.26705913151219
2802 26.26705913151219
2803 26.26705913151219
2804 26.26705913151219
2805 26.26705913151219
2806 26.26705913151219
2807 26.26705913151219
2808 26.26705913151219
2809 26.26705913151219
2810 26.26705913151219
2811 26.26705913151219
2812 26.26705913151219
2813 26.26705913151219
2814 26.26705913151219
2815 26.26705913151219
2816 26.26705913151219
2817 26.26705913151219
2818 26.26705913151219
2819 26.26705913151219
2820 26.26705913151219
2821 26.26705913151219
2822 26.26705913151219
2823 26.26705913151219
2824 26.26705913151219
2825 26.26705913151219
2826 26.26705913151219
2827 26.26705913151219
2828 26.26705913151219
2829 26.26705913151219
2830 26.26705913151219
2831 26.26705913151219
2832 26.26705913151219
2833 26.26705913151219
2834 26.26705913151219
2835 26.26705913151219
2836 26.26705913151219
2837 26.26705913151219
2838 26.26705913151219
2839 26.26705913151219
2840 26.26705913151219
2841 26.26705913151219
2842 26.26705913151219
2843 26.26705913151219
2844 26.26705913151219
2845 26.26705913151219
2846 26.26705913151219
2847 26.26705913151219
2848 26.26705913151219
2849 26.26705913151219
2850 26.26705913151219
2851 26.26705913151219
2852 26.26705913151219
2853 26.26705913151219
2854 26.26705913151219
2855 26.26705913151219
2856 26.26705913151219
2857 26.26705913151219
2858 26.26705913151219
2859 26.26705913151219
2860 26.26705913151219
2861 26.26705913151219
2862 26.26705913151219
2863 26.26705913151219
2864 26.26705913151219
2865 26.26705913151219
2866 26.26705913151219
2867 26.26705913151219
2868 26.26705913151219
2869 26.26705913151219
2870 26.26705913151219
2871 26.26705913151219
2872 26.26705913151219
2873 26.26705913151219
2874 26.26705913151219
2875 26.26705913151219
2876 26.26705913151219
2877 26.26705913151219
2878 26.26705913151219
2879 26.26705913151219
2880 26.26705913151219
2881 26.26705913151219
2882 26.26705913151219
2883 26.26705913151219
2884 26.26705913151219
2885 26.26705913151219
2886 26.26705913151219
2887 26.26705913151219
2888 26.26705913151219
2889 26.26705913151219
2890 26.26705913151219
2891 26.26705913151219
2892 26.26705913151219
2893 26.26705913151219
2894 26.265344849021442
2895 26.265344849021442
2896 26.265344849021442
2897 26.265344849021442
2898 26.265344849021442
2899 26.265344849021442
2900 26.265344849021442
2901 26.265344849021442
2902 26.265344849021442
2903 26.265344849021442
2904 26.265344849021442
2905 26.265344849021442
2906 26.265344849021442
2907 26.265344849021442
2908 26.265344849021442
2909 26.265344849021442
2910 26.265344849021442
2911 26.265344849021442
2912 26.265344849021442
2913 26.265344849021442
2914 26.265344849021442
2915 26.265344849021442
2916 26.265344849021442
2917 26.265344849021442
2918 26.265344849021442
2919 26.265344849021442
2920 26.265344849021442
2921 26.265344849021442
2922 26.265344849021442
2923 26.265344849021442
2924 26.265344849021442
2925 26.265344849021442
2926 26.265344849021442
2927 26.265344849021442
2928 26.263830065977732
2929 26.263830065977732
2930 26.263830065977732
2931 26.263830065977732
2932 26.263830065977732
2933 26.263830065977732
2934 26.263830065977732
2935 26.263830065977732
2936 26.263830065977732
2937 26.263830065977732
2938 26.263830065977732
2939 26.263830065977732
2940 26.263830065977732
2941 26.263830065977732
2942 26.263830065977732
2943 26.263830065977732
2944 26.263830065977732
2945 26.263830065977732
2946 26.263830065977732
2947 26.263830065977732
2948 26.263830065977732
2949 26.263830065977732
2950 26.263830065977732
2951 26.263830065977732
2952 26.263830065977732
2953 26.261327429910622
2954 26.261327429910622
2955 26.261327429910622
2956 26.261327429910622
2957 26.261327429910622
2958 26.261327429910622
2959 26.261327429910622
2960 26.261327429910622
2961 26.261327429910622
2962 26.261327429910622
2963 26.261327429910622
2964 26.261327429910622
2965 26.261327429910622
2966 26.261327429910622
2967 26.261327429910622
2968 26.261327429910622
2969 26.261327429910622
2970 26.261327429910622
2971 26.261327429910622
2972 26.261327429910622
2973 26.261327429910622
2974 26.260065285763233
2975 26.254575597048316
2976 26.24978413396303
2977 26.24978413396303
2978 26.24978413396303
2979 26.24978413396303
2980 26.24978413396303
2981 26.24978413396303
2982 26.24978413396303
2983 26.24978413396303
2984 26.24978413396303
2985 26.24978413396303
2986 26.24978413396303
2987 26.24978413396303
2988 26.24978413396303
2989 26.24978413396303
2990 26.24978413396303
2991 26.24978413396303
2992 26.24978413396303
2993 26.24978413396303
2994 26.24978413396303
2995 26.24978413396303
2996 26.24978413396303
2997 26.24978413396303
2998 26.24978413396303
2999 26.24978413396303
3000 26.24978413396303
3001 26.24978413396303
3002 26.24978413396303
3003 26.24978413396303
3004 26.24978413396303
3005 26.24978413396303
3006 26.24978413396303
3007 26.24978413396303
3008 26.24978413396303
3009 26.24978413396303
3010 26.24978413396303
3011 26.24978413396303
3012 26.24978413396303
3013 26.24978413396303
3014 26.24978413396303
3015 26.24978413396303
3016 26.24978413396303
3017 26.24978413396303
3018 26.24978413396303
3019 26.24978413396303
3020 26.24978413396303
3021 26.24978413396303
3022 26.24978413396303
3023 26.24978413396303
3024 26.24978413396303
3025 26.24978413396303
3026 26.24978413396303
3027 26.24978413396303
3028 26.24978413396303
3029 26.24978413396303
3030 26.24978413396303
3031 26.24978413396303
3032 26.24978413396303
3033 26.24978413396303
3034 26.24978413396303
3035 26.24978413396303
3036 26.24978413396303
3037 26.24978413396303
3038 26.24978413396303
3039 26.24978413396303
3040 26.24978413396303
3041 26.24978413396303
3042 26.24978413396303
3043 26.24978413396303
3044 26.24978413396303
3045 26.24978413396303
3046 26.24978413396303
3047 26.24978413396303
3048 26.24978413396303
3049 26.24978413396303
3050 26.24978413396303
3051 26.24978413396303
3052 26.24978413396303
3053 26.24978413396303
3054 26.24978413396303
3055 26.24978413396303
3056 26.24978413396303
3057 26.24978413396303
3058 26.24978413396303
3059 26.24978413396303
3060 26.24978413396303
3061 26.24978413396303
3062 26.24978413396303
3063 26.24978413396303
3064 26.24978413396303
3065 26.24978413396303
3066 26.24978413396303
3067 26.24978413396303
3068 26.24978413396303
3069 26.24978413396303
3070 26.24978413396303
3071 26.24978413396303
3072 26.24978413396303
3073 26.24978413396303
3074 26.24978413396303
3075 26.24978413396303
3076 26.24978413396303
3077 26.24978413396303
3078 26.24978413396303
3079 26.24978413396303
3080 26.24978413396303
3081 26.24978413396303
3082 26.24978413396303
3083 26.24978413396303
3084 26.24978413396303
3085 26.24978413396303
3086 26.24978413396303
3087 26.24978413396303
3088 26.24978413396303
3089 26.24978413396303
3090 26.24978413396303
3091 26.24978413396303
3092 26.24978413396303
3093 26.24978413396303
3094 26.24978413396303
3095 26.24978413396303
3096 26.24978413396303
3097 26.24978413396303
3098 26.24978413396303
3099 26.24978413396303
3100 26.24978413396303
3101 26.24978413396303
3102 26.24978413396303
3103 26.24978413396303
3104 26.24978413396303
3105 26.24978413396303
3106 26.24978413396303
3107 26.24978413396303
3108 26.24978413396303
3109 26.24978413396303
3110 26.24978413396303
3111 26.24978413396303
3112 26.24978413396303
3113 26.24978413396303
3114 26.24978413396303
3115 26.24978413396303
3116 26.24978413396303
3117 26.24978413396303
3118 26.24978413396303
3119 26.24978413396303
3120 26.24978413396303
3121 26.24978413396303
3122 26.24978413396303
3123 26.24978413396303
3124 26.24978413396303
3125 26.24978413396303
3126 26.24978413396303
3127 26.24978413396303
3128 26.24978413396303
3129 26.24978413396303
3130 26.24978413396303
3131 26.24978413396303
3132 26.24978413396303
3133 26.24978413396303
3134 26.24978413396303
3135 26.24978413396303
3136 26.24978413396303
3137 26.24978413396303
3138 26.24978413396303
3139 26.24978413396303
3140 26.24978413396303
3141 26.24978413396303
3142 26.24978413396303
3143 26.24978413396303
3144 26.24978413396303
3145 26.24978413396303
3146 26.24978413396303
3147 26.24978413396303
3148 26.24978413396303
3149 26.24978413396303
3150 26.24978413396303
3151 26.24978413396303
3152 26.246215800228537
3153 26.246215800228537
3154 26.246215800228537
3155 26.246215800228537
3156 26.246215800228537
3157 26.246215800228537
3158 26.246215800228537
3159 26.246215800228537
3160 26.246215800228537
3161 26.246215800228537
3162 26.246215800228537
3163 26.246215800228537
3164 26.246215800228537
3165 26.246215800228537
3166 26.246215800228537
3167 26.246215800228537
3168 26.246215800228537
3169 26.246215800228537
3170 26.246215800228537
3171 26.246215800228537
3172 26.246215800228537
3173 26.246215800228537
3174 26.246215800228537
3175 26.246215800228537
3176 26.246215800228537
3177 26.246215800228537
3178 26.246215800228537
3179 26.246215800228537
3180 26.246215800228537
3181 26.246215800228537
3182 26.246215800228537
3183 26.246215800228537
3184 26.246215800228537
3185 26.246215800228537
3186 26.246215800228537
3187 26.246215800228537
3188 26.246215800228537
3189 26.246215800228537
3190 26.246215800228537
3191 26.246215800228537
3192 26.246215800228537
3193 26.246215800228537
3194 26.246215800228537
3195 26.246215800228537
3196 26.246215800228537
3197 26.246215800228537
3198 26.246215800228537
3199 26.246215800228537
3200 26.246215800228537
3201 26.246215800228537
3202 26.246215800228537
3203 26.246215800228537
3204 26.246215800228537
3205 26.246215800228537
3206 26.246215800228537
3207 26.246215800228537
3208 26.246215800228537
3209 26.246215800228537
3210 26.246215800228537
3211 26.246215800228537
3212 26.246215800228537
3213 26.246215800228537
3214 26.246215800228537
3215 26.246215800228537
3216 26.246215800228537
3217 26.246215800228537
3218 26.246215800228537
3219 26.246215800228537
3220 26.246215800228537
3221 26.246215800228537
3222 26.246215800228537
3223 26.246215800228537
3224 26.246215800228537
3225 26.246215800228537
3226 26.246215800228537
3227 26.246215800228537
3228 26.246215800228537
3229 26.246215800228537
3230 26.246215800228537
3231 26.246215800228537
3232 26.246215800228537
3233 26.246215800228537
3234 26.246215800228537
3235 26.246215800228537
3236 26.246215800228537
3237 26.246215800228537
3238 26.246215800228537
3239 26.245602473693413
3240 26.245602473693413
3241 26.245602473693413
3242 26.245602473693413
3243 26.245602473693413
3244 26.245602473693413
3245 26.245602473693413
3246 26.245602473693413
3247 26.245602473693413
3248 26.245602473693413
3249 26.245602473693413
3250 26.245602473693413
3251 26.245602473693413
3252 26.245602473693413
3253 26.245602473693413
3254 26.245602473693413
3255 26.245602473693413
3256 26.245602473693413
3257 26.245602473693413
3258 26.245602473693413
3259 26.245602473693413
3260 26.245602473693413
3261 26.245602473693413
3262 26.245602473693413
3263 26.245602473693413
3264 26.245602473693413
3265 26.245602473693413
3266 26.245602473693413
3267 26.245602473693413
3268 26.245602473693413
3269 26.245602473693413
3270 26.245602473693413
3271 26.245602473693413
3272 26.245602473693413
3273 26.245602473693413
3274 26.245602473693413
3275 26.245602473693413
3276 26.245602473693413
3277 26.245602473693413
3278 26.245602473693413
3279 26.245602473693413
3280 26.245602473693413
3281 26.245602473693413
3282 26.245602473693413
3283 26.245602473693413
3284 26.245602473693413
3285 26.245602473693413
3286 26.245602473693413
3287 26.245602473693413
3288 26.245602473693413
3289 26.24512191834581
3290 26.24512191834581
3291 26.24512191834581
3292 26.24512191834581
3293 26.24512191834581
3294 26.24512191834581
3295 26.24512191834581
3296 26.24512191834581
3297 26.24512191834581
3298 26.24512191834581
3299 26.24512191834581
3300 26.24512191834581
3301 26.24512191834581
3302 26.24512191834581
3303 26.24512191834581
3304 26.24512191834581
3305 26.24512191834581
3306 26.24512191834581
3307 26.24512191834581
3308 26.24512191834581
3309 26.24512191834581
3310 26.24512191834581
3311 26.24512191834581
3312 26.24512191834581
3313 26.24512191834581
3314 26.24512191834581
3315 26.243448106696043
3316 26.243448106696043
3317 26.243448106696043
3318 26.243448106696043
3319 26.243448106696043
3320 26.243448106696043
3321 26.243448106696043
3322 26.243448106696043
3323 26.243448106696043
3324 26.243448106696043
3325 26.243448106696043
3326 26.243448106696043
3327 26.243448106696043
3328 26.243448106696043
3329 26.243448106696043
3330 26.243448106696043
3331 26.243448106696043
3332 26.243448106696043
3333 26.243448106696043
3334 26.243448106696043
3335 26.243448106696043
3336 26.243448106696043
3337 26.243448106696043
3338 26.243448106696043
3339 26.243448106696043
3340 26.243448106696043
3341 26.24267836297772
3342 26.24267836297772
3343 26.24267836297772
3344 26.24267836297772
3345 26.24267836297772
3346 26.24267836297772
3347 26.24267836297772
3348 26.24267836297772
3349 26.24267836297772
3350 26.24267836297772
3351 26.24267836297772
3352 26.24267836297772
3353 26.24267836297772
3354 26.24267836297772
3355 26.24267836297772
3356 26.24267836297772
3357 26.24267836297772
3358 26.24267836297772
3359 26.24267836297772
3360 26.24267836297772
3361 26.24267836297772
3362 26.24267836297772
3363 26.24267836297772
3364 26.24267836297772
3365 26.24267836297772
3366 26.24267836297772
3367 26.24267836297772
3368 26.24267836297772
3369 26.24267836297772
3370 26.24267836297772
3371 26.24267836297772
3372 26.24267836297772
3373 26.24267836297772
3374 26.24267836297772
3375 26.24267836297772
3376 26.24267836297772
3377 26.24267836297772
3378 26.24267836297772
3379 26.24267836297772
3380 26.24267836297772
3381 26.24267836297772
3382 26.24267836297772
3383 26.24267836297772
3384 26.24267836297772
3385 26.24267836297772
3386 26.24267836297772
3387 26.24267836297772
3388 26.24267836297772
3389 26.24267836297772
3390 26.24267836297772
3391 26.24267836297772
3392 26.24267836297772
3393 26.24267836297772
3394 26.24267836297772
3395 26.24267836297772
3396 26.24267836297772
3397 26.24267836297772
3398 26.24267836297772
3399 26.24267836297772
3400 26.24267836297772
3401 26.24267836297772
3402 26.24267836297772
3403 26.24267836297772
3404 26.24267836297772
3405 26.24267836297772
3406 26.24267836297772
3407 26.24267836297772
3408 26.24267836297772
3409 26.24267836297772
3410 26.24267836297772
3411 26.24267836297772
3412 26.24267836297772
3413 26.24267836297772
3414 26.24267836297772
3415 26.24267836297772
3416 26.24267836297772
3417 26.24267836297772
3418 26.24267836297772
3419 26.24267836297772
3420 26.24267836297772
3421 26.24267836297772
3422 26.24267836297772
3423 26.24267836297772
3424 26.24267836297772
3425 26.24267836297772
3426 26.24267836297772
3427 26.24267836297772
3428 26.24267836297772
3429 26.24267836297772
3430 26.24266144019342
3431 26.24266144019342
3432 26.24266144019342
3433 26.24266144019342
3434 26.24266144019342
3435 26.24266144019342
3436 26.24266144019342
3437 26.24266144019342
3438 26.24266144019342
3439 26.24266144019342
3440 26.24266144019342
3441 26.24266144019342
3442 26.24266144019342
3443 26.24266144019342
3444 26.24022010538316
3445 26.24022010538316
3446 26.24022010538316
3447 26.24022010538316
3448 26.24022010538316
3449 26.24022010538316
3450 26.24022010538316
3451 26.24022010538316
3452 26.24022010538316
3453 26.24022010538316
3454 26.24022010538316
3455 26.24022010538316
3456 26.24022010538316
3457 26.24022010538316
3458 26.24022010538316
3459 26.24022010538316
3460 26.24022010538316
3461 26.24022010538316
3462 26.24022010538316
3463 26.24022010538316
3464 26.24022010538316
3465 26.24022010538316
3466 26.24022010538316
3467 26.24022010538316
3468 26.24022010538316
3469 26.24022010538316
3470 26.24022010538316
3471 26.24022010538316
3472 26.24022010538316
3473 26.24022010538316
3474 26.24022010538316
3475 26.24022010538316
3476 26.24022010538316
3477 26.24022010538316
3478 26.24022010538316
3479 26.24022010538316
3480 26.24022010538316
3481 26.24022010538316
3482 26.24022010538316
3483 26.24022010538316
3484 26.24022010538316
3485 26.24022010538316
3486 26.24022010538316
3487 26.24022010538316
3488 26.24022010538316
3489 26.24022010538316
3490 26.24022010538316
3491 26.24022010538316
3492 26.226105783177307
3493 26.226105783177307
3494 26.226105783177307
3495 26.226105783177307
3496 26.226105783177307
3497 26.226105783177307
3498 26.226105783177307
3499 26.226105783177307
3500 26.226105783177307
3501 26.226105783177307
3502 26.226105783177307
3503 26.226105783177307
3504 26.226105783177307
3505 26.226105783177307
3506 26.226105783177307
3507 26.226105783177307
3508 26.226105783177307
3509 26.226105783177307
3510 26.226105783177307
3511 26.226105783177307
3512 26.226105783177307
3513 26.226105783177307
3514 26.226105783177307
3515 26.226105783177307
3516 26.226105783177307
3517 26.226105783177307
3518 26.226105783177307
3519 26.226105783177307
3520 26.226105783177307
3521 26.226105783177307
3522 26.226105783177307
3523 26.226105783177307
3524 26.226105783177307
3525 26.226105783177307
3526 26.226105783177307
3527 26.226105783177307
3528 26.226105783177307
3529 26.226105783177307
3530 26.226105783177307
3531 26.226105783177307
3532 26.226105783177307
3533 26.226105783177307
3534 26.226105783177307
3535 26.226105783177307
3536 26.226105783177307
3537 26.226105783177307
3538 26.226105783177307
3539 26.226105783177307
3540 26.226105783177307
3541 26.226105783177307
3542 26.226105783177307
3543 26.226105783177307
3544 26.226105783177307
3545 26.226105783177307
3546 26.226105783177307
3547 26.226105783177307
3548 26.226105783177307
3549 26.226105783177307
3550 26.226105783177307
3551 26.226105783177307
3552 26.226105783177307
3553 26.226105783177307
3554 26.226105783177307
3555 26.226105783177307
3556 26.226105783177307
3557 26.226105783177307
3558 26.226105783177307
3559 26.226105783177307
3560 26.226105783177307
3561 26.226105783177307
3562 26.226105783177307
3563 26.226105783177307
3564 26.226105783177307
3565 26.226105783177307
3566 26.226105783177307
3567 26.226105783177307
3568 26.226105783177307
3569 26.226105783177307
3570 26.226105783177307
3571 26.226105783177307
3572 26.226105783177307
3573 26.226105783177307
3574 26.226105783177307
3575 26.226105783177307
3576 26.226105783177307
3577 26.226105783177307
3578 26.226105783177307
3579 26.226105783177307
3580 26.226105783177307
3581 26.22305062550837
3582 26.22305062550837
3583 26.22305062550837
3584 26.22305062550837
3585 26.22305062550837
3586 26.22305062550837
3587 26.22305062550837
3588 26.22305062550837
3589 26.22305062550837
3590 26.22305062550837
3591 26.22305062550837
3592 26.22305062550837
3593 26.22305062550837
3594 26.22305062550837
3595 26.22305062550837
3596 26.22305062550837
3597 26.22305062550837
3598 26.22305062550837
3599 26.22305062550837
3600 26.22305062550837
3601 26.22305062550837
3602 26.22305062550837
3603 26.22305062550837
3604 26.22305062550837
3605 26.22305062550837
3606 26.22305062550837
3607 26.22305062550837
3608 26.22305062550837
3609 26.22305062550837
3610 26.22305062550837
3611 26.22305062550837
3612 26.22305062550837
3613 26.22305062550837
3614 26.22305062550837
3615 26.22305062550837
3616 26.22305062550837
3617 26.22305062550837
3618 26.22305062550837
3619 26.22305062550837
3620 26.22305062550837
3621 26.22305062550837
3622 26.22305062550837
3623 26.22305062550837
3624 26.22305062550837
3625 26.22305062550837
3626 26.22305062550837
3627 26.22305062550837
3628 26.22305062550837
3629 26.22305062550837
3630 26.22305062550837
3631 26.22305062550837
3632 26.22305062550837
3633 26.22305062550837
3634 26.22305062550837
3635 26.22305062550837
3636 26.22305062550837
3637 26.22305062550837
3638 26.22305062550837
3639 26.22305062550837
3640 26.22305062550837
3641 26.22305062550837
3642 26.22305062550837
3643 26.22305062550837
3644 26.22305062550837
3645 26.22305062550837
3646 26.22305062550837
3647 26.22305062550837
3648 26.22305062550837
3649 26.22305062550837
3650 26.22305062550837
3651 26.22305062550837
3652 26.22305062550837
3653 26.22305062550837
3654 26.22305062550837
3655 26.22305062550837
3656 26.22305062550837
3657 26.22305062550837
3658 26.22305062550837
3659 26.22305062550837
3660 26.22305062550837
3661 26.22305062550837
3662 26.22305062550837
3663 26.22305062550837
3664 26.22305062550837
3665 26.22305062550837
3666 26.22305062550837
3667 26.22305062550837
3668 26.22305062550837
3669 26.22305062550837
3670 26.22305062550837
3671 26.22305062550837
3672 26.22305062550837
3673 26.22305062550837
3674 26.22305062550837
3675 26.22305062550837
3676 26.22305062550837
3677 26.22305062550837
3678 26.22305062550837
3679 26.22305062550837
3680 26.22305062550837
3681 26.22305062550837
3682 26.22305062550837
3683 26.22305062550837
3684 26.22305062550837
3685 26.22305062550837
3686 26.22305062550837
3687 26.22305062550837
3688 26.22305062550837
3689 26.22305062550837
3690 26.22305062550837
3691 26.22305062550837
3692 26.22305062550837
3693 26.22305062550837
3694 26.22305062550837
3695 26.22305062550837
3696 26.22305062550837
3697 26.22305062550837
3698 26.22305062550837
3699 26.22305062550837
3700 26.22305062550837
3701 26.22305062550837
3702 26.22305062550837
3703 26.22305062550837
3704 26.22305062550837
3705 26.22305062550837
3706 26.22305062550837
3707 26.22305062550837
3708 26.22305062550837
3709 26.22305062550837
3710 26.22305062550837
3711 26.22305062550837
3712 26.22305062550837
3713 26.22305062550837
3714 26.22305062550837
3715 26.22305062550837
3716 26.22305062550837
3717 26.22305062550837
3718 26.22305062550837
3719 26.22305062550837
3720 26.22305062550837
3721 26.22305062550837
3722 26.22305062550837
3723 26.22305062550837
3724 26.22305062550837
3725 26.22305062550837
3726 26.22305062550837
3727 26.22305062550837
3728 26.22305062550837
3729 26.22305062550837
3730 26.22305062550837
3731 26.22305062550837
3732 26.22305062550837
3733 26.22305062550837
3734 26.22305062550837
3735 26.22305062550837
3736 26.22305062550837
3737 26.22305062550837
3738 26.22305062550837
3739 26.22305062550837
3740 26.22305062550837
3741 26.22305062550837
3742 26.22305062550837
3743 26.22305062550837
3744 26.22305062550837
3745 26.22305062550837
3746 26.22305062550837
3747 26.22305062550837
3748 26.22305062550837
3749 26.22305062550837
3750 26.22305062550837
3751 26.22305062550837
3752 26.22305062550837
3753 26.22305062550837
3754 26.22305062550837
3755 26.22305062550837
3756 26.22305062550837
3757 26.22305062550837
3758 26.22305062550837
3759 26.22305062550837
3760 26.22305062550837
3761 26.22305062550837
3762 26.22305062550837
3763 26.22305062550837
3764 26.22305062550837
3765 26.22305062550837
3766 26.22305062550837
3767 26.22305062550837
3768 26.22305062550837
3769 26.22305062550837
3770 26.22305062550837
3771 26.22305062550837
3772 26.22305062550837
3773 26.22305062550837
3774 26.22305062550837
3775 26.22305062550837
3776 26.22305062550837
3777 26.22305062550837
3778 26.22305062550837
3779 26.22305062550837
3780 26.22305062550837
3781 26.22305062550837
3782 26.22305062550837
3783 26.22305062550837
3784 26.22305062550837
3785 26.22305062550837
3786 26.22305062550837
3787 26.22305062550837
3788 26.22305062550837
3789 26.22305062550837
3790 26.22305062550837
3791 26.22305062550837
3792 26.22305062550837
3793 26.22305062550837
3794 26.22305062550837
3795 26.22305062550837
3796 26.22305062550837
3797 26.22305062550837
3798 26.22305062550837
3799 26.22305062550837
3800 26.22305062550837
3801 26.22305062550837
3802 26.22305062550837
3803 26.22305062550837
3804 26.22305062550837
3805 26.22305062550837
3806 26.22305062550837
3807 26.22305062550837
3808 26.22305062550837
3809 26.22305062550837
3810 26.22305062550837
3811 26.22305062550837
3812 26.22305062550837
3813 26.22305062550837
3814 26.22305062550837
3815 26.22305062550837
3816 26.22305062550837
3817 26.22305062550837
3818 26.22305062550837
3819 26.22305062550837
3820 26.22286345866967
3821 26.22286345866967
3822 26.22286345866967
3823 26.22286345866967
3824 26.22286345866967
3825 26.22286345866967
3826 26.22286345866967
3827 26.22286345866967
3828 26.22286345866967
3829 26.22286345866967
3830 26.22286345866967
3831 26.22286345866967
3832 26.22286345866967
3833 26.22286345866967
3834 26.22286345866967
3835 26.22286345866967
3836 26.22286345866967
3837 26.22286345866967
3838 26.22286345866967
3839 26.22286345866967
3840 26.22286345866967
3841 26.22286345866967
3842 26.22286345866967
3843 26.22286345866967
3844 26.22286345866967
3845 26.22286345866967
3846 26.22286345866967
3847 26.20626742894083
3848 26.20626742894083
3849 26.19755236728076
3850 26.19755236728076
3851 26.19755236728076
3852 26.19755236728076
3853 26.19755236728076
3854 26.19755236728076
3855 26.19755236728076
3856 26.19755236728076
3857 26.19755236728076
3858 26.19755236728076
3859 26.19755236728076
3860 26.19755236728076
3861 26.19755236728076
3862 26.19755236728076
3863 26.19755236728076
3864 26.19755236728076
3865 26.190872332875138
3866 26.190872332875138
3867 26.190872332875138
3868 26.190872332875138
3869 26.190872332875138
3870 26.190872332875138
3871 26.190872332875138
3872 26.190872332875138
3873 26.187926473392352
3874 26.187926473392352
3875 26.187926473392352
3876 26.187926473392352
3877 26.187926473392352
3878 26.187926473392352
3879 26.187926473392352
3880 26.187926473392352
3881 26.187926473392352
3882 26.187926473392352
3883 26.187926473392352
3884 26.187926473392352
3885 26.187926473392352
3886 26.187926473392352
3887 26.187450816474932
3888 26.187450816474932
3889 26.187450816474932
3890 26.187450816474932
3891 26.187450816474932
3892 26.187450816474932
3893 26.187450816474932
3894 26.187450816474932
3895 26.187450816474932
3896 26.17644764326233
3897 26.17644764326233
3898 26.17644764326233
3899 26.17644764326233
3900 26.17644764326233
3901 26.17644764326233
3902 26.17644764326233
3903 26.17644764326233
3904 26.17644764326233
3905 26.17644764326233
3906 26.17644764326233
3907 26.17644764326233
3908 26.17644764326233
3909 26.17644764326233
3910 26.17644764326233
3911 26.17644764326233
3912 26.17644764326233
3913 26.17644764326233
3914 26.17644764326233
3915 26.17644764326233
3916 26.17644764326233
3917 26.17644764326233
3918 26.17644764326233
3919 26.17644764326233
3920 26.17644764326233
3921 26.17644764326233
3922 26.17644764326233
3923 26.17644764326233
3924 26.17644764326233
3925 26.17644764326233
3926 26.17644764326233
3927 26.17644764326233
3928 26.161545552278888
3929 26.161545552278888
3930 26.161545552278888
3931 26.156963514734546
3932 26.156963514734546
3933 26.156963514734546
3934 26.156963514734546
3935 26.156963514734546
3936 26.156963514734546
3937 26.156963514734546
3938 26.156963514734546
3939 26.156963514734546
3940 26.156963514734546
3941 26.156963514734546
3942 26.156963514734546
3943 26.156963514734546
3944 26.156963514734546
3945 26.156963514734546
3946 26.156963514734546
3947 26.156963514734546
3948 26.156963514734546
3949 26.156963514734546
3950 26.156963514734546
3951 26.156963514734546
3952 26.156963514734546
3953 26.156963514734546
3954 26.156963514734546
3955 26.156963514734546
3956 26.156963514734546
3957 26.156963514734546
3958 26.156963514734546
3959 26.156963514734546
3960 26.156963514734546
3961 26.156963514734546
3962 26.156963514734546
3963 26.156963514734546
3964 26.156963514734546
3965 26.156963514734546
3966 26.156963514734546
3967 26.156963514734546
3968 26.156963514734546
3969 26.156963514734546
3970 26.156963514734546
3971 26.156963514734546
3972 26.156963514734546
3973 26.156963514734546
3974 26.156963514734546
3975 26.156963514734546
3976 26.156963514734546
3977 26.156963514734546
3978 26.156963514734546
3979 26.156963514734546
3980 26.156963514734546
3981 26.156963514734546
3982 26.156963514734546
3983 26.156963514734546
3984 26.156963514734546
3985 26.156963514734546
3986 26.156963514734546
3987 26.156963514734546
3988 26.156963514734546
3989 26.156963514734546
3990 26.156963514734546
3991 26.156963514734546
3992 26.156963514734546
3993 26.156963514734546
3994 26.156963514734546
3995 26.156963514734546
3996 26.156963514734546
3997 26.156963514734546
3998 26.156963514734546
3999 26.156963514734546
4000 26.156963514734546
