0 189510.2086049215
1 43758.521812712075
2 6579.343193859295
3 6579.343193859295
4 6579.343193859295
5 4925.465757585542
6 2852.784384183782
7 1796.871003689789
8 1796.871003689789
9 1136.5409465683695
10 987.4258672296651
11 947.1900153431469
12 827.3014325001072
13 664.5741152155425
14 428.86665710385705
15 428.86665710385705
16 428.86665710385705
17 378.89323639066373
18 252.85700675268242
19 252.85700675268242
20 252.85700675268242
21 239.92955964716307
22 227.58906726371848
23 227.58906726371848
24 188.44976807288668
25 138.7131963943827
26 138.7131963943827
27 113.25898937958004
28 113.25898937958004
29 95.0108318423313
30 95.0108318423313
31 95.0108318423313
32 84.88245481263797
33 84.88245481263797
34 75.95132517170623
35 75.95132517170623
36 75.95132517170623
37 74.56218578917043
38 57.43169424629377
39 57.43169424629377
40 46.394025780081094
41 46.394025780081094
42 46.394025780081094
43 44.90153999446324
44 42.755271839435366
45 39.62497976030241
46 38.72448083655746
47 37.89912739727833
48 34.71185244704639
49 34.71185244704639
50 33.105333959536324
51 33.105333959536324
52 33.105333959536324
53 32.66674971129451
54 32.66674971129451
55 31.58971258579788
56 31.58971258579788
57 31.40147823770571
58 31.40147823770571
59 30.780329176937162
60 30.780329176937162
61 30.780329176937162
62 30.476449863300743
63 30.471306662427594
64 30.471306662427594
65 29.961787209493785
66 29.661651547952655
67 29.28789924980156
68 29.28789924980156
69 29.28789924980156
70 29.154309624786677
71 29.15276848387025
72 29.15276848387025
73 29.024334774887766
74 28.986700518111014
75 28.864724154269663
76 28.864724154269663
77 28.864724154269663
78 28.864724154269663
79 28.76282099746369
80 28.745720654623263
81 28.745720654623263
82 28.532568913257762
83 28.532568913257762
84 28.532568913257762
85 28.532568913257762
86 28.453999435605848
87 28.453999435605848
88 28.356432784651357
89 28.224668299769963
90 28.224668299769963
91 28.107059710713532
92 28.107059710713532
93 28.107059710713532
94 27.990332581870092
95 27.941873120769213
96 27.941873120769213
97 27.941873120769213
98 27.941873120769213
99 27.941873120769213
100 27.941873120769213
101 27.941873120769213
102 27.941873120769213
103 27.919305227162802
104 27.919305227162802
105 27.919305227162802
106 27.919305227162802
107 27.919305227162802
108 27.919305227162802
109 27.919305227162802
110 27.919305227162802
111 27.919305227162802
112 27.919305227162802
113 27.919305227162802
114 27.85245189984526
115 27.557363308123026
116 27.557363308123026
117 27.557363308123026
118 27.557363308123026
119 27.557363308123026
120 27.557363308123026
121 27.43917589588045
122 27.39707574317484
123 27.39707574317484
124 27.39707574317484
125 27.39707574317484
126 27.39707574317484
127 27.39707574317484
128 27.39707574317484
129 27.327563690376557
130 27.327563690376557
131 27.327563690376557
132 27.327563690376557
133 27.327563690376557
134 27.327563690376557
135 27.327563690376557
136 27.327563690376557
137 27.327563690376557
138 27.327563690376557
139 27.327563690376557
140 27.327563690376557
141 27.327563690376557
142 27.327563690376557
143 27.327563690376557
144 27.327563690376557
145 27.327563690376557
146 27.327563690376557
147 27.327563690376557
148 27.327563690376557
149 27.327563690376557
150 27.327563690376557
151 27.327563690376557
152 27.308812320156683
153 27.308812320156683
154 27.308812320156683
155 27.308812320156683
156 27.308812320156683
157 27.308812320156683
158 27.308812320156683
159 27.308812320156683
160 27.308812320156683
161 27.308812320156683
162 27.308812320156683
163 27.308812320156683
164 27.308812320156683
165 27.308812320156683
166 27.308812320156683
167 27.308812320156683
168 27.308812320156683
169 27.308812320156683
170 27.308812320156683
171 26.66762606025603
172 26.66762606025603
173 26.66762606025603
174 26.66762606025603
175 26.66762606025603
176 26.66762606025603
177 26.66762606025603
178 26.66762606025603
179 26.66762606025603
180 26.66762606025603
181 26.66762606025603
182 26.66762606025603
183 26.66762606025603
184 26.66762606025603
185 26.66762606025603
186 26.66762606025603
187 26.66762606025603
188 26.66762606025603
189 26.66762606025603
190 26.66762606025603
191 26.66762606025603
192 26.66762606025603
193 26.66762606025603
194 26.66762606025603
195 26.66762606025603
196 26.66762606025603
197 26.66762606025603
198 26.66762606025603
199 26.66762606025603
200 26.66762606025603
201 26.66762606025603
202 26.66762606025603
203 26.66762606025603
204 26.66762606025603
205 26.66762606025603
206 26.66762606025603
207 26.66762606025603
208 26.66762606025603
209 26.66762606025603
210 26.66762606025603
211 26.66762606025603
212 26.66762606025603
213 26.66762606025603
214 26.66762606025603
215 26.66762606025603
216 26.66762606025603
217 26.66762606025603
218 26.66762606025603
219 26.66762606025603
220 26.66762606025603
221 26.66762606025603
222 26.66762606025603
223 26.66762606025603
224 26.66762606025603
225 26.66762606025603
226 26.66762606025603
227 26.66762606025603
228 26.66762606025603
229 26.66762606025603
230 26.66762606025603
231 26.66762606025603
232 26.66762606025603
233 26.400606370939755
234 26.400606370939755
235 26.400606370939755
236 26.400606370939755
237 26.400606370939755
238 26.400606370939755
239 26.400606370939755
240 26.400606370939755
241 26.400606370939755
242 26.400606370939755
243 26.400606370939755
244 26.400606370939755
245 26.400606370939755
246 26.400606370939755
247 26.400606370939755
248 26.400606370939755
249 26.400606370939755
250 26.400606370939755
251 26.400606370939755
252 26.400606370939755
253 26.400606370939755
254 26.400606370939755
255 26.400606370939755
256 26.400606370939755
257 26.400606370939755
258 26.400606370939755
259 26.400606370939755
260 26.400606370939755
261 26.400606370939755
262 26.400606370939755
263 26.400606370939755
264 26.400606370939755
265 26.400606370939755
266 26.400606370939755
267 26.400606370939755
268 26.400606370939755
269 26.400606370939755
270 26.400606370939755
271 26.400606370939755
272 26.400606370939755
273 26.400606370939755
274 26.400606370939755
275 26.400606370939755
276 26.400606370939755
277 26.400606370939755
278 26.400606370939755
279 26.400606370939755
280 26.400606370939755
281 26.400606370939755
282 26.400606370939755
283 26.400606370939755
284 26.400606370939755
285 26.400606370939755
286 26.400606370939755
287 26.400606370939755
288 26.400606370939755
289 26.400606370939755
290 26.400606370939755
291 26.400606370939755
292 26.400606370939755
293 26.400606370939755
294 26.400606370939755
295 26.400606370939755
296 26.400606370939755
297 26.400606370939755
298 26.400606370939755
299 26.400606370939755
300 26.400606370939755
301 26.400606370939755
302 26.400606370939755
303 26.400606370939755
304 26.400606370939755
305 26.400606370939755
306 26.400606370939755
307 26.400606370939755
308 26.400606370939755
309 26.400606370939755
310 26.400606370939755
311 26.400606370939755
312 26.400606370939755
313 26.400606370939755
314 26.400606370939755
315 26.400606370939755
316 26.400606370939755
317 26.400606370939755
318 26.400606370939755
319 26.400606370939755
320 26.400606370939755
321 26.400606370939755
322 26.400606370939755
323 26.400606370939755
324 26.400606370939755
325 26.400606370939755
326 26.400606370939755
327 26.400606370939755
328 26.400606370939755
329 26.400606370939755
330 26.400606370939755
331 26.400606370939755
332 26.400606370939755
333 26.400606370939755
334 26.400606370939755
335 26.400606370939755
336 26.400606370939755
337 26.400606370939755
338 26.400606370939755
339 26.400606370939755
340 26.400606370939755
341 26.400606370939755
342 26.400606370939755
343 26.400606370939755
344 26.400606370939755
345 26.400606370939755
346 26.400606370939755
347 26.400606370939755
348 26.400606370939755
349 26.400606370939755
350 26.400606370939755
351 26.400606370939755
352 26.400606370939755
353 26.400606370939755
354 26.400606370939755
355 26.400606370939755
356 26.400606370939755
357 26.400606370939755
358 26.400606370939755
359 26.400606370939755
360 26.400606370939755
361 26.400606370939755
362 26.400606370939755
363 26.400606370939755
364 26.400606370939755
365 26.400606370939755
366 26.400606370939755
367 26.400606370939755
368 26.400606370939755
369 26.400606370939755
370 26.400606370939755
371 26.400606370939755
372 26.400606370939755
373 26.400606370939755
374 26.400606370939755
375 26.400606370939755
376 26.400606370939755
377 26.400606370939755
378 26.400606370939755
379 26.400606370939755
380 26.400606370939755
381 26.400606370939755
382 26.400606370939755
383 26.400606370939755
384 26.400606370939755
385 26.400606370939755
386 26.400606370939755
387 26.400606370939755
388 26.400606370939755
389 26.400606370939755
390 26.400606370939755
391 26.400606370939755
392 26.400606370939755
393 26.400606370939755
394 26.400606370939755
395 26.400606370939755
396 26.400606370939755
397 26.400606370939755
398 26.400606370939755
399 26.400606370939755
400 26.400606370939755
401 26.400606370939755
402 26.400606370939755
403 26.400606370939755
404 26.400606370939755
405 26.400606370939755
406 26.400606370939755
407 26.400606370939755
408 26.400606370939755
409 26.400606370939755
410 26.400606370939755
411 26.400606370939755
412 26.400606370939755
413 26.400606370939755
414 26.400606370939755
415 26.400606370939755
416 26.400606370939755
417 26.400606370939755
418 26.400606370939755
419 26.400606370939755
420 26.400606370939755
421 26.400606370939755
422 26.400606370939755
423 26.400606370939755
424 26.400606370939755
425 26.400606370939755
426 26.400606370939755
427 26.400606370939755
428 26.400606370939755
429 26.400606370939755
430 26.400606370939755
431 26.400606370939755
432 26.400606370939755
433 26.400606370939755
434 26.400606370939755
435 26.400606370939755
436 26.400606370939755
437 26.400606370939755
438 26.400606370939755
439 26.400606370939755
440 26.400606370939755
441 26.400606370939755
442 26.400606370939755
443 26.400606370939755
444 26.400606370939755
445 26.400606370939755
446 26.400606370939755
447 26.400606370939755
448 26.400606370939755
449 26.400606370939755
450 26.400606370939755
451 26.400606370939755
452 26.400606370939755
453 26.400606370939755
454 26.400606370939755
455 26.400606370939755
456 26.400606370939755
457 26.400606370939755
458 26.400606370939755
459 26.400606370939755
460 26.400606370939755
461 26.400606370939755
462 26.400606370939755
463 26.400606370939755
464 26.400606370939755
465 26.400606370939755
466 26.400606370939755
467 26.400606370939755
468 26.400606370939755
469 26.400606370939755
470 26.400606370939755
471 26.400606370939755
472 26.400606370939755
473 26.400606370939755
474 26.400606370939755
475 26.400606370939755
476 26.400606370939755
477 26.400606370939755
478 26.400606370939755
479 26.400606370939755
480 26.400606370939755
481 26.400606370939755
482 26.400606370939755
483 26.400606370939755
484 26.400606370939755
485 26.400606370939755
486 26.400606370939755
487 26.400606370939755
488 26.400606370939755
489 26.400606370939755
490 26.400606370939755
491 26.400606370939755
492 26.400606370939755
493 26.400606370939755
494 26.400606370939755
495 26.400606370939755
496 26.400606370939755
497 26.400606370939755
498 26.400606370939755
499 26.400606370939755
500 26.400606370939755
501 26.400606370939755
502 26.400606370939755
503 26.400606370939755
504 26.400606370939755
505 26.400606370939755
506 26.400606370939755
507 26.400606370939755
508 26.400606370939755
509 26.400606370939755
510 26.400606370939755
511 26.400606370939755
512 26.400606370939755
513 26.400606370939755
514 26.400606370939755
515 26.400606370939755
516 26.400606370939755
517 26.400606370939755
518 26.400606370939755
519 26.400606370939755
520 26.400606370939755
521 26.400606370939755
522 26.400606370939755
523 26.400606370939755
524 26.400606370939755
525 26.400606370939755
526 26.400606370939755
527 26.400606370939755
528 26.400606370939755
529 26.400606370939755
530 26.400606370939755
531 26.400606370939755
532 26.400606370939755
533 26.400606370939755
534 26.400606370939755
535 26.400606370939755
536 26.400606370939755
537 26.400606370939755
538 26.400606370939755
539 26.400606370939755
540 26.400606370939755
541 26.400606370939755
542 26.400606370939755
543 26.400606370939755
544 26.400606370939755
545 26.400606370939755
546 26.400606370939755
547 26.400606370939755
548 26.400606370939755
549 26.400606370939755
550 26.400606370939755
551 26.400606370939755
552 26.400606370939755
553 26.400606370939755
554 26.400606370939755
555 26.400606370939755
556 26.400606370939755
557 26.400606370939755
558 26.400606370939755
559 26.400606370939755
560 26.400606370939755
561 26.400606370939755
562 26.383423726580467
563 26.383423726580467
564 26.383423726580467
565 26.383423726580467
566 26.383423726580467
567 26.383423726580467
568 26.383423726580467
569 26.383423726580467
570 26.383423726580467
571 26.383423726580467
572 26.383423726580467
573 26.383423726580467
574 26.383423726580467
575 26.383423726580467
576 26.383423726580467
577 26.383423726580467
578 26.383423726580467
579 26.383423726580467
580 26.383423726580467
581 26.383423726580467
582 26.383423726580467
583 26.383423726580467
584 26.383423726580467
585 26.383423726580467
586 26.383423726580467
587 26.383423726580467
588 26.383423726580467
589 26.383423726580467
590 26.383423726580467
591 26.383423726580467
592 26.383423726580467
593 26.383423726580467
594 26.383423726580467
595 26.383423726580467
596 26.383423726580467
597 26.383423726580467
598 26.383423726580467
599 26.383423726580467
600 26.383423726580467
601 26.383423726580467
602 26.383423726580467
603 26.383423726580467
604 26.383423726580467
605 26.383423726580467
606 26.383423726580467
607 26.383423726580467
608 26.383423726580467
609 26.383423726580467
610 26.383423726580467
611 26.383423726580467
612 26.383423726580467
613 26.383423726580467
614 26.383423726580467
615 26.383423726580467
616 26.383423726580467
617 26.383423726580467
618 26.383423726580467
619 26.383423726580467
620 26.383423726580467
621 26.383423726580467
622 26.383423726580467
623 26.383423726580467
624 26.383423726580467
625 26.383423726580467
626 26.383423726580467
627 26.383423726580467
628 26.383423726580467
629 26.383423726580467
630 26.383423726580467
631 26.383423726580467
632 26.383423726580467
633 26.383423726580467
634 26.383423726580467
635 26.383423726580467
636 26.383423726580467
637 26.383423726580467
638 26.383423726580467
639 26.383423726580467
640 26.383423726580467
641 26.383423726580467
642 26.383423726580467
643 26.383423726580467
644 26.383423726580467
645 26.383423726580467
646 26.383423726580467
647 26.383423726580467
648 26.383423726580467
649 26.383423726580467
650 26.383423726580467
651 26.383423726580467
652 26.383423726580467
653 26.383423726580467
654 26.383423726580467
655 26.383423726580467
656 26.383423726580467
657 26.383423726580467
658 26.383423726580467
659 26.383423726580467
660 26.383423726580467
661 26.383423726580467
662 26.383423726580467
663 26.383423726580467
664 26.383423726580467
665 26.383423726580467
666 26.383423726580467
667 26.383423726580467
668 26.383423726580467
669 26.383423726580467
670 26.383423726580467
671 26.383423726580467
672 26.383423726580467
673 26.383423726580467
674 26.383423726580467
675 26.383423726580467
676 26.383423726580467
677 26.383423726580467
678 26.383423726580467
679 26.383423726580467
680 26.383423726580467
681 26.383423726580467
682 26.383423726580467
683 26.383423726580467
684 26.383423726580467
685 26.383423726580467
686 26.383423726580467
687 26.383423726580467
688 26.383423726580467
689 26.383423726580467
690 26.383423726580467
691 26.383423726580467
692 26.383423726580467
693 26.383423726580467
694 26.383423726580467
695 26.383423726580467
696 26.383423726580467
697 26.383423726580467
698 26.383423726580467
699 26.383423726580467
700 26.383423726580467
701 26.383423726580467
702 26.383423726580467
703 26.383423726580467
704 26.383423726580467
705 26.383423726580467
706 26.383423726580467
707 26.383423726580467
708 26.383423726580467
709 26.383423726580467
710 26.383423726580467
711 26.383423726580467
712 26.383423726580467
713 26.383423726580467
714 26.383423726580467
715 26.383423726580467
716 26.383423726580467
717 26.383423726580467
718 26.383423726580467
719 26.383423726580467
720 26.383423726580467
721 26.383423726580467
722 26.383423726580467
723 26.383423726580467
724 26.383423726580467
725 26.383423726580467
726 26.383423726580467
727 26.383423726580467
728 26.383423726580467
729 26.383423726580467
730 26.383423726580467
731 26.383423726580467
732 26.383423726580467
733 26.383423726580467
734 26.383423726580467
735 26.383423726580467
736 26.383423726580467
737 26.383423726580467
738 26.383423726580467
739 26.383423726580467
740 26.383423726580467
741 26.383423726580467
742 26.383423726580467
743 26.383423726580467
744 26.383423726580467
745 26.383423726580467
746 26.383423726580467
747 26.383423726580467
748 26.383423726580467
749 26.383423726580467
750 26.383423726580467
751 26.383423726580467
752 26.383423726580467
753 26.383423726580467
754 26.383423726580467
755 26.383423726580467
756 26.383423726580467
757 26.383423726580467
758 26.383423726580467
759 26.383423726580467
760 26.383423726580467
761 26.383423726580467
762 26.383423726580467
763 26.383423726580467
764 26.383423726580467
765 26.383423726580467
766 26.383423726580467
767 26.383423726580467
768 26.383423726580467
769 26.383423726580467
770 26.383423726580467
771 26.383423726580467
772 26.383423726580467
773 26.383423726580467
774 26.383423726580467
775 26.383423726580467
776 26.383423726580467
777 26.383423726580467
778 26.383423726580467
779 26.383423726580467
780 26.383423726580467
781 26.383423726580467
782 26.383423726580467
783 26.383423726580467
784 26.383423726580467
785 26.37412706419207
786 26.37412706419207
787 26.37412706419207
788 26.37412706419207
789 26.37412706419207
790 26.37412706419207
791 26.37412706419207
792 26.37412706419207
793 26.37412706419207
794 26.37412706419207
795 26.37412706419207
796 26.37412706419207
797 26.37412706419207
798 26.37412706419207
799 26.37412706419207
800 26.37412706419207
801 26.37412706419207
802 26.37412706419207
803 26.37412706419207
804 26.37412706419207
805 26.37412706419207
806 26.37412706419207
807 26.37412706419207
808 26.37412706419207
809 26.37412706419207
810 26.37412706419207
811 26.37412706419207
812 26.37412706419207
813 26.37412706419207
814 26.37412706419207
815 26.37412706419207
816 26.37412706419207
817 26.37412706419207
818 26.37412706419207
819 26.37412706419207
820 26.37412706419207
821 26.37412706419207
822 26.37412706419207
823 26.37412706419207
824 26.37412706419207
825 26.37412706419207
826 26.37412706419207
827 26.37412706419207
828 26.37412706419207
829 26.37412706419207
830 26.37412706419207
831 26.37412706419207
832 26.37412706419207
833 26.37412706419207
834 26.37412706419207
835 26.37412706419207
836 26.37412706419207
837 26.37412706419207
838 26.37412706419207
839 26.37412706419207
840 26.37412706419207
841 26.37412706419207
842 26.37412706419207
843 26.37412706419207
844 26.37412706419207
845 26.37412706419207
846 26.37412706419207
847 26.37412706419207
848 26.37412706419207
849 26.37412706419207
850 26.37412706419207
851 26.37412706419207
852 26.37412706419207
853 26.37412706419207
854 26.37412706419207
855 26.37412706419207
856 26.37412706419207
857 26.37412706419207
858 26.37412706419207
859 26.37412706419207
860 26.37412706419207
861 26.37412706419207
862 26.37412706419207
863 26.37412706419207
864 26.37412706419207
865 26.37412706419207
866 26.37412706419207
867 26.37412706419207
868 26.37412706419207
869 26.37412706419207
870 26.37412706419207
871 26.37412706419207
872 26.37412706419207
873 26.37412706419207
874 26.37412706419207
875 26.37412706419207
876 26.37412706419207
877 26.37412706419207
878 26.37412706419207
879 26.37412706419207
880 26.37412706419207
881 26.37412706419207
882 26.37412706419207
883 26.37412706419207
884 26.37412706419207
885 26.37412706419207
886 26.37412706419207
887 26.37412706419207
888 26.37412706419207
889 26.37412706419207
890 26.37412706419207
891 26.37412706419207
892 26.37412706419207
893 26.37412706419207
894 26.37412706419207
895 26.37412706419207
896 26.37412706419207
897 26.37412706419207
898 26.37412706419207
899 26.37412706419207
900 26.37412706419207
901 26.37412706419207
902 26.37412706419207
903 26.37412706419207
904 26.37412706419207
905 26.37412706419207
906 26.37412706419207
907 26.37412706419207
908 26.37412706419207
909 26.37412706419207
910 26.37412706419207
911 26.37412706419207
912 26.37412706419207
913 26.37412706419207
914 26.37412706419207
915 26.37412706419207
916 26.37412706419207
917 26.37412706419207
918 26.37412706419207
919 26.37412706419207
920 26.37412706419207
921 26.37412706419207
922 26.37412706419207
923 26.37412706419207
924 26.37412706419207
925 26.37412706419207
926 26.37412706419207
927 26.37412706419207
928 26.37412706419207
929 26.37412706419207
930 26.37412706419207
931 26.37412706419207
932 26.37412706419207
933 26.37412706419207
934 26.37412706419207
935 26.37412706419207
936 26.37412706419207
937 26.37412706419207
938 26.37412706419207
939 26.37412706419207
940 26.37412706419207
941 26.37412706419207
942 26.37412706419207
943 26.37412706419207
944 26.37412706419207
945 26.37412706419207
946 26.37412706419207
947 26.37412706419207
948 26.37412706419207
949 26.37412706419207
950 26.37412706419207
951 26.37412706419207
952 26.37412706419207
953 26.37412706419207
954 26.37412706419207
955 26.37412706419207
956 26.37412706419207
957 26.37412706419207
958 26.37412706419207
959 26.37412706419207
960 26.37412706419207
961 26.37412706419207
962 26.37412706419207
963 26.37412706419207
964 26.37412706419207
965 26.37412706419207
966 26.37412706419207
967 26.37412706419207
968 26.37412706419207
969 26.37412706419207
970 26.37412706419207
971 26.37412706419207
972 26.37412706419207
973 26.37412706419207
974 26.37412706419207
975 26.37412706419207
976 26.37412706419207
977 26.37412706419207
978 26.37412706419207
979 26.37412706419207
980 26.37412706419207
981 26.37412706419207
982 26.37412706419207
983 26.37412706419207
984 26.37412706419207
985 26.37412706419207
986 26.37412706419207
987 26.37412706419207
988 26.37412706419207
989 26.37412706419207
990 26.37412706419207
991 26.37412706419207
992 26.37412706419207
993 26.37412706419207
994 26.37412706419207
995 26.37412706419207
996 26.37412706419207
997 26.37412706419207
998 26.37412706419207
999 26.37412706419207
1000 26.37412706419207
1001 26.37412706419207
1002 26.37412706419207
1003 26.37412706419207
1004 26.37412706419207
1005 26.37412706419207
1006 26.37412706419207
1007 26.37412706419207
1008 26.37412706419207
1009 26.37412706419207
1010 26.37412706419207
1011 26.37412706419207
1012 26.37412706419207
1013 26.37412706419207
1014 26.37412706419207
1015 26.37412706419207
1016 26.37412706419207
1017 26.37412706419207
1018 26.37412706419207
1019 26.37412706419207
1020 26.37412706419207
1021 26.37412706419207
1022 26.37412706419207
1023 26.37412706419207
1024 26.37412706419207
1025 26.37412706419207
1026 26.37412706419207
1027 26.37412706419207
1028 26.37412706419207
1029 26.37412706419207
1030 26.37412706419207
1031 26.37412706419207
1032 26.37412706419207
1033 26.37412706419207
1034 26.37412706419207
1035 26.37412706419207
1036 26.37412706419207
1037 26.37412706419207
1038 26.37412706419207
1039 26.37412706419207
1040 26.37412706419207
1041 26.37412706419207
1042 26.37412706419207
1043 26.37412706419207
1044 26.37412706419207
1045 26.37412706419207
1046 26.37412706419207
1047 26.37412706419207
1048 26.37412706419207
1049 26.37412706419207
1050 26.37412706419207
1051 26.37412706419207
1052 26.37412706419207
1053 26.37412706419207
1054 26.37412706419207
1055 26.37412706419207
1056 26.37412706419207
1057 26.37412706419207
1058 26.37412706419207
1059 26.37412706419207
1060 26.37412706419207
1061 26.37412706419207
1062 26.37412706419207
1063 26.37412706419207
1064 26.37412706419207
1065 26.37412706419207
1066 26.37412706419207
1067 26.37412706419207
1068 26.37412706419207
1069 26.37412706419207
1070 26.37412706419207
1071 26.37412706419207
1072 26.37412706419207
1073 26.37412706419207
1074 26.37412706419207
1075 26.37412706419207
1076 26.37412706419207
1077 26.37412706419207
1078 26.37412706419207
1079 26.37412706419207
1080 26.37412706419207
1081 26.37412706419207
1082 26.37412706419207
1083 26.37412706419207
1084 26.37412706419207
1085 26.37412706419207
1086 26.37412706419207
1087 26.37412706419207
1088 26.37412706419207
1089 26.37412706419207
1090 26.37412706419207
1091 26.37412706419207
1092 26.37412706419207
1093 26.37412706419207
1094 26.37412706419207
1095 26.37412706419207
1096 26.37412706419207
1097 26.37412706419207
1098 26.37412706419207
1099 26.37412706419207
1100 26.37412706419207
1101 26.37412706419207
1102 26.37412706419207
1103 26.37412706419207
1104 26.37412706419207
1105 26.37412706419207
1106 26.37412706419207
1107 26.37412706419207
1108 26.37412706419207
1109 26.37412706419207
1110 26.37412706419207
1111 26.37412706419207
1112 26.37412706419207
1113 26.37412706419207
1114 26.37412706419207
1115 26.37412706419207
1116 26.37412706419207
1117 26.37412706419207
1118 26.37412706419207
1119 26.37412706419207
1120 26.37412706419207
1121 26.37412706419207
1122 26.37412706419207
1123 26.37412706419207
1124 26.37412706419207
1125 26.37412706419207
1126 26.37412706419207
1127 26.37412706419207
1128 26.37412706419207
1129 26.270157262425297
1130 26.270157262425297
1131 26.270157262425297
1132 26.270157262425297
1133 26.270157262425297
1134 26.270157262425297
1135 26.270157262425297
1136 26.270157262425297
1137 26.270157262425297
1138 26.270157262425297
1139 26.270157262425297
1140 26.270157262425297
1141 26.270157262425297
1142 26.270157262425297
1143 26.270157262425297
1144 26.270157262425297
1145 26.270157262425297
1146 26.270157262425297
1147 26.270157262425297
1148 26.270157262425297
1149 26.270157262425297
1150 26.270157262425297
1151 26.270157262425297
1152 26.270157262425297
1153 26.270157262425297
1154 26.270157262425297
1155 26.270157262425297
1156 26.270157262425297
1157 26.270157262425297
1158 26.270157262425297
1159 26.270157262425297
1160 26.270157262425297
1161 26.270157262425297
1162 26.270157262425297
1163 26.270157262425297
1164 26.270157262425297
1165 26.270157262425297
1166 26.270157262425297
1167 26.270157262425297
1168 26.270157262425297
1169 26.270157262425297
1170 26.270157262425297
1171 26.270157262425297
1172 26.270157262425297
1173 26.270157262425297
1174 26.270157262425297
1175 26.270157262425297
1176 26.270157262425297
1177 26.270157262425297
1178 26.270157262425297
1179 26.270157262425297
1180 26.270157262425297
1181 26.270157262425297
1182 26.270157262425297
1183 26.270157262425297
1184 26.270157262425297
1185 26.270157262425297
1186 26.270157262425297
1187 26.270157262425297
1188 26.270157262425297
1189 26.270157262425297
1190 26.270157262425297
1191 26.270157262425297
1192 26.270157262425297
1193 26.270157262425297
1194 26.270157262425297
1195 26.270157262425297
1196 26.270157262425297
1197 26.270157262425297
1198 26.270157262425297
1199 26.270157262425297
1200 26.270157262425297
1201 26.270157262425297
1202 26.270157262425297
1203 26.270157262425297
1204 26.270157262425297
1205 26.270157262425297
1206 26.270157262425297
1207 26.270157262425297
1208 26.270157262425297
1209 26.270157262425297
1210 26.270157262425297
1211 26.270157262425297
1212 26.270157262425297
1213 26.270157262425297
1214 26.270157262425297
1215 26.270157262425297
1216 26.270157262425297
1217 26.270157262425297
1218 26.270157262425297
1219 26.270157262425297
1220 26.270157262425297
1221 26.270157262425297
1222 26.270157262425297
1223 26.270157262425297
1224 26.270157262425297
1225 26.270157262425297
1226 26.270157262425297
1227 26.270157262425297
1228 26.270157262425297
1229 26.270157262425297
1230 26.270157262425297
1231 26.270157262425297
1232 26.270157262425297
1233 26.270157262425297
1234 26.270157262425297
1235 26.270157262425297
1236 26.270157262425297
1237 26.270157262425297
1238 26.270157262425297
1239 26.270157262425297
1240 26.270157262425297
1241 26.270157262425297
1242 26.270157262425297
1243 26.270157262425297
1244 26.270157262425297
1245 26.270157262425297
1246 26.270157262425297
1247 26.270157262425297
1248 26.270157262425297
1249 26.270157262425297
1250 26.270157262425297
1251 26.270157262425297
1252 26.270157262425297
1253 26.270157262425297
1254 26.270157262425297
1255 26.270157262425297
1256 26.270157262425297
1257 26.270157262425297
1258 26.270157262425297
1259 26.270157262425297
1260 26.270157262425297
1261 26.270157262425297
1262 26.270157262425297
1263 26.270157262425297
1264 26.270157262425297
1265 26.270157262425297
1266 26.270157262425297
1267 26.270157262425297
1268 26.270157262425297
1269 26.270157262425297
1270 26.270157262425297
1271 26.270157262425297
1272 26.270157262425297
1273 26.270157262425297
1274 26.270157262425297
1275 26.270157262425297
1276 26.270157262425297
1277 26.270157262425297
1278 26.270157262425297
1279 26.270157262425297
1280 26.270157262425297
1281 26.270157262425297
1282 26.270157262425297
1283 26.270157262425297
1284 26.270157262425297
1285 26.270157262425297
1286 26.270157262425297
1287 26.270157262425297
1288 26.270157262425297
1289 26.270157262425297
1290 26.270157262425297
1291 26.270157262425297
1292 26.270157262425297
1293 26.270157262425297
1294 26.270157262425297
1295 26.270157262425297
1296 26.270157262425297
1297 26.270157262425297
1298 26.270157262425297
1299 26.270157262425297
1300 26.270157262425297
1301 26.270157262425297
1302 26.270157262425297
1303 26.270157262425297
1304 26.270157262425297
1305 26.270157262425297
1306 26.270157262425297
1307 26.270157262425297
1308 26.270157262425297
1309 26.270157262425297
1310 26.270157262425297
1311 26.270157262425297
1312 26.270157262425297
1313 26.270157262425297
1314 26.270157262425297
1315 26.270157262425297
1316 26.270157262425297
1317 26.270157262425297
1318 26.270157262425297
1319 26.270157262425297
1320 26.270157262425297
1321 26.270157262425297
1322 26.270157262425297
1323 26.270157262425297
1324 26.270157262425297
1325 26.270157262425297
1326 26.270157262425297
1327 26.270157262425297
1328 26.270157262425297
1329 26.270157262425297
1330 26.270157262425297
1331 26.270157262425297
1332 26.270157262425297
1333 26.270157262425297
1334 26.270157262425297
1335 26.270157262425297
1336 26.270157262425297
1337 26.270157262425297
1338 26.270157262425297
1339 26.270157262425297
1340 26.270157262425297
1341 26.270157262425297
1342 26.270157262425297
1343 26.270157262425297
1344 26.270157262425297
1345 26.270157262425297
1346 26.270157262425297
1347 26.270157262425297
1348 26.270157262425297
1349 26.270157262425297
1350 26.270157262425297
1351 26.270157262425297
1352 26.270157262425297
1353 26.270157262425297
1354 26.270157262425297
1355 26.270157262425297
1356 26.270157262425297
1357 26.270157262425297
1358 26.270157262425297
1359 26.270157262425297
1360 26.270157262425297
1361 26.270157262425297
1362 26.270157262425297
1363 26.270157262425297
1364 26.270157262425297
1365 26.270157262425297
1366 26.270157262425297
1367 26.270157262425297
1368 26.270157262425297
1369 26.270157262425297
1370 26.270157262425297
1371 26.270157262425297
1372 26.270157262425297
1373 26.270157262425297
1374 26.270157262425297
1375 26.270157262425297
1376 26.270157262425297
1377 26.270157262425297
1378 26.270157262425297
1379 26.270157262425297
1380 26.270157262425297
1381 26.270157262425297
1382 26.270157262425297
1383 26.270157262425297
1384 26.270157262425297
1385 26.270157262425297
1386 26.270157262425297
1387 26.270157262425297
1388 26.270157262425297
1389 26.270157262425297
1390 26.270157262425297
1391 26.270157262425297
1392 26.270157262425297
1393 26.270157262425297
1394 26.270157262425297
1395 26.270157262425297
1396 26.270157262425297
1397 26.270157262425297
1398 26.270157262425297
1399 26.270157262425297
1400 26.270157262425297
1401 26.270157262425297
1402 26.270157262425297
1403 26.270157262425297
1404 26.270157262425297
1405 26.270157262425297
1406 26.270157262425297
1407 26.270157262425297
1408 26.270157262425297
1409 26.270157262425297
1410 26.270157262425297
1411 26.270157262425297
1412 26.270157262425297
1413 26.270157262425297
1414 26.270157262425297
1415 26.270157262425297
1416 26.270157262425297
1417 26.270157262425297
1418 26.270157262425297
1419 26.270157262425297
1420 26.270157262425297
1421 26.270157262425297
1422 26.270157262425297
1423 26.270157262425297
1424 26.270157262425297
1425 26.270157262425297
1426 26.270157262425297
1427 26.270157262425297
1428 26.270157262425297
1429 26.270157262425297
1430 26.270157262425297
1431 26.270157262425297
1432 26.270157262425297
1433 26.270157262425297
1434 26.270157262425297
1435 26.270157262425297
1436 26.270157262425297
1437 26.270157262425297
1438 26.270157262425297
1439 26.270157262425297
1440 26.270157262425297
1441 26.270157262425297
1442 26.270157262425297
1443 26.270157262425297
1444 26.270157262425297
1445 26.270157262425297
1446 26.270157262425297
1447 26.270157262425297
1448 26.270157262425297
1449 26.270157262425297
1450 26.270157262425297
1451 26.270157262425297
1452 26.270157262425297
1453 26.270157262425297
1454 26.270157262425297
1455 26.270157262425297
1456 26.270157262425297
1457 26.270157262425297
1458 26.270157262425297
1459 26.270157262425297
1460 26.270157262425297
1461 26.270157262425297
1462 26.270157262425297
1463 26.270157262425297
1464 26.270157262425297
1465 26.270157262425297
1466 26.270157262425297
1467 26.270157262425297
1468 26.270157262425297
1469 26.270157262425297
1470 26.270157262425297
1471 26.270157262425297
1472 26.270157262425297
1473 26.270157262425297
1474 26.270157262425297
1475 26.270157262425297
1476 26.270157262425297
1477 26.270157262425297
1478 26.270157262425297
1479 26.270157262425297
1480 26.270157262425297
1481 26.270157262425297
1482 26.270157262425297
1483 26.270157262425297
1484 26.270157262425297
1485 26.270157262425297
1486 26.270157262425297
1487 26.270157262425297
1488 26.270157262425297
1489 26.270157262425297
1490 26.270157262425297
1491 26.270157262425297
1492 26.270157262425297
1493 26.270157262425297
1494 26.270157262425297
1495 26.270157262425297
1496 26.270157262425297
1497 26.270157262425297
1498 26.270157262425297
1499 26.270157262425297
1500 26.270157262425297
1501 26.270157262425297
1502 26.270157262425297
1503 26.270157262425297
1504 26.270157262425297
1505 26.270157262425297
1506 26.270157262425297
1507 26.270157262425297
1508 26.270157262425297
1509 26.270157262425297
1510 26.270157262425297
1511 26.270157262425297
1512 26.270157262425297
1513 26.270157262425297
1514 26.270157262425297
1515 26.270157262425297
1516 26.270157262425297
1517 26.270157262425297
1518 26.270157262425297
1519 26.270157262425297
1520 26.270157262425297
1521 26.270157262425297
1522 26.270157262425297
1523 26.270157262425297
1524 26.270157262425297
1525 26.270157262425297
1526 26.270157262425297
1527 26.270157262425297
1528 26.270157262425297
1529 26.270157262425297
1530 26.270157262425297
1531 26.270157262425297
1532 26.270157262425297
1533 26.270157262425297
1534 26.270157262425297
1535 26.270157262425297
1536 26.270157262425297
1537 26.270157262425297
1538 26.270157262425297
1539 26.270157262425297
1540 26.270157262425297
1541 26.270157262425297
1542 26.270157262425297
1543 26.270157262425297
1544 26.270157262425297
1545 26.270157262425297
1546 26.270157262425297
1547 26.270157262425297
1548 26.270157262425297
1549 26.270157262425297
1550 26.270157262425297
1551 26.270157262425297
1552 26.270157262425297
1553 26.270157262425297
1554 26.270157262425297
1555 26.270157262425297
1556 26.270157262425297
1557 26.270157262425297
1558 26.270157262425297
1559 26.270157262425297
1560 26.270157262425297
1561 26.270157262425297
1562 26.270157262425297
1563 26.270157262425297
1564 26.270157262425297
1565 26.270157262425297
1566 26.270157262425297
1567 26.270157262425297
1568 26.270157262425297
1569 26.270157262425297
1570 26.270157262425297
1571 26.270157262425297
1572 26.270157262425297
1573 26.270157262425297
1574 26.270157262425297
1575 26.270157262425297
1576 26.270157262425297
1577 26.270157262425297
1578 26.270157262425297
1579 26.270157262425297
1580 26.270157262425297
1581 26.270157262425297
1582 26.270157262425297
1583 26.270157262425297
1584 26.270157262425297
1585 26.270157262425297
1586 26.270157262425297
1587 26.270157262425297
1588 26.270157262425297
1589 26.270157262425297
1590 26.270157262425297
1591 26.270157262425297
1592 26.270157262425297
1593 26.270157262425297
1594 26.270157262425297
1595 26.270157262425297
1596 26.270157262425297
1597 26.270157262425297
1598 26.270157262425297
1599 26.270157262425297
1600 26.270157262425297
1601 26.270157262425297
1602 26.270157262425297
1603 26.270157262425297
1604 26.270157262425297
1605 26.270157262425297
1606 26.270157262425297
1607 26.270157262425297
1608 26.270157262425297
1609 26.270157262425297
1610 26.270157262425297
1611 26.270157262425297
1612 26.270157262425297
1613 26.270157262425297
1614 26.270157262425297
1615 26.270157262425297
1616 26.270157262425297
1617 26.270157262425297
1618 26.270157262425297
1619 26.270157262425297
1620 26.270157262425297
1621 26.270157262425297
1622 26.270157262425297
1623 26.270157262425297
1624 26.270157262425297
1625 26.270157262425297
1626 26.270157262425297
1627 26.270157262425297
1628 26.270157262425297
1629 26.270157262425297
1630 26.270157262425297
1631 26.270157262425297
1632 26.270157262425297
1633 26.270157262425297
1634 26.270157262425297
1635 26.270157262425297
1636 26.270157262425297
1637 26.270157262425297
1638 26.270157262425297
1639 26.270157262425297
1640 26.270157262425297
1641 26.270157262425297
1642 26.270157262425297
1643 26.270157262425297
1644 26.270157262425297
1645 26.270157262425297
1646 26.270157262425297
1647 26.270157262425297
1648 26.270157262425297
1649 26.270157262425297
1650 26.270157262425297
1651 26.270157262425297
1652 26.270157262425297
1653 26.270157262425297
1654 26.270157262425297
1655 26.270157262425297
1656 26.270157262425297
1657 26.270157262425297
1658 26.270157262425297
1659 26.270157262425297
1660 26.270157262425297
1661 26.270157262425297
1662 26.270157262425297
1663 26.270157262425297
1664 26.270157262425297
1665 26.270157262425297
1666 26.270157262425297
1667 26.270157262425297
1668 26.270157262425297
1669 26.270157262425297
1670 26.270157262425297
1671 26.270157262425297
1672 26.270157262425297
1673 26.270157262425297
1674 26.270157262425297
1675 26.270157262425297
1676 26.270157262425297
1677 26.270157262425297
1678 26.270157262425297
1679 26.270157262425297
1680 26.270157262425297
1681 26.270157262425297
1682 26.270157262425297
1683 26.270157262425297
1684 26.270157262425297
1685 26.270157262425297
1686 26.270157262425297
1687 26.270157262425297
1688 26.270157262425297
1689 26.270157262425297
1690 26.270157262425297
1691 26.270157262425297
1692 26.270157262425297
1693 26.270157262425297
1694 26.270157262425297
1695 26.270157262425297
1696 26.270157262425297
1697 26.270157262425297
1698 26.270157262425297
1699 26.270157262425297
1700 26.270157262425297
1701 26.270157262425297
1702 26.270157262425297
1703 26.270157262425297
1704 26.270157262425297
1705 26.270157262425297
1706 26.270157262425297
1707 26.270157262425297
1708 26.270157262425297
1709 26.270157262425297
1710 26.270157262425297
1711 26.270157262425297
1712 26.270157262425297
1713 26.270157262425297
1714 26.270157262425297
1715 26.270157262425297
1716 26.270157262425297
1717 26.270157262425297
1718 26.270157262425297
1719 26.270157262425297
1720 26.270157262425297
1721 26.270157262425297
1722 26.270157262425297
1723 26.270157262425297
1724 26.270157262425297
1725 26.270157262425297
1726 26.270157262425297
1727 26.270157262425297
1728 26.270157262425297
1729 26.270157262425297
1730 26.270157262425297
1731 26.270157262425297
1732 26.270157262425297
1733 26.270157262425297
1734 26.270157262425297
1735 26.270157262425297
1736 26.270157262425297
1737 26.270157262425297
1738 26.270157262425297
1739 26.270157262425297
1740 26.270157262425297
1741 26.270157262425297
1742 26.270157262425297
1743 26.270157262425297
1744 26.270157262425297
1745 26.270157262425297
1746 26.270157262425297
1747 26.270157262425297
1748 26.270157262425297
1749 26.270157262425297
1750 26.270157262425297
1751 26.270157262425297
1752 26.270157262425297
1753 26.270157262425297
1754 26.270157262425297
1755 26.270157262425297
1756 26.270157262425297
1757 26.270157262425297
1758 26.270157262425297
1759 26.270157262425297
1760 26.270157262425297
1761 26.270157262425297
1762 26.270157262425297
1763 26.270157262425297
1764 26.270157262425297
1765 26.270157262425297
1766 26.270157262425297
1767 26.270157262425297
1768 26.270157262425297
1769 26.270157262425297
1770 26.270157262425297
1771 26.270157262425297
1772 26.270157262425297
1773 26.270157262425297
1774 26.270157262425297
1775 26.270157262425297
1776 26.270157262425297
1777 26.270157262425297
1778 26.270157262425297
1779 26.270157262425297
1780 26.270157262425297
1781 26.270157262425297
1782 26.270157262425297
1783 26.270157262425297
1784 26.270157262425297
1785 26.270157262425297
1786 26.270157262425297
1787 26.270157262425297
1788 26.270157262425297
1789 26.270157262425297
1790 26.270157262425297
1791 26.270157262425297
1792 26.270157262425297
1793 26.270157262425297
1794 26.270157262425297
1795 26.270157262425297
1796 26.270157262425297
1797 26.270157262425297
1798 26.270157262425297
1799 26.270157262425297
1800 26.270157262425297
1801 26.270157262425297
1802 26.270157262425297
1803 26.270157262425297
1804 26.270157262425297
1805 26.270157262425297
1806 26.270157262425297
1807 26.270157262425297
1808 26.270157262425297
1809 26.270157262425297
1810 26.270157262425297
1811 26.270157262425297
1812 26.270157262425297
1813 26.270157262425297
1814 26.270157262425297
1815 26.270157262425297
1816 26.270157262425297
1817 26.270157262425297
1818 26.270157262425297
1819 26.270157262425297
1820 26.270157262425297
1821 26.270157262425297
1822 26.270157262425297
1823 26.270157262425297
1824 26.270157262425297
1825 26.270157262425297
1826 26.270157262425297
1827 26.270157262425297
1828 26.270157262425297
1829 26.270157262425297
1830 26.270157262425297
1831 26.270157262425297
1832 26.270157262425297
1833 26.270157262425297
1834 26.270157262425297
1835 26.270157262425297
1836 26.270157262425297
1837 26.270157262425297
1838 26.270157262425297
1839 26.270157262425297
1840 26.270157262425297
1841 26.270157262425297
1842 26.270157262425297
1843 26.270157262425297
1844 26.270157262425297
1845 26.270157262425297
1846 26.270157262425297
1847 26.270157262425297
1848 26.270157262425297
1849 26.270157262425297
1850 26.270157262425297
1851 26.270157262425297
1852 26.270157262425297
1853 26.270157262425297
1854 26.270157262425297
1855 26.270157262425297
1856 26.270157262425297
1857 26.270157262425297
1858 26.270157262425297
1859 26.270157262425297
1860 26.270157262425297
1861 26.270157262425297
1862 26.270157262425297
1863 26.270157262425297
1864 26.270157262425297
1865 26.270157262425297
1866 26.270157262425297
1867 26.270157262425297
1868 26.270157262425297
1869 26.270157262425297
1870 26.270157262425297
1871 26.270157262425297
1872 26.270157262425297
1873 26.270157262425297
1874 26.270157262425297
1875 26.270157262425297
1876 26.270157262425297
1877 26.270157262425297
1878 26.270157262425297
1879 26.270157262425297
1880 26.270157262425297
1881 26.270157262425297
1882 26.270157262425297
1883 26.270157262425297
1884 26.270157262425297
1885 26.270157262425297
1886 26.270157262425297
1887 26.270157262425297
1888 26.270157262425297
1889 26.270157262425297
1890 26.270157262425297
1891 26.270157262425297
1892 26.270157262425297
1893 26.270157262425297
1894 26.270157262425297
1895 26.270157262425297
1896 26.270157262425297
1897 26.270157262425297
1898 26.270157262425297
1899 26.270157262425297
1900 26.270157262425297
1901 26.270157262425297
1902 26.270157262425297
1903 26.270157262425297
1904 26.270157262425297
1905 26.270157262425297
1906 26.270157262425297
1907 26.270157262425297
1908 26.270157262425297
1909 26.270157262425297
1910 26.270157262425297
1911 26.270157262425297
1912 26.270157262425297
1913 26.270157262425297
1914 26.270157262425297
1915 26.270157262425297
1916 26.270157262425297
1917 26.270157262425297
1918 26.270157262425297
1919 26.270157262425297
1920 26.270157262425297
1921 26.270157262425297
1922 26.270157262425297
1923 26.270157262425297
1924 26.270157262425297
1925 26.270157262425297
1926 26.270157262425297
1927 26.270157262425297
1928 26.270157262425297
1929 26.270157262425297
1930 26.270157262425297
1931 26.270157262425297
1932 26.270157262425297
1933 26.270157262425297
1934 26.270157262425297
1935 26.270157262425297
1936 26.270157262425297
1937 26.270157262425297
1938 26.270157262425297
1939 26.270157262425297
1940 26.270157262425297
1941 26.270157262425297
1942 26.270157262425297
1943 26.270157262425297
1944 26.270157262425297
1945 26.270157262425297
1946 26.270157262425297
1947 26.270157262425297
1948 26.270157262425297
1949 26.270157262425297
1950 26.270157262425297
1951 26.270157262425297
1952 26.270157262425297
1953 26.270157262425297
1954 26.270157262425297
1955 26.270157262425297
1956 26.270157262425297
1957 26.270157262425297
1958 26.270157262425297
1959 26.270157262425297
1960 26.270157262425297
1961 26.270157262425297
1962 26.270157262425297
1963 26.270157262425297
1964 26.270157262425297
1965 26.270157262425297
1966 26.270157262425297
1967 26.270157262425297
1968 26.270157262425297
1969 26.270157262425297
1970 26.270157262425297
1971 26.270157262425297
1972 26.270157262425297
1973 26.270157262425297
1974 26.270157262425297
1975 26.270157262425297
1976 26.270157262425297
1977 26.270157262425297
1978 26.270157262425297
1979 26.270157262425297
1980 26.270157262425297
1981 26.270157262425297
1982 26.270157262425297
1983 26.270157262425297
1984 26.270157262425297
1985 26.270157262425297
1986 26.270157262425297
1987 26.270157262425297
1988 26.270157262425297
1989 26.270157262425297
1990 26.270157262425297
1991 26.270157262425297
1992 26.270157262425297
1993 26.270157262425297
1994 26.270157262425297
1995 26.270157262425297
1996 26.270157262425297
1997 26.270157262425297
1998 26.270157262425297
1999 26.270157262425297
2000 26.270157262425297
2001 26.270157262425297
2002 26.270157262425297
2003 26.270157262425297
2004 26.270157262425297
2005 26.270157262425297
2006 26.270157262425297
2007 26.270157262425297
2008 26.270157262425297
2009 26.270157262425297
2010 26.270157262425297
2011 26.270157262425297
2012 26.270157262425297
2013 26.270157262425297
2014 26.270157262425297
2015 26.270157262425297
2016 26.270157262425297
2017 26.270157262425297
2018 26.270157262425297
2019 26.270157262425297
2020 26.270157262425297
2021 26.270157262425297
2022 26.270157262425297
2023 26.270157262425297
2024 26.270157262425297
2025 26.270157262425297
2026 26.270157262425297
2027 26.270157262425297
2028 26.270157262425297
2029 26.270157262425297
2030 26.270157262425297
2031 26.270157262425297
2032 26.270157262425297
2033 26.270157262425297
2034 26.270157262425297
2035 26.270157262425297
2036 26.270157262425297
2037 26.270157262425297
2038 26.270157262425297
2039 26.270157262425297
2040 26.270157262425297
2041 26.270157262425297
2042 26.270157262425297
2043 26.270157262425297
2044 26.270157262425297
2045 26.270157262425297
2046 26.270157262425297
2047 26.270157262425297
2048 26.270157262425297
2049 26.270157262425297
2050 26.270157262425297
2051 26.270157262425297
2052 26.270157262425297
2053 26.270157262425297
2054 26.270157262425297
2055 26.270157262425297
2056 26.270157262425297
2057 26.270157262425297
2058 26.270157262425297
2059 26.270157262425297
2060 26.270157262425297
2061 26.270157262425297
2062 26.270157262425297
2063 26.270157262425297
2064 26.270157262425297
2065 26.270157262425297
2066 26.270157262425297
2067 26.270157262425297
2068 26.270157262425297
2069 26.270157262425297
2070 26.270157262425297
2071 26.270157262425297
2072 26.270157262425297
2073 26.270157262425297
2074 26.270157262425297
2075 26.270157262425297
2076 26.270157262425297
2077 26.270157262425297
2078 26.270157262425297
2079 26.270157262425297
2080 26.270157262425297
2081 26.270157262425297
2082 26.270157262425297
2083 26.270157262425297
2084 26.270157262425297
2085 26.270157262425297
2086 26.270157262425297
2087 26.270157262425297
2088 26.270157262425297
2089 26.270157262425297
2090 26.270157262425297
2091 26.270157262425297
2092 26.270157262425297
2093 26.270157262425297
2094 26.270157262425297
2095 26.270157262425297
2096 26.270157262425297
2097 26.270157262425297
2098 26.270157262425297
2099 26.270157262425297
2100 26.270157262425297
2101 26.270157262425297
2102 26.270157262425297
2103 26.270157262425297
2104 26.270157262425297
2105 26.270157262425297
2106 26.270157262425297
2107 26.270157262425297
2108 26.270157262425297
2109 26.270157262425297
2110 26.270157262425297
2111 26.270157262425297
2112 26.270157262425297
2113 26.270157262425297
2114 26.270157262425297
2115 26.270157262425297
2116 26.270157262425297
2117 26.270157262425297
2118 26.270157262425297
2119 26.270157262425297
2120 26.270157262425297
2121 26.270157262425297
2122 26.270157262425297
2123 26.270157262425297
2124 26.270157262425297
2125 26.270157262425297
2126 26.270157262425297
2127 26.270157262425297
2128 26.270157262425297
2129 26.270157262425297
2130 26.270157262425297
2131 26.270157262425297
2132 26.270157262425297
2133 26.270157262425297
2134 26.270157262425297
2135 26.270157262425297
2136 26.270157262425297
2137 26.270157262425297
2138 26.270157262425297
2139 26.270157262425297
2140 26.270157262425297
2141 26.270157262425297
2142 26.270157262425297
2143 26.270157262425297
2144 26.270157262425297
2145 26.270157262425297
2146 26.270157262425297
2147 26.270157262425297
2148 26.270157262425297
2149 26.270157262425297
2150 26.270157262425297
2151 26.270157262425297
2152 26.270157262425297
2153 26.270157262425297
2154 26.270157262425297
2155 26.270157262425297
2156 26.270157262425297
2157 26.270157262425297
2158 26.270157262425297
2159 26.270157262425297
2160 26.270157262425297
2161 26.270157262425297
2162 26.270157262425297
2163 26.270157262425297
2164 26.270157262425297
2165 26.270157262425297
2166 26.270157262425297
2167 26.270157262425297
2168 26.270157262425297
2169 26.270157262425297
2170 26.270157262425297
2171 26.270157262425297
2172 26.270157262425297
2173 26.270157262425297
2174 26.270157262425297
2175 26.270157262425297
2176 26.270157262425297
2177 26.270157262425297
2178 26.270157262425297
2179 26.270157262425297
2180 26.270157262425297
2181 26.270157262425297
2182 26.270157262425297
2183 26.270157262425297
2184 26.270157262425297
2185 26.270157262425297
2186 26.270157262425297
2187 26.270157262425297
2188 26.270157262425297
2189 26.270157262425297
2190 26.270157262425297
2191 26.270157262425297
2192 26.270157262425297
2193 26.270157262425297
2194 26.270157262425297
2195 26.270157262425297
2196 26.270157262425297
2197 26.270157262425297
2198 26.270157262425297
2199 26.270157262425297
2200 26.270157262425297
2201 26.270157262425297
2202 26.270157262425297
2203 26.270157262425297
2204 26.270157262425297
2205 26.270157262425297
2206 26.270157262425297
2207 26.270157262425297
2208 26.270157262425297
2209 26.270157262425297
2210 26.270157262425297
2211 26.270157262425297
2212 26.270157262425297
2213 26.270157262425297
2214 26.270157262425297
2215 26.270157262425297
2216 26.270157262425297
2217 26.270157262425297
2218 26.270157262425297
2219 26.270157262425297
2220 26.270157262425297
2221 26.270157262425297
2222 26.270157262425297
2223 26.270157262425297
2224 26.270157262425297
2225 26.270157262425297
2226 26.270157262425297
2227 26.270157262425297
2228 26.270157262425297
2229 26.270157262425297
2230 26.270157262425297
2231 26.270157262425297
2232 26.270157262425297
2233 26.270157262425297
2234 26.270157262425297
2235 26.270157262425297
2236 26.270157262425297
2237 26.270157262425297
2238 26.270157262425297
2239 26.270157262425297
2240 26.270157262425297
2241 26.270157262425297
2242 26.270157262425297
2243 26.270157262425297
2244 26.270157262425297
2245 26.270157262425297
2246 26.270157262425297
2247 26.270157262425297
2248 26.270157262425297
2249 26.270157262425297
2250 26.270157262425297
2251 26.270157262425297
2252 26.270157262425297
2253 26.270157262425297
2254 26.270157262425297
2255 26.270157262425297
2256 26.270157262425297
2257 26.270157262425297
2258 26.270157262425297
2259 26.270157262425297
2260 26.270157262425297
2261 26.270157262425297
2262 26.270157262425297
2263 26.270157262425297
2264 26.270157262425297
2265 26.270157262425297
2266 26.270157262425297
2267 26.270157262425297
2268 26.270157262425297
2269 26.270157262425297
2270 26.270157262425297
2271 26.270157262425297
2272 26.270157262425297
2273 26.270157262425297
2274 26.270157262425297
2275 26.270157262425297
2276 26.270157262425297
2277 26.270157262425297
2278 26.270157262425297
2279 26.270157262425297
2280 26.270157262425297
2281 26.270157262425297
2282 26.270157262425297
2283 26.270157262425297
2284 26.270157262425297
2285 26.270157262425297
2286 26.270157262425297
2287 26.270157262425297
2288 26.270157262425297
2289 26.270157262425297
2290 26.270157262425297
2291 26.270157262425297
2292 26.270157262425297
2293 26.270157262425297
2294 26.270157262425297
2295 26.270157262425297
2296 26.270157262425297
2297 26.270157262425297
2298 26.270157262425297
2299 26.270157262425297
2300 26.270157262425297
2301 26.270157262425297
2302 26.270157262425297
2303 26.270157262425297
2304 26.270157262425297
2305 26.270157262425297
2306 26.270157262425297
2307 26.270157262425297
2308 26.270157262425297
2309 26.270157262425297
2310 26.270157262425297
2311 26.270157262425297
2312 26.270157262425297
2313 26.270157262425297
2314 26.270157262425297
2315 26.270157262425297
2316 26.270157262425297
2317 26.270157262425297
2318 26.270157262425297
2319 26.270157262425297
2320 26.270157262425297
2321 26.270157262425297
2322 26.270157262425297
2323 26.270157262425297
2324 26.270157262425297
2325 26.270157262425297
2326 26.270157262425297
2327 26.270157262425297
2328 26.270157262425297
2329 26.270157262425297
2330 26.270157262425297
2331 26.270157262425297
2332 26.270157262425297
2333 26.270157262425297
2334 26.270157262425297
2335 26.270157262425297
2336 26.270157262425297
2337 26.270157262425297
2338 26.270157262425297
2339 26.270157262425297
2340 26.270157262425297
2341 26.270157262425297
2342 26.270157262425297
2343 26.270157262425297
2344 26.270157262425297
2345 26.270157262425297
2346 26.270157262425297
2347 26.270157262425297
2348 26.270157262425297
2349 26.270157262425297
2350 26.270157262425297
2351 26.270157262425297
2352 26.270157262425297
2353 26.270157262425297
2354 26.270157262425297
2355 26.270157262425297
2356 26.270157262425297
2357 26.270157262425297
2358 26.270157262425297
2359 26.270157262425297
2360 26.270157262425297
2361 26.270157262425297
2362 26.270157262425297
2363 26.270157262425297
2364 26.270157262425297
2365 26.270157262425297
2366 26.270157262425297
2367 26.270157262425297
2368 26.270157262425297
2369 26.270157262425297
2370 26.270157262425297
2371 26.270157262425297
2372 26.270157262425297
2373 26.270157262425297
2374 26.270157262425297
2375 26.270157262425297
2376 26.270157262425297
2377 26.270157262425297
2378 26.270157262425297
2379 26.270157262425297
2380 26.270157262425297
2381 26.270157262425297
2382 26.270157262425297
2383 26.270157262425297
2384 26.163287563659992
2385 26.163287563659992
2386 26.163287563659992
2387 26.163287563659992
2388 26.163287563659992
2389 26.163287563659992
2390 26.163287563659992
2391 26.163287563659992
2392 26.163287563659992
2393 26.163287563659992
2394 26.163287563659992
2395 26.163287563659992
2396 26.163287563659992
2397 26.163287563659992
2398 26.163287563659992
2399 26.163287563659992
2400 26.163287563659992
2401 26.163287563659992
2402 26.163287563659992
2403 26.163287563659992
2404 26.163287563659992
2405 26.163287563659992
2406 26.163287563659992
2407 26.163287563659992
2408 26.163287563659992
2409 26.163287563659992
2410 26.163287563659992
2411 26.163287563659992
2412 26.163287563659992
2413 26.163287563659992
2414 26.163287563659992
2415 26.163287563659992
2416 26.163287563659992
2417 26.163287563659992
2418 26.163287563659992
2419 26.163287563659992
2420 26.163287563659992
2421 26.163287563659992
2422 26.163287563659992
2423 26.163287563659992
2424 26.163287563659992
2425 26.163287563659992
2426 26.163287563659992
2427 26.163287563659992
2428 26.163287563659992
2429 26.163287563659992
2430 26.163287563659992
2431 26.163287563659992
2432 26.163287563659992
2433 26.163287563659992
2434 26.163287563659992
2435 26.163287563659992
2436 26.163287563659992
2437 26.163287563659992
2438 26.163287563659992
2439 26.163287563659992
2440 26.163287563659992
2441 26.163287563659992
2442 26.163287563659992
2443 26.163287563659992
2444 26.163287563659992
2445 26.163287563659992
2446 26.163287563659992
2447 26.163287563659992
2448 26.163287563659992
2449 26.163287563659992
2450 26.163287563659992
2451 26.163287563659992
2452 26.163287563659992
2453 26.163287563659992
2454 26.163287563659992
2455 26.163287563659992
2456 26.163287563659992
2457 26.163287563659992
2458 26.163287563659992
2459 26.163287563659992
2460 26.163287563659992
2461 26.163287563659992
2462 26.163287563659992
2463 26.163287563659992
2464 26.163287563659992
2465 26.163287563659992
2466 26.163287563659992
2467 26.163287563659992
2468 26.163287563659992
2469 26.163287563659992
2470 26.163287563659992
2471 26.163287563659992
2472 26.163287563659992
2473 26.163287563659992
2474 26.163287563659992
2475 26.163287563659992
2476 26.163287563659992
2477 26.163287563659992
2478 26.163287563659992
2479 26.163287563659992
2480 26.163287563659992
2481 26.163287563659992
2482 26.163287563659992
2483 26.163287563659992
2484 26.163287563659992
2485 26.163287563659992
2486 26.163287563659992
2487 26.163287563659992
2488 26.163287563659992
2489 26.163287563659992
2490 26.163287563659992
2491 26.163287563659992
2492 26.163287563659992
2493 26.163287563659992
2494 26.163287563659992
2495 26.163287563659992
2496 26.163287563659992
2497 26.163287563659992
2498 26.163287563659992
2499 26.163287563659992
2500 26.163287563659992
2501 26.163287563659992
2502 26.163287563659992
2503 26.163287563659992
2504 26.163287563659992
2505 26.163287563659992
2506 26.163287563659992
2507 26.163287563659992
2508 26.163287563659992
2509 26.163287563659992
2510 26.163287563659992
2511 26.163287563659992
2512 26.163287563659992
2513 26.163287563659992
2514 26.163287563659992
2515 26.163287563659992
2516 26.163287563659992
2517 26.163287563659992
2518 26.163287563659992
2519 26.163287563659992
2520 26.163287563659992
2521 26.163287563659992
2522 26.163287563659992
2523 26.163287563659992
2524 26.163287563659992
2525 26.163287563659992
2526 26.163287563659992
2527 26.163287563659992
2528 26.163287563659992
2529 26.163287563659992
2530 26.163287563659992
2531 26.163287563659992
2532 26.163287563659992
2533 26.163287563659992
2534 26.163287563659992
2535 26.163287563659992
2536 26.163287563659992
2537 26.163287563659992
2538 26.163287563659992
2539 26.163287563659992
2540 26.163287563659992
2541 26.163287563659992
2542 26.163287563659992
2543 26.163287563659992
2544 26.163287563659992
2545 26.163287563659992
2546 26.163287563659992
2547 26.163287563659992
2548 26.163287563659992
2549 26.163287563659992
2550 26.163287563659992
2551 26.163287563659992
2552 26.163287563659992
2553 26.163287563659992
2554 26.163287563659992
2555 26.163287563659992
2556 26.163287563659992
2557 26.163287563659992
2558 26.163287563659992
2559 26.163287563659992
2560 26.163287563659992
2561 26.163287563659992
2562 26.163287563659992
2563 26.163287563659992
2564 26.163287563659992
2565 26.163287563659992
2566 26.163287563659992
2567 26.163287563659992
2568 26.163287563659992
2569 26.163287563659992
2570 26.163287563659992
2571 26.163287563659992
2572 26.163287563659992
2573 26.163287563659992
2574 26.163287563659992
2575 26.163287563659992
2576 26.163287563659992
2577 26.163287563659992
2578 26.163287563659992
2579 26.163287563659992
2580 26.163287563659992
2581 26.163287563659992
2582 26.163287563659992
2583 26.163287563659992
2584 26.163287563659992
2585 26.163287563659992
2586 26.163287563659992
2587 26.163287563659992
2588 26.163287563659992
2589 26.163287563659992
2590 26.163287563659992
2591 26.163287563659992
2592 26.163287563659992
2593 26.163287563659992
2594 26.163287563659992
2595 26.163287563659992
2596 26.163287563659992
2597 26.163287563659992
2598 26.163287563659992
2599 26.163287563659992
2600 26.163287563659992
2601 26.163287563659992
2602 26.163287563659992
2603 26.163287563659992
2604 26.163287563659992
2605 26.163287563659992
2606 26.163287563659992
2607 26.163287563659992
2608 26.163287563659992
2609 26.163287563659992
2610 26.163287563659992
2611 26.163287563659992
2612 26.163287563659992
2613 26.163287563659992
2614 26.163287563659992
2615 26.163287563659992
2616 26.163287563659992
2617 26.163287563659992
2618 26.163287563659992
2619 26.163287563659992
2620 26.163287563659992
2621 26.163287563659992
2622 26.163287563659992
2623 26.163287563659992
2624 26.163287563659992
2625 26.163287563659992
2626 26.163287563659992
2627 26.163287563659992
2628 26.163287563659992
2629 26.163287563659992
2630 26.163287563659992
2631 26.163287563659992
2632 26.163287563659992
2633 26.163287563659992
2634 26.163287563659992
2635 26.163287563659992
2636 26.163287563659992
2637 26.163287563659992
2638 26.163287563659992
2639 26.163287563659992
2640 26.163287563659992
2641 26.163287563659992
2642 26.163287563659992
2643 26.163287563659992
2644 26.163287563659992
2645 26.163287563659992
2646 26.163287563659992
2647 26.163287563659992
2648 26.163287563659992
2649 26.163287563659992
2650 26.163287563659992
2651 26.163287563659992
2652 26.163287563659992
2653 26.163287563659992
2654 26.163287563659992
2655 26.163287563659992
2656 26.163287563659992
2657 26.163287563659992
2658 26.163287563659992
2659 26.163287563659992
2660 26.163287563659992
2661 26.163287563659992
2662 26.163287563659992
2663 26.163287563659992
2664 26.163287563659992
2665 26.163287563659992
2666 26.163287563659992
2667 26.163287563659992
2668 26.163287563659992
2669 26.163287563659992
2670 26.163287563659992
2671 26.163287563659992
2672 26.163287563659992
2673 26.163287563659992
2674 26.163287563659992
2675 26.163287563659992
2676 26.163287563659992
2677 26.163287563659992
2678 26.163287563659992
2679 26.163287563659992
2680 26.163287563659992
2681 26.163287563659992
2682 26.163287563659992
2683 26.163287563659992
2684 26.163287563659992
2685 26.163287563659992
2686 26.163287563659992
2687 26.163287563659992
2688 26.163287563659992
2689 26.163287563659992
2690 26.163287563659992
2691 26.163287563659992
2692 26.163287563659992
2693 26.163287563659992
2694 26.163287563659992
2695 26.163287563659992
2696 26.163287563659992
2697 26.163287563659992
2698 26.163287563659992
2699 26.163287563659992
2700 26.163287563659992
2701 26.163287563659992
2702 26.163287563659992
2703 26.163287563659992
2704 26.163287563659992
2705 26.163287563659992
2706 26.163287563659992
2707 26.163287563659992
2708 26.163287563659992
2709 26.163287563659992
2710 26.163287563659992
2711 26.163287563659992
2712 26.163287563659992
2713 26.163287563659992
2714 26.163287563659992
2715 26.163287563659992
2716 26.163287563659992
2717 26.163287563659992
2718 26.163287563659992
2719 26.163287563659992
2720 26.163287563659992
2721 26.163287563659992
2722 26.163287563659992
2723 26.163287563659992
2724 26.163287563659992
2725 26.163287563659992
2726 26.163287563659992
2727 26.163287563659992
2728 26.163287563659992
2729 26.163287563659992
2730 26.163287563659992
2731 26.163287563659992
2732 26.163287563659992
2733 26.163287563659992
2734 26.163287563659992
2735 26.163287563659992
2736 26.163287563659992
2737 26.163287563659992
2738 26.163287563659992
2739 26.163287563659992
2740 26.163287563659992
2741 26.163287563659992
2742 26.163287563659992
2743 26.163287563659992
2744 26.163287563659992
2745 26.163287563659992
2746 26.163287563659992
2747 26.163287563659992
2748 26.163287563659992
2749 26.163287563659992
2750 26.163287563659992
2751 26.163287563659992
2752 26.163287563659992
2753 26.163287563659992
2754 26.163287563659992
2755 26.163287563659992
2756 26.163287563659992
2757 26.163287563659992
2758 26.163287563659992
2759 26.163287563659992
2760 26.163287563659992
2761 26.163287563659992
2762 26.163287563659992
2763 26.163287563659992
2764 26.163287563659992
2765 26.163287563659992
2766 26.163287563659992
2767 26.163287563659992
2768 26.163287563659992
2769 26.163287563659992
2770 26.163287563659992
2771 26.163287563659992
2772 26.163287563659992
2773 26.163287563659992
2774 26.163287563659992
2775 26.163287563659992
2776 26.163287563659992
2777 26.163287563659992
2778 26.163287563659992
2779 26.163287563659992
2780 26.163287563659992
2781 26.163287563659992
2782 26.163287563659992
2783 26.163287563659992
2784 26.163287563659992
2785 26.163287563659992
2786 26.163287563659992
2787 26.163287563659992
2788 26.163287563659992
2789 26.163287563659992
2790 26.163287563659992
2791 26.163287563659992
2792 26.163287563659992
2793 26.163287563659992
2794 26.163287563659992
2795 26.163287563659992
2796 26.163287563659992
2797 26.163287563659992
2798 26.163287563659992
2799 26.163287563659992
2800 26.163287563659992
2801 26.163287563659992
2802 26.163287563659992
2803 26.163287563659992
2804 26.163287563659992
2805 26.163287563659992
2806 26.163287563659992
2807 26.163287563659992
2808 26.163287563659992
2809 26.163287563659992
2810 26.163287563659992
2811 26.163287563659992
2812 26.163287563659992
2813 26.163287563659992
2814 26.163287563659992
2815 26.163287563659992
2816 26.163287563659992
2817 26.163287563659992
2818 26.163287563659992
2819 26.163287563659992
2820 26.163287563659992
2821 26.163287563659992
2822 26.163287563659992
2823 26.163287563659992
2824 26.163287563659992
2825 26.163287563659992
2826 26.163287563659992
2827 26.163287563659992
2828 26.163287563659992
2829 26.163287563659992
2830 26.163287563659992
2831 26.163287563659992
2832 26.163287563659992
2833 26.163287563659992
2834 26.163287563659992
2835 26.163287563659992
2836 26.163287563659992
2837 26.163287563659992
2838 26.163287563659992
2839 26.163287563659992
2840 26.163287563659992
2841 26.163287563659992
2842 26.163287563659992
2843 26.163287563659992
2844 26.163287563659992
2845 26.163287563659992
2846 26.163287563659992
2847 26.163287563659992
2848 26.163287563659992
2849 26.163287563659992
2850 26.163287563659992
2851 26.163287563659992
2852 26.163287563659992
2853 26.163287563659992
2854 26.163287563659992
2855 26.163287563659992
2856 26.163287563659992
2857 26.163287563659992
2858 26.163287563659992
2859 26.163287563659992
2860 26.163287563659992
2861 26.163287563659992
2862 26.163287563659992
2863 26.163287563659992
2864 26.163287563659992
2865 26.163287563659992
2866 26.163287563659992
2867 26.163287563659992
2868 26.163287563659992
2869 26.163287563659992
2870 26.163287563659992
2871 26.163287563659992
2872 26.163287563659992
2873 26.163287563659992
2874 26.163287563659992
2875 26.163287563659992
2876 26.163287563659992
2877 26.163287563659992
2878 26.163287563659992
2879 26.163287563659992
2880 26.163287563659992
2881 26.163287563659992
2882 26.163287563659992
2883 26.163287563659992
2884 26.163287563659992
2885 26.163287563659992
2886 26.163287563659992
2887 26.163287563659992
2888 26.163287563659992
2889 26.163287563659992
2890 26.163287563659992
2891 26.163287563659992
2892 26.163287563659992
2893 26.163287563659992
2894 26.163287563659992
2895 26.163287563659992
2896 26.163287563659992
2897 26.163287563659992
2898 26.163287563659992
2899 26.163287563659992
2900 26.163287563659992
2901 26.163287563659992
2902 26.163287563659992
2903 26.163287563659992
2904 26.163287563659992
2905 26.163287563659992
2906 26.163287563659992
2907 26.163287563659992
2908 26.163287563659992
2909 26.163287563659992
2910 26.163287563659992
2911 26.163287563659992
2912 26.163287563659992
2913 26.163287563659992
2914 26.163287563659992
2915 26.163287563659992
2916 26.163287563659992
2917 26.163287563659992
2918 26.163287563659992
2919 26.163287563659992
2920 26.163287563659992
2921 26.163287563659992
2922 26.163287563659992
2923 26.163287563659992
2924 26.163287563659992
2925 26.163287563659992
2926 26.163287563659992
2927 26.163287563659992
2928 26.163287563659992
2929 26.163287563659992
2930 26.163287563659992
2931 26.163287563659992
2932 26.163287563659992
2933 26.163287563659992
2934 26.163287563659992
2935 26.163287563659992
2936 26.163287563659992
2937 26.163287563659992
2938 26.163287563659992
2939 26.163287563659992
2940 26.163287563659992
2941 26.163287563659992
2942 26.163287563659992
2943 26.163287563659992
2944 26.163287563659992
2945 26.163287563659992
2946 26.163287563659992
2947 26.163287563659992
2948 26.163287563659992
2949 26.163287563659992
2950 26.163287563659992
2951 26.163287563659992
2952 26.163287563659992
2953 26.163287563659992
2954 26.163287563659992
2955 26.163287563659992
2956 26.163287563659992
2957 26.163287563659992
2958 26.163287563659992
2959 26.163287563659992
2960 26.163287563659992
2961 26.163287563659992
2962 26.163287563659992
2963 26.163287563659992
2964 26.163287563659992
2965 26.163287563659992
2966 26.163287563659992
2967 26.163287563659992
2968 26.163287563659992
2969 26.163287563659992
2970 26.163287563659992
2971 26.163287563659992
2972 26.163287563659992
2973 26.163287563659992
2974 26.163287563659992
2975 26.163287563659992
2976 26.163287563659992
2977 26.163287563659992
2978 26.163287563659992
2979 26.163287563659992
2980 26.163287563659992
2981 26.163287563659992
2982 26.163287563659992
2983 26.163287563659992
2984 26.163287563659992
2985 26.163287563659992
2986 26.163287563659992
2987 26.163287563659992
2988 26.163287563659992
2989 26.163287563659992
2990 26.163287563659992
2991 26.163287563659992
2992 26.163287563659992
2993 26.163287563659992
2994 26.163287563659992
2995 26.163287563659992
2996 26.163287563659992
2997 26.163287563659992
2998 26.163287563659992
2999 26.163287563659992
3000 26.163287563659992
3001 26.163287563659992
3002 26.163287563659992
3003 26.163287563659992
3004 26.163287563659992
3005 26.163287563659992
3006 26.163287563659992
3007 26.163287563659992
3008 26.163287563659992
3009 26.163287563659992
3010 26.163287563659992
3011 26.163287563659992
3012 26.163287563659992
3013 26.163287563659992
3014 26.163287563659992
3015 26.163287563659992
3016 26.163287563659992
3017 26.163287563659992
3018 26.163287563659992
3019 26.163287563659992
3020 26.163287563659992
3021 26.163287563659992
3022 26.163287563659992
3023 26.163287563659992
3024 26.163287563659992
3025 26.163287563659992
3026 26.163287563659992
3027 26.163287563659992
3028 26.163287563659992
3029 26.163287563659992
3030 26.163287563659992
3031 26.163287563659992
3032 26.163287563659992
3033 26.163287563659992
3034 26.163287563659992
3035 26.163287563659992
3036 26.163287563659992
3037 26.163287563659992
3038 26.163287563659992
3039 26.163287563659992
3040 26.163287563659992
3041 26.163287563659992
3042 26.163287563659992
3043 26.163287563659992
3044 26.163287563659992
3045 26.163287563659992
3046 26.163287563659992
3047 26.163287563659992
3048 26.163287563659992
3049 26.163287563659992
3050 26.163287563659992
3051 26.163287563659992
3052 26.163287563659992
3053 26.163287563659992
3054 26.163287563659992
3055 26.163287563659992
3056 26.163287563659992
3057 26.163287563659992
3058 26.163287563659992
3059 26.163287563659992
3060 26.163287563659992
3061 26.163287563659992
3062 26.163287563659992
3063 26.163287563659992
3064 26.163287563659992
3065 26.163287563659992
3066 26.163287563659992
3067 26.163287563659992
3068 26.163287563659992
3069 26.163287563659992
3070 26.163287563659992
3071 26.163287563659992
3072 26.163287563659992
3073 26.163287563659992
3074 26.163287563659992
3075 26.163287563659992
3076 26.163287563659992
3077 26.163287563659992
3078 26.163287563659992
3079 26.163287563659992
3080 26.163287563659992
3081 26.163287563659992
3082 26.163287563659992
3083 26.163287563659992
3084 26.163287563659992
3085 26.163287563659992
3086 26.163287563659992
3087 26.163287563659992
3088 26.163287563659992
3089 26.163287563659992
3090 26.163287563659992
3091 26.163287563659992
3092 26.163287563659992
3093 26.163287563659992
3094 26.163287563659992
3095 26.163287563659992
3096 26.163287563659992
3097 26.163287563659992
3098 26.163287563659992
3099 26.163287563659992
3100 26.163287563659992
3101 26.163287563659992
3102 26.163287563659992
3103 26.163287563659992
3104 26.163287563659992
3105 26.163287563659992
3106 26.163287563659992
3107 26.163287563659992
3108 26.163287563659992
3109 26.163287563659992
3110 26.163287563659992
3111 26.163287563659992
3112 26.163287563659992
3113 26.163287563659992
3114 26.163287563659992
3115 26.163287563659992
3116 26.163287563659992
3117 26.163287563659992
3118 26.163287563659992
3119 26.163287563659992
3120 26.163287563659992
3121 26.163287563659992
3122 26.163287563659992
3123 26.163287563659992
3124 26.163287563659992
3125 26.163287563659992
3126 26.163287563659992
3127 26.163287563659992
3128 26.163287563659992
3129 26.163287563659992
3130 26.163287563659992
3131 26.163287563659992
3132 26.163287563659992
3133 26.163287563659992
3134 26.163287563659992
3135 26.163287563659992
3136 26.163287563659992
3137 26.163287563659992
3138 26.163287563659992
3139 26.163287563659992
3140 26.163287563659992
3141 26.163287563659992
3142 26.163287563659992
3143 26.163287563659992
3144 26.163287563659992
3145 26.163287563659992
3146 26.163287563659992
3147 26.163287563659992
3148 26.163287563659992
3149 26.163287563659992
3150 26.163287563659992
3151 26.163287563659992
3152 26.163287563659992
3153 26.163287563659992
3154 26.163287563659992
3155 26.163287563659992
3156 26.163287563659992
3157 26.163287563659992
3158 26.163287563659992
3159 26.163287563659992
3160 26.163287563659992
3161 26.163287563659992
3162 26.163287563659992
3163 26.163287563659992
3164 26.163287563659992
3165 26.163287563659992
3166 26.163287563659992
3167 26.163287563659992
3168 26.163287563659992
3169 26.163287563659992
3170 26.163287563659992
3171 26.163287563659992
3172 26.163287563659992
3173 26.163287563659992
3174 26.163287563659992
3175 26.163287563659992
3176 26.163287563659992
3177 26.163287563659992
3178 26.163287563659992
3179 26.163287563659992
3180 26.163287563659992
3181 26.163287563659992
3182 26.163287563659992
3183 26.163287563659992
3184 26.163287563659992
3185 26.163287563659992
3186 26.163287563659992
3187 26.163287563659992
3188 26.163287563659992
3189 26.163287563659992
3190 26.163287563659992
3191 26.163287563659992
3192 26.163287563659992
3193 26.163287563659992
3194 26.163287563659992
3195 26.163287563659992
3196 26.163287563659992
3197 26.163287563659992
3198 26.163287563659992
3199 26.163287563659992
3200 26.163287563659992
3201 26.163287563659992
3202 26.163287563659992
3203 26.163287563659992
3204 26.163287563659992
3205 26.163287563659992
3206 26.163287563659992
3207 26.163287563659992
3208 26.163287563659992
3209 26.163287563659992
3210 26.163287563659992
3211 26.163287563659992
3212 26.163287563659992
3213 26.163287563659992
3214 26.163287563659992
3215 26.163287563659992
3216 26.163287563659992
3217 26.163287563659992
3218 26.163287563659992
3219 26.163287563659992
3220 26.163287563659992
3221 26.163287563659992
3222 26.163287563659992
3223 26.163287563659992
3224 26.163287563659992
3225 26.163287563659992
3226 26.163287563659992
3227 26.163287563659992
3228 26.163287563659992
3229 26.163287563659992
3230 26.163287563659992
3231 26.163287563659992
3232 26.163287563659992
3233 26.163287563659992
3234 26.163287563659992
3235 26.163287563659992
3236 26.163287563659992
3237 26.163287563659992
3238 26.163287563659992
3239 26.163287563659992
3240 26.163287563659992
3241 26.163287563659992
3242 26.163287563659992
3243 26.163287563659992
3244 26.163287563659992
3245 26.163287563659992
3246 26.163287563659992
3247 26.163287563659992
3248 26.163287563659992
3249 26.163287563659992
3250 26.163287563659992
3251 26.163287563659992
3252 26.163287563659992
3253 26.163287563659992
3254 26.163287563659992
3255 26.163287563659992
3256 26.163287563659992
3257 26.163287563659992
3258 26.163287563659992
3259 26.163287563659992
3260 26.163287563659992
3261 26.163287563659992
3262 26.163287563659992
3263 26.163287563659992
3264 26.163287563659992
3265 26.163287563659992
3266 26.163287563659992
3267 26.163287563659992
3268 26.163287563659992
3269 26.163287563659992
3270 26.163287563659992
3271 26.163287563659992
3272 26.163287563659992
3273 26.163287563659992
3274 26.163287563659992
3275 26.163287563659992
3276 26.163287563659992
3277 26.163287563659992
3278 26.163287563659992
3279 26.163287563659992
3280 26.163287563659992
3281 26.163287563659992
3282 26.163287563659992
3283 26.163287563659992
3284 26.163287563659992
3285 26.163287563659992
3286 26.163287563659992
3287 26.163287563659992
3288 26.163287563659992
3289 26.163287563659992
3290 26.163287563659992
3291 26.163287563659992
3292 26.163287563659992
3293 26.163287563659992
3294 26.163287563659992
3295 26.163287563659992
3296 26.163287563659992
3297 26.163287563659992
3298 26.163287563659992
3299 26.163287563659992
3300 26.163287563659992
3301 26.163287563659992
3302 26.163287563659992
3303 26.163287563659992
3304 26.163287563659992
3305 26.163287563659992
3306 26.163287563659992
3307 26.163287563659992
3308 26.163287563659992
3309 26.163287563659992
3310 26.163287563659992
3311 26.163287563659992
3312 26.163287563659992
3313 26.163287563659992
3314 26.163287563659992
3315 26.163287563659992
3316 26.163287563659992
3317 26.163287563659992
3318 26.163287563659992
3319 26.163287563659992
3320 26.163287563659992
3321 26.163287563659992
3322 26.163287563659992
3323 26.163287563659992
3324 26.163287563659992
3325 26.163287563659992
3326 26.163287563659992
3327 26.163287563659992
3328 26.163287563659992
3329 26.163287563659992
3330 26.163287563659992
3331 26.163287563659992
3332 26.163287563659992
3333 26.163287563659992
3334 26.163287563659992
3335 26.163287563659992
3336 26.163287563659992
3337 26.163287563659992
3338 26.163287563659992
3339 26.163287563659992
3340 26.163287563659992
3341 26.163287563659992
3342 26.163287563659992
3343 26.163287563659992
3344 26.163287563659992
3345 26.163287563659992
3346 26.163287563659992
3347 26.163287563659992
3348 26.163287563659992
3349 26.163287563659992
3350 26.163287563659992
3351 26.163287563659992
3352 26.163287563659992
3353 26.163287563659992
3354 26.163287563659992
3355 26.163287563659992
3356 26.163287563659992
3357 26.163287563659992
3358 26.163287563659992
3359 26.163287563659992
3360 26.163287563659992
3361 26.163287563659992
3362 26.163287563659992
3363 26.163287563659992
3364 26.163287563659992
3365 26.163287563659992
3366 26.163287563659992
3367 26.163287563659992
3368 26.163287563659992
3369 26.163287563659992
3370 26.163287563659992
3371 26.163287563659992
3372 26.163287563659992
3373 26.163287563659992
3374 26.163287563659992
3375 26.163287563659992
3376 26.163287563659992
3377 26.163287563659992
3378 26.163287563659992
3379 26.163287563659992
3380 26.163287563659992
3381 26.163287563659992
3382 26.163287563659992
3383 26.163287563659992
3384 26.163287563659992
3385 26.163287563659992
3386 26.163287563659992
3387 26.163287563659992
3388 26.163287563659992
3389 26.163287563659992
3390 26.163287563659992
3391 26.163287563659992
3392 26.163287563659992
3393 26.163287563659992
3394 26.163287563659992
3395 26.163287563659992
3396 26.163287563659992
3397 26.163287563659992
3398 26.163287563659992
3399 26.163287563659992
3400 26.163287563659992
3401 26.163287563659992
3402 26.163287563659992
3403 26.163287563659992
3404 26.163287563659992
3405 26.163287563659992
3406 26.163287563659992
3407 26.163287563659992
3408 26.163287563659992
3409 26.163287563659992
3410 26.163287563659992
3411 26.163287563659992
3412 26.163287563659992
3413 26.163287563659992
3414 26.163287563659992
3415 26.163287563659992
3416 26.163287563659992
3417 26.163287563659992
3418 26.163287563659992
3419 26.163287563659992
3420 26.163287563659992
3421 26.163287563659992
3422 26.163287563659992
3423 26.163287563659992
3424 26.163287563659992
3425 26.163287563659992
3426 26.163287563659992
3427 26.163287563659992
3428 26.163287563659992
3429 26.163287563659992
3430 26.163287563659992
3431 26.163287563659992
3432 26.163287563659992
3433 26.163287563659992
3434 26.163287563659992
3435 26.163287563659992
3436 26.163287563659992
3437 26.163287563659992
3438 26.163287563659992
3439 26.163287563659992
3440 26.163287563659992
3441 26.163287563659992
3442 26.163287563659992
3443 26.163287563659992
3444 26.163287563659992
3445 26.163287563659992
3446 26.163287563659992
3447 26.163287563659992
3448 26.163287563659992
3449 26.163287563659992
3450 26.163287563659992
3451 26.163287563659992
3452 26.163287563659992
3453 26.163287563659992
3454 26.163287563659992
3455 26.163287563659992
3456 26.163287563659992
3457 26.163287563659992
3458 26.163287563659992
3459 26.163287563659992
3460 26.163287563659992
3461 26.163287563659992
3462 26.163287563659992
3463 26.163287563659992
3464 26.163287563659992
3465 26.163287563659992
3466 26.163287563659992
3467 26.163287563659992
3468 26.163287563659992
3469 26.163287563659992
3470 26.163287563659992
3471 26.163287563659992
3472 26.163287563659992
3473 26.163287563659992
3474 26.163287563659992
3475 26.163287563659992
3476 26.163287563659992
3477 26.163287563659992
3478 26.163287563659992
3479 26.163287563659992
3480 26.163287563659992
3481 26.163287563659992
3482 26.163287563659992
3483 26.163287563659992
3484 26.163287563659992
3485 26.163287563659992
3486 26.163287563659992
3487 26.163287563659992
3488 26.163287563659992
3489 26.163287563659992
3490 26.163287563659992
3491 26.163287563659992
3492 26.163287563659992
3493 26.163287563659992
3494 26.163287563659992
3495 26.163287563659992
3496 26.163287563659992
3497 26.163287563659992
3498 26.163287563659992
3499 26.163287563659992
3500 26.163287563659992
3501 26.163287563659992
3502 26.163287563659992
3503 26.163287563659992
3504 26.163287563659992
3505 26.163287563659992
3506 26.163287563659992
3507 26.163287563659992
3508 26.163287563659992
3509 26.163287563659992
3510 26.163287563659992
3511 26.163287563659992
3512 26.163287563659992
3513 26.163287563659992
3514 26.163287563659992
3515 26.163287563659992
3516 26.163287563659992
3517 26.163287563659992
3518 26.163287563659992
3519 26.163287563659992
3520 26.163287563659992
3521 26.163287563659992
3522 26.163287563659992
3523 26.163287563659992
3524 26.163287563659992
3525 26.163287563659992
3526 26.163287563659992
3527 26.163287563659992
3528 26.163287563659992
3529 26.163287563659992
3530 26.163287563659992
3531 26.163287563659992
3532 26.163287563659992
3533 26.163287563659992
3534 26.163287563659992
3535 26.163287563659992
3536 26.163287563659992
3537 26.163287563659992
3538 26.163287563659992
3539 26.163287563659992
3540 26.163287563659992
3541 26.163287563659992
3542 26.163287563659992
3543 26.163287563659992
3544 26.163287563659992
3545 26.163287563659992
3546 26.163287563659992
3547 26.163287563659992
3548 26.163287563659992
3549 26.163287563659992
3550 26.163287563659992
3551 26.163287563659992
3552 26.163287563659992
3553 26.163287563659992
3554 26.163287563659992
3555 26.163287563659992
3556 26.163287563659992
3557 26.163287563659992
3558 26.163287563659992
3559 26.163287563659992
3560 26.163287563659992
3561 26.163287563659992
3562 26.163287563659992
3563 26.163287563659992
3564 26.163287563659992
3565 26.163287563659992
3566 26.163287563659992
3567 26.163287563659992
3568 26.163287563659992
3569 26.163287563659992
3570 26.163287563659992
3571 26.163287563659992
3572 26.163287563659992
3573 26.163287563659992
3574 26.163287563659992
3575 26.163287563659992
3576 26.163287563659992
3577 26.163287563659992
3578 26.163287563659992
3579 26.163287563659992
3580 26.163287563659992
3581 26.163287563659992
3582 26.163287563659992
3583 26.163287563659992
3584 26.163287563659992
3585 26.163287563659992
3586 26.163287563659992
3587 26.163287563659992
3588 26.163287563659992
3589 26.163287563659992
3590 26.163287563659992
3591 26.163287563659992
3592 26.163287563659992
3593 26.163287563659992
3594 26.163287563659992
3595 26.163287563659992
3596 26.163287563659992
3597 26.163287563659992
3598 26.163287563659992
3599 26.163287563659992
3600 26.163287563659992
3601 26.163287563659992
3602 26.163287563659992
3603 26.163287563659992
3604 26.163287563659992
3605 26.163287563659992
3606 26.163287563659992
3607 26.163287563659992
3608 26.163287563659992
3609 26.163287563659992
3610 26.163287563659992
3611 26.163287563659992
3612 26.163287563659992
3613 26.163287563659992
3614 26.163287563659992
3615 26.163287563659992
3616 26.163287563659992
3617 26.163287563659992
3618 26.163287563659992
3619 26.163287563659992
3620 26.163287563659992
3621 26.163287563659992
3622 26.163287563659992
3623 26.163287563659992
3624 26.163287563659992
3625 26.163287563659992
3626 26.163287563659992
3627 26.163287563659992
3628 26.163287563659992
3629 26.163287563659992
3630 26.163287563659992
3631 26.163287563659992
3632 26.163287563659992
3633 26.163287563659992
3634 26.163287563659992
3635 26.163287563659992
3636 26.163287563659992
3637 26.163287563659992
3638 26.163287563659992
3639 26.163287563659992
3640 26.163287563659992
3641 26.163287563659992
3642 26.163287563659992
3643 26.163287563659992
3644 26.163287563659992
3645 26.163287563659992
3646 26.163287563659992
3647 26.163287563659992
3648 26.163287563659992
3649 26.163287563659992
3650 26.163287563659992
3651 26.163287563659992
3652 26.163287563659992
3653 26.163287563659992
3654 26.163287563659992
3655 26.163287563659992
3656 26.163287563659992
3657 26.163287563659992
3658 26.163287563659992
3659 26.163287563659992
3660 26.163287563659992
3661 26.163287563659992
3662 26.163287563659992
3663 26.163287563659992
3664 26.163287563659992
3665 26.163287563659992
3666 26.163287563659992
3667 26.163287563659992
3668 26.163287563659992
3669 26.163287563659992
3670 26.163287563659992
3671 26.163287563659992
3672 26.163287563659992
3673 26.163287563659992
3674 26.163287563659992
3675 26.163287563659992
3676 26.163287563659992
3677 26.163287563659992
3678 26.163287563659992
3679 26.163287563659992
3680 26.163287563659992
3681 26.163287563659992
3682 26.163287563659992
3683 26.163287563659992
3684 26.163287563659992
3685 26.163287563659992
3686 26.163287563659992
3687 26.163287563659992
3688 26.163287563659992
3689 26.163287563659992
3690 26.163287563659992
3691 26.163287563659992
3692 26.163287563659992
3693 26.163287563659992
3694 26.163287563659992
3695 26.163287563659992
3696 26.163287563659992
3697 26.163287563659992
3698 26.163287563659992
3699 26.163287563659992
3700 26.163287563659992
3701 26.163287563659992
3702 26.163287563659992
3703 26.163287563659992
3704 26.163287563659992
3705 26.163287563659992
3706 26.163287563659992
3707 26.163287563659992
3708 26.163287563659992
3709 26.163287563659992
3710 26.163287563659992
3711 26.163287563659992
3712 26.163287563659992
3713 26.163287563659992
3714 26.163287563659992
3715 26.163287563659992
3716 26.163287563659992
3717 26.163287563659992
3718 26.163287563659992
3719 26.163287563659992
3720 26.163287563659992
3721 26.163287563659992
3722 26.163287563659992
3723 26.163287563659992
3724 26.163287563659992
3725 26.163287563659992
3726 26.163287563659992
3727 26.163287563659992
3728 26.163287563659992
3729 26.163287563659992
3730 26.163287563659992
3731 26.163287563659992
3732 26.163287563659992
3733 26.163287563659992
3734 26.163287563659992
3735 26.163287563659992
3736 26.163287563659992
3737 26.163287563659992
3738 26.163287563659992
3739 26.163287563659992
3740 26.163287563659992
3741 26.163287563659992
3742 26.163287563659992
3743 26.163287563659992
3744 26.163287563659992
3745 26.163287563659992
3746 26.163287563659992
3747 26.163287563659992
3748 26.163287563659992
3749 26.163287563659992
3750 26.163287563659992
3751 26.163287563659992
3752 26.163287563659992
3753 26.163287563659992
3754 26.163287563659992
3755 26.163287563659992
3756 26.163287563659992
3757 26.163287563659992
3758 26.163287563659992
3759 26.163287563659992
3760 26.163287563659992
3761 26.163287563659992
3762 26.163287563659992
3763 26.163287563659992
3764 26.163287563659992
3765 26.163287563659992
3766 26.163287563659992
3767 26.163287563659992
3768 26.163287563659992
3769 26.163287563659992
3770 26.163287563659992
3771 26.163287563659992
3772 26.163287563659992
3773 26.163287563659992
3774 26.163287563659992
3775 26.163287563659992
3776 26.163287563659992
3777 26.163287563659992
3778 26.163287563659992
3779 26.163287563659992
3780 26.163287563659992
3781 26.163287563659992
3782 26.163287563659992
3783 26.163287563659992
3784 26.163287563659992
3785 26.163287563659992
3786 26.163287563659992
3787 26.163287563659992
3788 26.163287563659992
3789 26.163287563659992
3790 26.163287563659992
3791 26.163287563659992
3792 26.163287563659992
3793 26.163287563659992
3794 26.163287563659992
3795 26.163287563659992
3796 26.163287563659992
3797 26.163287563659992
3798 26.163287563659992
3799 26.163287563659992
3800 26.163287563659992
3801 26.163287563659992
3802 26.163287563659992
3803 26.163287563659992
3804 26.163287563659992
3805 26.163287563659992
3806 26.163287563659992
3807 26.163287563659992
3808 26.163287563659992
3809 26.163287563659992
3810 26.163287563659992
3811 26.163287563659992
3812 26.163287563659992
3813 26.163287563659992
3814 26.163287563659992
3815 26.163287563659992
3816 26.163287563659992
3817 26.163287563659992
3818 26.163287563659992
3819 26.163287563659992
3820 26.163287563659992
3821 26.163287563659992
3822 26.163287563659992
3823 26.163287563659992
3824 26.163287563659992
3825 26.163287563659992
3826 26.163287563659992
3827 26.163287563659992
3828 26.163287563659992
3829 26.163287563659992
3830 26.163287563659992
3831 26.163287563659992
3832 26.163287563659992
3833 26.163287563659992
3834 26.163287563659992
3835 26.163287563659992
3836 26.163287563659992
3837 26.163287563659992
3838 26.163287563659992
3839 26.163287563659992
3840 26.163287563659992
3841 26.163287563659992
3842 26.163287563659992
3843 26.163287563659992
3844 26.163287563659992
3845 26.163287563659992
3846 26.163287563659992
3847 26.163287563659992
3848 26.163287563659992
3849 26.163287563659992
3850 26.163287563659992
3851 26.163287563659992
3852 26.163287563659992
3853 26.163287563659992
3854 26.163287563659992
3855 26.163287563659992
3856 26.163287563659992
3857 26.163287563659992
3858 26.163287563659992
3859 26.163287563659992
3860 26.163287563659992
3861 26.163287563659992
3862 26.163287563659992
3863 26.163287563659992
3864 26.163287563659992
3865 26.163287563659992
3866 26.163287563659992
3867 26.163287563659992
3868 26.163287563659992
3869 26.163287563659992
3870 26.163287563659992
3871 26.163287563659992
3872 26.163287563659992
3873 26.163287563659992
3874 26.163287563659992
3875 26.163287563659992
3876 26.163287563659992
3877 26.163287563659992
3878 26.163287563659992
3879 26.163287563659992
3880 26.163287563659992
3881 26.163287563659992
3882 26.163287563659992
3883 26.163287563659992
3884 26.163287563659992
3885 26.163287563659992
3886 26.163287563659992
3887 26.163287563659992
3888 26.163287563659992
3889 26.163287563659992
3890 26.163287563659992
3891 26.163287563659992
3892 26.163287563659992
3893 26.163287563659992
3894 26.163287563659992
3895 26.163287563659992
3896 26.163287563659992
3897 26.163287563659992
3898 26.163287563659992
3899 26.163287563659992
3900 26.163287563659992
3901 26.163287563659992
3902 26.163287563659992
3903 26.163287563659992
3904 26.163287563659992
3905 26.163287563659992
3906 26.163287563659992
3907 26.163287563659992
3908 26.163287563659992
3909 26.163287563659992
3910 26.163287563659992
3911 26.163287563659992
3912 26.163287563659992
3913 26.163287563659992
3914 26.163287563659992
3915 26.163287563659992
3916 26.163287563659992
3917 26.163287563659992
3918 26.163287563659992
3919 26.163287563659992
3920 26.163287563659992
3921 26.163287563659992
3922 26.163287563659992
3923 26.163287563659992
3924 26.163287563659992
3925 26.163287563659992
3926 26.163287563659992
3927 26.163287563659992
3928 26.163287563659992
3929 26.163287563659992
3930 26.163287563659992
3931 26.163287563659992
3932 26.163287563659992
3933 26.163287563659992
3934 26.163287563659992
3935 26.163287563659992
3936 26.163287563659992
3937 26.163287563659992
3938 26.163287563659992
3939 26.163287563659992
3940 26.163287563659992
3941 26.163287563659992
3942 26.163287563659992
3943 26.163287563659992
3944 26.163287563659992
3945 26.163287563659992
3946 26.163287563659992
3947 26.163287563659992
3948 26.163287563659992
3949 26.163287563659992
3950 26.163287563659992
3951 26.163287563659992
3952 26.163287563659992
3953 26.163287563659992
3954 26.163287563659992
3955 26.163287563659992
3956 26.163287563659992
3957 26.163287563659992
3958 26.163287563659992
3959 26.163287563659992
3960 26.163287563659992
3961 26.163287563659992
3962 26.163287563659992
3963 26.163287563659992
3964 26.163287563659992
3965 26.163287563659992
3966 26.163287563659992
3967 26.163287563659992
3968 26.163287563659992
3969 26.163287563659992
3970 26.163287563659992
3971 26.163287563659992
3972 26.163287563659992
3973 26.163287563659992
3974 26.163287563659992
3975 26.163287563659992
3976 26.163287563659992
3977 26.163287563659992
3978 26.163287563659992
3979 26.163287563659992
3980 26.163287563659992
3981 26.163287563659992
3982 26.163287563659992
3983 26.163287563659992
3984 26.163287563659992
3985 26.163287563659992
3986 26.163287563659992
3987 26.163287563659992
3988 26.163287563659992
3989 26.163287563659992
3990 26.163287563659992
3991 26.163287563659992
3992 26.163287563659992
3993 26.163287563659992
3994 26.163287563659992
3995 26.163287563659992
3996 26.163287563659992
3997 26.163287563659992
3998 26.163287563659992
3999 26.163287563659992
4000 26.163287563659992
