0,427.0691286710361
1,306.8995103949647
2,270.8829626513219
3,241.1074472924066
4,241.1074472924066
5,241.1074472924066
6,241.1074472924066
7,241.1074472924066
8,223.6849417630076
9,186.43306051209402
10,186.43306051209402
11,186.43306051209402
12,186.43306051209402
13,186.43306051209402
14,186.43306051209402
15,186.43306051209402
16,186.43306051209402
17,160.35313555296017
18,160.35313555296017
19,160.35313555296017
20,160.35313555296017
21,160.35313555296017
22,160.35313555296017
23,160.35313555296017
24,160.35313555296017
25,160.35313555296017
26,160.35313555296017
27,160.35313555296017
28,160.35313555296017
29,160.35313555296017
30,160.35313555296017
31,160.35313555296017
32,160.35313555296017
33,160.35313555296017
34,160.35313555296017
35,160.35313555296017
36,160.35313555296017
37,160.35313555296017
38,158.40330462453002
39,158.40330462453002
40,154.81121464101187
41,154.81121464101187
42,154.81121464101187
43,154.81121464101187
44,154.81121464101187
45,154.81121464101187
46,154.81121464101187
47,154.81121464101187
48,154.81121464101187
49,154.81121464101187
50,154.81121464101187
51,154.81121464101187
52,154.81121464101187
53,154.81121464101187
54,154.81121464101187
55,154.81121464101187
56,154.81121464101187
57,154.81121464101187
58,154.81121464101187
59,149.46656731663964
60,146.1214052597886
61,139.36076782410103
62,132.18854069098356
63,132.18854069098356
64,132.18854069098356
65,132.18854069098356
66,132.18854069098356
67,132.18854069098356
68,132.18854069098356
69,132.18854069098356
70,132.18854069098356
71,132.18854069098356
72,132.18854069098356
73,132.18854069098356
74,132.18854069098356
75,132.18854069098356
76,132.18854069098356
77,132.18854069098356
78,132.18854069098356
79,127.03533545990877
80,127.03533545990877
81,127.03533545990877
82,127.03533545990877
83,127.03533545990877
84,127.03533545990877
85,127.03533545990877
86,127.03533545990877
87,116.15372508171501
88,116.15372508171501
89,116.15372508171501
90,116.15372508171501
91,116.15372508171501
92,116.15372508171501
93,116.15372508171501
94,111.3986072792608
95,108.21462052118437
96,102.74054312207517
97,100.38299425425342
98,100.38299425425342
99,95.65597941341184
100,91.18704105800754
101,89.03064082474953
102,86.21194401068195
103,80.70204602102586
104,73.5032758893137
105,70.66994488772693
106,70.60790336316416
107,66.81005294826281
108,65.21821042900515
109,59.81041581984846
110,59.81041581984846
111,56.811721304986065
112,52.41261388764963
113,48.351021637864164
114,48.01314785455426
115,47.93059993265928
116,46.14487882406641
117,44.391855448005
118,44.391855448005
119,44.10150550318966
120,43.45662300304684
121,43.45662300304684
122,43.45662300304684
123,43.34599728231029
124,43.34599728231029
125,43.34599728231029
126,40.48708794347755
127,40.48708794347755
128,40.48708794347755
129,40.48708794347755
130,40.48708794347755
131,40.48708794347755
132,40.48708794347755
133,40.48708794347755
134,40.48708794347755
135,40.48708794347755
136,40.48708794347755
137,39.146877688298446
138,39.146877688298446
139,39.146877688298446
140,39.146877688298446
141,39.146877688298446
142,39.146877688298446
143,39.146877688298446
144,39.146877688298446
145,39.146877688298446
146,39.146877688298446
147,39.146877688298446
148,39.146877688298446
149,39.146877688298446
150,39.146877688298446
151,39.146877688298446
152,39.146877688298446
153,39.146877688298446
154,39.146877688298446
155,39.146877688298446
156,39.146877688298446
157,39.146877688298446
158,39.146877688298446
159,39.146877688298446
160,39.146877688298446
161,39.146877688298446
162,39.146877688298446
163,39.146877688298446
164,39.146877688298446
165,39.146877688298446
166,39.146877688298446
167,39.146877688298446
168,39.146877688298446
169,39.146877688298446
170,39.146877688298446
171,39.01107033368538
172,39.01107033368538
173,39.01107033368538
174,39.01107033368538
175,38.60279456726016
176,38.60279456726016
177,38.60279456726016
178,38.60279456726016
179,38.60279456726016
180,38.60279456726016
181,38.60279456726016
182,38.60279456726016
183,38.60279456726016
184,38.60279456726016
185,38.60279456726016
186,38.60279456726016
187,38.60279456726016
188,38.60279456726016
189,38.60279456726016
190,38.60279456726016
191,38.60279456726016
192,38.60279456726016
193,38.110412587469
194,38.110412587469
195,38.110412587469
196,38.110412587469
197,38.110412587469
198,38.110412587469
199,38.110412587469
200,38.110412587469
201,38.110412587469
202,38.110412587469
203,38.110412587469
204,38.110412587469
205,38.110412587469
206,38.110412587469
207,38.110412587469
208,38.110412587469
209,38.110412587469
210,38.110412587469
211,38.110412587469
212,38.110412587469
213,38.110412587469
214,38.110412587469
215,38.110412587469
216,38.110412587469
217,38.110412587469
218,38.110412587469
219,38.110412587469
220,38.110412587469
221,37.86410856545075
222,37.86410856545075
223,37.86410856545075
224,37.86410856545075
225,37.86410856545075
226,37.86410856545075
227,37.86410856545075
228,37.86410856545075
229,37.86410856545075
230,37.86410856545075
231,37.86410856545075
232,37.86410856545075
233,37.86410856545075
234,37.86410856545075
235,37.86410856545075
236,37.86410856545075
237,37.86410856545075
238,37.86410856545075
239,37.86410856545075
240,37.86410856545075
241,37.86410856545075
242,37.86410856545075
243,37.86410856545075
244,37.86410856545075
245,37.86410856545075
246,37.86410856545075
247,37.86410856545075
248,37.86410856545075
249,37.86410856545075
250,37.86410856545075
251,37.86410856545075
252,37.86410856545075
253,37.86410856545075
254,37.86410856545075
255,37.86410856545075
256,37.86410856545075
257,37.01075723608528
258,37.01075723608528
259,37.01075723608528
260,37.01075723608528
261,37.01075723608528
262,37.01075723608528
263,37.01075723608528
264,37.01075723608528
265,37.01075723608528
266,37.01075723608528
267,37.01075723608528
268,37.01075723608528
269,37.01075723608528
270,37.01075723608528
271,37.01075723608528
272,37.01075723608528
273,37.01075723608528
274,37.01075723608528
275,37.01075723608528
276,37.01075723608528
277,37.01075723608528
278,37.01075723608528
279,37.01075723608528
280,37.01075723608528
281,37.01075723608528
282,37.01075723608528
283,37.01075723608528
284,37.01075723608528
285,37.01075723608528
286,37.01075723608528
287,37.01075723608528
288,37.01075723608528
289,37.01075723608528
290,37.01075723608528
291,37.01075723608528
292,35.785763677536636
293,35.785763677536636
294,35.785763677536636
295,35.785763677536636
296,35.785763677536636
297,35.785763677536636
298,35.785763677536636
299,35.785763677536636
300,35.785763677536636
301,35.785763677536636
302,35.785763677536636
303,35.785763677536636
304,35.785763677536636
305,35.785763677536636
306,35.785763677536636
307,35.785763677536636
308,35.785763677536636
309,35.785763677536636
310,35.785763677536636
311,35.785763677536636
312,35.785763677536636
313,35.785763677536636
314,35.785763677536636
315,35.785763677536636
316,35.785763677536636
317,35.785763677536636
318,35.785763677536636
319,35.785763677536636
320,35.785763677536636
321,35.785763677536636
322,35.785763677536636
323,35.785763677536636
324,35.785763677536636
325,35.785763677536636
326,35.785763677536636
327,35.785763677536636
328,35.785763677536636
329,35.785763677536636
330,35.785763677536636
331,35.785763677536636
332,35.785763677536636
333,35.785763677536636
334,35.785763677536636
335,35.785763677536636
336,35.785763677536636
337,35.785763677536636
338,35.785763677536636
339,35.785763677536636
340,35.785763677536636
341,35.20990196697056
342,35.20990196697056
343,35.20990196697056
344,35.20990196697056
345,35.20990196697056
346,35.20990196697056
347,35.20990196697056
348,35.20990196697056
349,35.20990196697056
350,35.20990196697056
351,35.20990196697056
352,35.20990196697056
353,35.20990196697056
354,35.20990196697056
355,35.20990196697056
356,35.20990196697056
357,35.20990196697056
358,35.20990196697056
359,35.20990196697056
360,35.20990196697056
361,35.20990196697056
362,35.20990196697056
363,35.20990196697056
364,35.20990196697056
365,35.20990196697056
366,35.20990196697056
367,35.20990196697056
368,35.20990196697056
369,35.20990196697056
370,35.20990196697056
371,35.20990196697056
372,35.20990196697056
373,35.20990196697056
374,35.20990196697056
375,35.20990196697056
376,35.20990196697056
377,35.20990196697056
378,35.20990196697056
379,35.20990196697056
380,35.20990196697056
381,35.20990196697056
382,35.20990196697056
383,35.20990196697056
384,35.20990196697056
385,35.20990196697056
386,35.20990196697056
387,35.20990196697056
388,35.20990196697056
389,35.20990196697056
390,35.20990196697056
391,35.20990196697056
392,35.20990196697056
393,35.20990196697056
394,35.20990196697056
395,35.20990196697056
396,35.20990196697056
397,35.05946311212233
398,35.05946311212233
399,35.05946311212233
400,35.05946311212233
401,35.05946311212233
402,35.05946311212233
403,35.05946311212233
404,35.05946311212233
405,35.05946311212233
406,35.05946311212233
407,35.05946311212233
408,35.05946311212233
409,34.69210003887099
410,34.69210003887099
411,34.69210003887099
412,34.69210003887099
413,34.69210003887099
414,34.69210003887099
415,34.69210003887099
416,34.69210003887099
417,34.69210003887099
418,34.69210003887099
419,34.69210003887099
420,34.69210003887099
421,34.69210003887099
422,34.69210003887099
423,34.69210003887099
424,34.69210003887099
425,34.69210003887099
426,34.69210003887099
427,34.69210003887099
428,34.69210003887099
429,34.69210003887099
430,34.69210003887099
431,34.69210003887099
432,34.69210003887099
433,34.69210003887099
434,34.69210003887099
435,34.69210003887099
436,34.2708321183361
437,34.2708321183361
438,34.2708321183361
439,34.2708321183361
440,34.2708321183361
441,34.2708321183361
442,34.2708321183361
443,33.5659429815953
444,33.5659429815953
445,33.5659429815953
446,33.5659429815953
447,33.5659429815953
448,33.5659429815953
449,33.5659429815953
450,33.5659429815953
451,33.5659429815953
452,33.5659429815953
453,33.5659429815953
454,33.5659429815953
455,33.5659429815953
456,33.5659429815953
457,33.5659429815953
458,33.5659429815953
459,33.5659429815953
460,33.5659429815953
461,33.5659429815953
462,33.5659429815953
463,33.5659429815953
464,33.5659429815953
465,33.5659429815953
466,33.5659429815953
467,33.5659429815953
468,33.5659429815953
469,33.5659429815953
470,33.5659429815953
471,33.5659429815953
472,33.5659429815953
473,33.5659429815953
474,33.5659429815953
475,33.5659429815953
476,33.5659429815953
477,33.5659429815953
478,33.5659429815953
479,33.5659429815953
480,33.5659429815953
481,33.5659429815953
482,33.5659429815953
483,33.5659429815953
484,33.5659429815953
485,33.5659429815953
486,33.5659429815953
487,33.5659429815953
488,33.5659429815953
489,33.5659429815953
490,33.5659429815953
491,33.5659429815953
492,33.5659429815953
493,33.5659429815953
494,33.5659429815953
495,33.5659429815953
496,33.5659429815953
497,33.5659429815953
498,33.5659429815953
499,33.5659429815953
500,33.5659429815953
501,33.5659429815953
502,33.5659429815953
503,33.5659429815953
504,33.5659429815953
505,33.5659429815953
506,33.5659429815953
507,33.5659429815953
508,33.5659429815953
509,33.5659429815953
510,33.5659429815953
511,33.5659429815953
512,33.5659429815953
513,33.5659429815953
514,33.5659429815953
515,33.5659429815953
516,33.5659429815953
517,33.5659429815953
518,33.5659429815953
519,33.5659429815953
520,33.5659429815953
521,33.5659429815953
522,33.5659429815953
523,33.5659429815953
524,33.5659429815953
525,33.5659429815953
526,33.5659429815953
527,33.5659429815953
528,33.5659429815953
529,33.5659429815953
530,33.5659429815953
531,33.5659429815953
532,33.5659429815953
533,33.5659429815953
534,33.5659429815953
535,33.5659429815953
536,33.5659429815953
537,33.5659429815953
538,33.5659429815953
539,33.5659429815953
540,33.5659429815953
541,33.5659429815953
542,33.5659429815953
543,33.5659429815953
544,33.5659429815953
545,33.5659429815953
546,33.5659429815953
547,33.5659429815953
548,33.5659429815953
549,33.5659429815953
550,33.5659429815953
551,33.5659429815953
552,33.5659429815953
553,33.5659429815953
554,33.5659429815953
555,33.5659429815953
556,33.5659429815953
557,33.5659429815953
558,33.5659429815953
559,33.5659429815953
560,33.5659429815953
561,33.5659429815953
562,33.5659429815953
563,33.5659429815953
564,33.5659429815953
565,33.5659429815953
566,33.5659429815953
567,33.5659429815953
568,33.5659429815953
569,33.5659429815953
570,33.5659429815953
571,33.5659429815953
572,33.5659429815953
573,33.5659429815953
574,33.5659429815953
575,33.5659429815953
576,33.5659429815953
577,33.5659429815953
578,33.5659429815953
579,33.5659429815953
580,33.5659429815953
581,33.5659429815953
582,33.5659429815953
583,33.5659429815953
584,33.5659429815953
585,33.5659429815953
586,33.5659429815953
587,33.5659429815953
588,33.5659429815953
589,33.5659429815953
590,33.5659429815953
591,33.5659429815953
592,33.5659429815953
593,33.5659429815953
594,33.5659429815953
595,33.5659429815953
596,33.5659429815953
597,33.5659429815953
598,33.5659429815953
599,33.5659429815953
600,33.5659429815953
601,33.5659429815953
602,33.5659429815953
603,33.5659429815953
604,33.5659429815953
605,33.5659429815953
606,33.5659429815953
607,33.5659429815953
608,33.5659429815953
609,33.5659429815953
610,33.5659429815953
611,33.5659429815953
612,33.5659429815953
613,33.5659429815953
614,33.5659429815953
615,33.5659429815953
616,33.5659429815953
617,33.5659429815953
618,33.5659429815953
619,33.5659429815953
620,33.5659429815953
621,33.5659429815953
622,33.5659429815953
623,33.5659429815953
624,33.5659429815953
625,33.5659429815953
626,33.5659429815953
627,33.5659429815953
628,33.5659429815953
629,33.5659429815953
630,33.5659429815953
631,33.5659429815953
632,33.5659429815953
633,33.5659429815953
634,33.5659429815953
635,33.5659429815953
636,33.5659429815953
637,33.5659429815953
638,33.5659429815953
639,33.5659429815953
640,33.5659429815953
641,33.1296816533839
642,33.1296816533839
643,33.1296816533839
644,33.1296816533839
645,33.1296816533839
646,33.1296816533839
647,33.1296816533839
648,33.1296816533839
649,33.1296816533839
650,33.1296816533839
651,33.1296816533839
652,33.1296816533839
653,33.1296816533839
654,33.1296816533839
655,33.1296816533839
656,33.1296816533839
657,33.1296816533839
658,33.1296816533839
659,33.1296816533839
660,33.1296816533839
661,33.1296816533839
662,33.1296816533839
663,33.1296816533839
664,33.1296816533839
665,33.1296816533839
666,33.1296816533839
667,33.1296816533839
668,33.1296816533839
669,33.1296816533839
670,33.1296816533839
671,33.1296816533839
672,33.1296816533839
673,33.1296816533839
674,33.1296816533839
675,33.1296816533839
676,33.1296816533839
677,33.1296816533839
678,33.1296816533839
679,33.1296816533839
680,33.1296816533839
681,33.1296816533839
682,33.1296816533839
683,33.1296816533839
684,33.1296816533839
685,33.1296816533839
686,33.1296816533839
687,33.1296816533839
688,33.1296816533839
689,33.1296816533839
690,33.1296816533839
691,33.1296816533839
692,33.1296816533839
693,33.1296816533839
694,33.1296816533839
695,33.1296816533839
696,33.1296816533839
697,33.1296816533839
698,33.1296816533839
699,33.1296816533839
700,33.1296816533839
701,33.1296816533839
702,33.1296816533839
703,33.1296816533839
704,33.1296816533839
705,33.1296816533839
706,33.1296816533839
707,33.1296816533839
708,33.1296816533839
709,33.1296816533839
710,33.1296816533839
711,33.1296816533839
712,33.1296816533839
713,33.1296816533839
714,33.1296816533839
715,33.1296816533839
716,33.1296816533839
717,33.1296816533839
718,33.1296816533839
719,33.1296816533839
720,33.1296816533839
721,33.1296816533839
722,33.1296816533839
723,33.1296816533839
724,33.1296816533839
725,33.1296816533839
726,33.1296816533839
727,33.1296816533839
728,33.1296816533839
729,33.1296816533839
730,33.1296816533839
731,33.1296816533839
732,33.1296816533839
733,33.1296816533839
734,33.1296816533839
735,33.1296816533839
736,33.1296816533839
737,33.1296816533839
738,33.1296816533839
739,33.1296816533839
740,33.1296816533839
741,33.1296816533839
742,33.1296816533839
743,33.1296816533839
744,33.1296816533839
745,33.1296816533839
746,33.1296816533839
747,33.1296816533839
748,33.1296816533839
749,33.1296816533839
750,33.1296816533839
751,33.1296816533839
752,33.1296816533839
753,33.1296816533839
754,33.1296816533839
755,33.1296816533839
756,33.1296816533839
757,33.1296816533839
758,33.1296816533839
759,32.61376074544904
760,32.61376074544904
761,32.61376074544904
762,32.61376074544904
763,32.61376074544904
764,32.61376074544904
765,32.61376074544904
766,32.61376074544904
767,32.61376074544904
768,32.61376074544904
769,32.61376074544904
770,32.61376074544904
771,32.61376074544904
772,32.61376074544904
773,32.61376074544904
774,32.61376074544904
775,32.61376074544904
776,32.61376074544904
777,32.61376074544904
778,32.61376074544904
779,32.61376074544904
780,32.61376074544904
781,32.61376074544904
782,32.61376074544904
783,32.61376074544904
784,32.61376074544904
785,32.61376074544904
786,32.61376074544904
787,32.61376074544904
788,32.61376074544904
789,32.61376074544904
790,32.61376074544904
791,32.61376074544904
792,32.61376074544904
793,32.61376074544904
794,32.61376074544904
795,32.61376074544904
796,32.61376074544904
797,32.61376074544904
798,32.61376074544904
799,32.61376074544904
800,32.61376074544904
801,32.61376074544904
802,32.61376074544904
803,32.61376074544904
804,32.61376074544904
805,32.61376074544904
806,32.61376074544904
807,32.61376074544904
808,32.61376074544904
809,32.61376074544904
810,32.61376074544904
811,32.61376074544904
812,32.61376074544904
813,32.61376074544904
814,32.61376074544904
815,32.61376074544904
816,32.61376074544904
817,32.61376074544904
818,32.61376074544904
819,32.61376074544904
820,32.61376074544904
821,32.61376074544904
822,32.61376074544904
823,32.61376074544904
824,32.61376074544904
825,32.61376074544904
826,32.61376074544904
827,32.61376074544904
828,32.61376074544904
829,32.61376074544904
830,32.61376074544904
831,32.61376074544904
832,32.61376074544904
833,32.61376074544904
834,32.61376074544904
835,32.61376074544904
836,32.61376074544904
837,32.61376074544904
838,32.61376074544904
839,32.61376074544904
840,32.61376074544904
841,32.61376074544904
842,32.61376074544904
843,32.61376074544904
844,32.61376074544904
845,32.61376074544904
846,32.61376074544904
847,32.61376074544904
848,32.61376074544904
849,32.61376074544904
850,32.61376074544904
851,32.61376074544904
852,32.61376074544904
853,32.61376074544904
854,32.61376074544904
855,32.61376074544904
856,32.61376074544904
857,32.61376074544904
858,32.61376074544904
859,32.61376074544904
860,32.61376074544904
861,32.61376074544904
862,32.61376074544904
863,32.61376074544904
864,32.61376074544904
865,32.61376074544904
866,32.61376074544904
867,32.61376074544904
868,32.61376074544904
869,32.61376074544904
870,32.61376074544904
871,32.61376074544904
872,32.61376074544904
873,32.61376074544904
874,32.61376074544904
875,32.61376074544904
876,32.61376074544904
877,32.61376074544904
878,32.61376074544904
879,32.61376074544904
880,32.61376074544904
881,32.61376074544904
882,32.61376074544904
883,32.61376074544904
884,32.61376074544904
885,32.61376074544904
886,32.61376074544904
887,32.61376074544904
888,32.61376074544904
889,32.61376074544904
890,32.61376074544904
891,32.61376074544904
892,32.61376074544904
893,32.61376074544904
894,32.61376074544904
895,32.61376074544904
896,32.61376074544904
897,32.61376074544904
898,32.61376074544904
899,32.61376074544904
900,32.61376074544904
901,32.61376074544904
902,32.61376074544904
903,32.61376074544904
904,32.61376074544904
905,32.61376074544904
906,32.61376074544904
907,32.61376074544904
908,32.61376074544904
909,32.61376074544904
910,32.61376074544904
911,32.61376074544904
912,32.61376074544904
913,32.61376074544904
914,32.61376074544904
915,32.61376074544904
916,32.61376074544904
917,32.61376074544904
918,32.61376074544904
919,32.61376074544904
920,32.61376074544904
921,32.61376074544904
922,32.61376074544904
923,32.61376074544904
924,32.61376074544904
925,32.61376074544904
926,32.61376074544904
927,32.61376074544904
928,32.61376074544904
929,32.61376074544904
930,32.61376074544904
931,32.61376074544904
932,32.61376074544904
933,32.61376074544904
934,32.61376074544904
935,32.61376074544904
936,32.61376074544904
937,32.61376074544904
938,32.61376074544904
939,32.61376074544904
940,32.61376074544904
941,32.61376074544904
942,32.61376074544904
943,32.61376074544904
944,32.61376074544904
945,32.61376074544904
946,32.61376074544904
947,32.61376074544904
948,32.61376074544904
949,32.61376074544904
950,32.61376074544904
951,32.61376074544904
952,32.61376074544904
953,32.61376074544904
954,32.61376074544904
955,32.61376074544904
956,32.61376074544904
957,32.61376074544904
958,32.61376074544904
959,32.61376074544904
960,32.61376074544904
961,32.61376074544904
962,32.61376074544904
963,32.61376074544904
964,32.61376074544904
965,32.61376074544904
966,32.61376074544904
967,32.61376074544904
968,32.61376074544904
969,32.61376074544904
970,32.61376074544904
971,32.61376074544904
972,32.61376074544904
973,32.61376074544904
974,32.61376074544904
975,32.61376074544904
976,32.61376074544904
977,32.61376074544904
978,32.61376074544904
979,32.61376074544904
980,32.61376074544904
981,32.61376074544904
982,32.61376074544904
983,32.61376074544904
984,32.61376074544904
985,32.61376074544904
986,32.61376074544904
987,32.61376074544904
988,32.61376074544904
989,32.61376074544904
990,32.61376074544904
991,32.61376074544904
992,32.61376074544904
993,32.61376074544904
994,32.61376074544904
995,32.61376074544904
996,32.61376074544904
997,32.61376074544904
998,32.61376074544904
999,32.61376074544904
1000,32.61376074544904
1001,32.61376074544904
1002,32.61376074544904
1003,32.61376074544904
1004,32.61376074544904
1005,32.61376074544904
1006,32.61376074544904
1007,32.61376074544904
1008,32.61376074544904
1009,32.61376074544904
1010,32.61376074544904
1011,32.61376074544904
1012,32.61376074544904
1013,32.61376074544904
1014,32.61376074544904
1015,32.61376074544904
1016,32.61376074544904
1017,32.61376074544904
1018,32.61376074544904
1019,32.61376074544904
1020,32.61376074544904
1021,32.61376074544904
1022,32.61376074544904
1023,32.61376074544904
1024,32.61376074544904
1025,32.61376074544904
1026,32.61376074544904
1027,32.61376074544904
1028,32.61376074544904
1029,32.61376074544904
1030,32.61376074544904
1031,32.61376074544904
1032,32.61376074544904
1033,32.61376074544904
1034,32.61376074544904
1035,32.61376074544904
1036,32.61376074544904
1037,32.61376074544904
1038,32.61376074544904
1039,32.61376074544904
1040,32.61376074544904
1041,32.61376074544904
1042,32.61376074544904
1043,32.61376074544904
1044,32.61376074544904
1045,32.61376074544904
1046,32.61376074544904
1047,32.61376074544904
1048,32.61376074544904
1049,32.61376074544904
1050,32.61376074544904
1051,32.61376074544904
1052,32.61376074544904
1053,32.61376074544904
1054,32.61376074544904
1055,32.61376074544904
1056,32.61376074544904
1057,32.61376074544904
1058,32.61376074544904
1059,32.61376074544904
1060,32.61376074544904
1061,32.61376074544904
1062,32.61376074544904
1063,32.61376074544904
1064,32.61376074544904
1065,32.61376074544904
1066,32.61376074544904
1067,32.61376074544904
1068,32.61376074544904
1069,32.61376074544904
1070,32.61376074544904
1071,32.61376074544904
1072,32.61376074544904
1073,32.61376074544904
1074,32.61376074544904
1075,32.61376074544904
1076,32.61376074544904
1077,32.61376074544904
1078,32.61376074544904
1079,32.61376074544904
1080,32.61376074544904
1081,32.61376074544904
1082,32.61376074544904
1083,32.61376074544904
1084,32.61376074544904
1085,32.61376074544904
1086,32.15349880624893
1087,32.15349880624893
1088,32.15349880624893
1089,32.15349880624893
1090,32.15349880624893
1091,32.15349880624893
1092,32.15349880624893
1093,32.15349880624893
1094,32.15349880624893
1095,32.15349880624893
1096,32.15349880624893
1097,32.15349880624893
1098,32.15349880624893
1099,32.15349880624893
1100,32.15349880624893
1101,32.15349880624893
1102,32.15349880624893
1103,32.15349880624893
1104,32.15349880624893
1105,32.15349880624893
1106,31.436693720605717
1107,31.436693720605717
1108,31.436693720605717
1109,31.436693720605717
1110,31.436693720605717
1111,31.436693720605717
1112,31.436693720605717
1113,31.436693720605717
1114,31.436693720605717
1115,31.436693720605717
1116,31.436693720605717
1117,31.436693720605717
1118,31.436693720605717
1119,31.436693720605717
1120,31.436693720605717
1121,31.436693720605717
1122,31.436693720605717
1123,31.436693720605717
1124,31.436693720605717
1125,31.436693720605717
1126,31.436693720605717
1127,31.436693720605717
1128,31.436693720605717
1129,31.436693720605717
1130,31.436693720605717
1131,31.436693720605717
1132,31.436693720605717
1133,31.436693720605717
1134,31.436693720605717
1135,31.436693720605717
1136,31.436693720605717
1137,31.436693720605717
1138,31.436693720605717
1139,31.436693720605717
1140,31.436693720605717
1141,31.436693720605717
1142,31.436693720605717
1143,31.436693720605717
1144,31.436693720605717
1145,31.436693720605717
1146,31.436693720605717
1147,31.436693720605717
1148,31.436693720605717
1149,31.436693720605717
1150,31.436693720605717
1151,31.436693720605717
1152,31.436693720605717
1153,31.436693720605717
1154,31.436693720605717
1155,31.436693720605717
1156,31.436693720605717
1157,31.436693720605717
1158,31.436693720605717
1159,31.436693720605717
1160,31.436693720605717
1161,31.436693720605717
1162,31.436693720605717
1163,31.436693720605717
1164,31.436693720605717
1165,31.436693720605717
1166,31.436693720605717
1167,31.436693720605717
1168,31.436693720605717
1169,31.436693720605717
1170,31.436693720605717
1171,31.436693720605717
1172,31.436693720605717
1173,31.436693720605717
1174,31.436693720605717
1175,31.436693720605717
1176,31.436693720605717
1177,31.436693720605717
1178,31.436693720605717
1179,31.436693720605717
1180,31.436693720605717
1181,31.436693720605717
1182,31.436693720605717
1183,31.436693720605717
1184,31.436693720605717
1185,31.436693720605717
1186,31.436693720605717
1187,31.436693720605717
1188,31.436693720605717
1189,31.436693720605717
1190,31.436693720605717
1191,31.436693720605717
1192,31.436693720605717
1193,31.436693720605717
1194,31.436693720605717
1195,31.436693720605717
1196,31.436693720605717
1197,31.436693720605717
1198,31.436693720605717
1199,31.436693720605717
1200,31.436693720605717
1201,31.436693720605717
1202,31.436693720605717
1203,31.436693720605717
1204,31.436693720605717
1205,31.436693720605717
1206,31.436693720605717
1207,31.436693720605717
1208,31.436693720605717
1209,31.436693720605717
1210,31.436693720605717
1211,31.436693720605717
1212,31.436693720605717
1213,31.436693720605717
1214,31.436693720605717
1215,31.436693720605717
1216,31.436693720605717
1217,31.436693720605717
1218,31.436693720605717
1219,31.436693720605717
1220,31.436693720605717
1221,31.436693720605717
1222,31.436693720605717
1223,31.436693720605717
1224,31.436693720605717
1225,31.436693720605717
1226,31.436693720605717
1227,31.436693720605717
1228,31.436693720605717
1229,31.436693720605717
1230,31.436693720605717
1231,31.436693720605717
1232,31.436693720605717
1233,31.436693720605717
1234,31.436693720605717
1235,31.436693720605717
1236,31.436693720605717
1237,31.436693720605717
1238,31.436693720605717
1239,31.436693720605717
1240,31.436693720605717
1241,31.436693720605717
1242,31.436693720605717
1243,31.436693720605717
1244,31.436693720605717
1245,31.436693720605717
1246,31.436693720605717
1247,31.436693720605717
1248,31.436693720605717
1249,31.436693720605717
1250,31.436693720605717
1251,31.436693720605717
1252,31.436693720605717
1253,31.436693720605717
1254,31.436693720605717
1255,31.436693720605717
1256,31.436693720605717
1257,31.436693720605717
1258,31.436693720605717
1259,31.436693720605717
1260,31.436693720605717
1261,31.436693720605717
1262,30.901534495987732
1263,30.901534495987732
1264,30.901534495987732
1265,30.901534495987732
1266,30.901534495987732
1267,30.901534495987732
1268,30.901534495987732
1269,30.901534495987732
1270,30.901534495987732
1271,30.901534495987732
1272,30.901534495987732
1273,30.901534495987732
1274,30.901534495987732
1275,30.901534495987732
1276,30.901534495987732
1277,30.901534495987732
1278,30.901534495987732
1279,30.901534495987732
1280,30.901534495987732
1281,30.901534495987732
1282,30.901534495987732
1283,30.901534495987732
1284,30.901534495987732
1285,30.901534495987732
1286,30.901534495987732
1287,30.901534495987732
1288,30.901534495987732
1289,30.901534495987732
1290,30.901534495987732
1291,30.901534495987732
1292,30.901534495987732
1293,30.901534495987732
1294,30.901534495987732
1295,30.901534495987732
1296,30.901534495987732
1297,30.901534495987732
1298,30.901534495987732
1299,30.901534495987732
1300,30.901534495987732
1301,30.901534495987732
1302,30.901534495987732
1303,30.901534495987732
1304,30.901534495987732
1305,30.901534495987732
1306,30.901534495987732
1307,30.901534495987732
1308,30.901534495987732
1309,30.901534495987732
1310,30.901534495987732
1311,30.901534495987732
1312,30.901534495987732
1313,30.901534495987732
1314,30.901534495987732
1315,30.901534495987732
1316,30.901534495987732
1317,30.901534495987732
1318,30.901534495987732
1319,30.901534495987732
1320,30.901534495987732
1321,30.901534495987732
1322,30.901534495987732
1323,30.901534495987732
1324,30.901534495987732
1325,30.901534495987732
1326,30.901534495987732
1327,30.901534495987732
1328,30.901534495987732
1329,30.901534495987732
1330,30.901534495987732
1331,30.901534495987732
1332,30.901534495987732
1333,30.901534495987732
1334,30.901534495987732
1335,30.901534495987732
1336,30.901534495987732
1337,30.901534495987732
1338,30.901534495987732
1339,30.901534495987732
1340,30.901534495987732
1341,30.901534495987732
1342,30.901534495987732
1343,30.901534495987732
1344,30.901534495987732
1345,30.901534495987732
1346,30.901534495987732
1347,30.901534495987732
1348,30.901534495987732
1349,30.901534495987732
1350,30.901534495987732
1351,30.901534495987732
1352,30.901534495987732
1353,30.901534495987732
1354,30.901534495987732
1355,30.901534495987732
1356,30.901534495987732
1357,30.901534495987732
1358,30.901534495987732
1359,30.901534495987732
1360,30.901534495987732
1361,30.901534495987732
1362,30.901534495987732
1363,30.901534495987732
1364,30.901534495987732
1365,30.901534495987732
1366,30.901534495987732
1367,30.901534495987732
1368,30.901534495987732
1369,30.901534495987732
1370,30.901534495987732
1371,30.901534495987732
1372,30.901534495987732
1373,30.901534495987732
1374,30.901534495987732
1375,30.901534495987732
1376,30.901534495987732
1377,30.901534495987732
1378,30.901534495987732
1379,30.901534495987732
1380,30.901534495987732
1381,30.901534495987732
1382,30.901534495987732
1383,30.901534495987732
1384,30.901534495987732
1385,30.901534495987732
1386,30.901534495987732
1387,30.901534495987732
1388,30.901534495987732
1389,30.901534495987732
1390,30.901534495987732
1391,30.901534495987732
1392,30.901534495987732
1393,30.901534495987732
1394,30.901534495987732
1395,30.901534495987732
1396,30.901534495987732
1397,30.901534495987732
1398,30.901534495987732
1399,30.901534495987732
1400,30.901534495987732
1401,30.901534495987732
1402,30.901534495987732
1403,30.901534495987732
1404,30.901534495987732
1405,30.901534495987732
1406,30.901534495987732
1407,30.901534495987732
1408,30.901534495987732
1409,30.901534495987732
1410,30.901534495987732
1411,30.901534495987732
1412,30.901534495987732
1413,30.901534495987732
1414,30.901534495987732
1415,30.901534495987732
1416,30.901534495987732
1417,30.901534495987732
1418,30.901534495987732
1419,30.901534495987732
1420,30.901534495987732
1421,30.901534495987732
1422,30.901534495987732
1423,30.901534495987732
1424,30.901534495987732
1425,30.901534495987732
1426,30.901534495987732
1427,30.79937812516357
1428,30.79937812516357
1429,30.79937812516357
1430,30.79937812516357
1431,30.79937812516357
1432,30.79937812516357
1433,30.79937812516357
1434,30.79937812516357
1435,30.79937812516357
1436,30.79937812516357
1437,30.79937812516357
1438,30.79937812516357
1439,30.79937812516357
1440,30.79937812516357
1441,30.79937812516357
1442,30.79937812516357
1443,30.79937812516357
1444,30.79937812516357
1445,30.79937812516357
1446,30.79937812516357
1447,30.79937812516357
1448,30.79937812516357
1449,30.79937812516357
1450,30.79937812516357
1451,30.79937812516357
1452,30.79937812516357
1453,30.79937812516357
1454,30.79937812516357
1455,30.79937812516357
1456,30.79937812516357
1457,30.79937812516357
1458,30.79937812516357
1459,30.79937812516357
1460,30.79937812516357
1461,30.79937812516357
1462,30.79937812516357
1463,30.79937812516357
1464,30.79937812516357
1465,30.79937812516357
1466,30.79937812516357
1467,30.79937812516357
1468,30.79937812516357
1469,30.79937812516357
1470,30.79937812516357
1471,30.79937812516357
1472,30.79937812516357
1473,30.79937812516357
1474,30.79937812516357
1475,30.79937812516357
1476,30.79937812516357
1477,30.79937812516357
1478,30.79937812516357
1479,30.79937812516357
1480,30.79937812516357
1481,30.79937812516357
1482,30.79937812516357
1483,30.79937812516357
1484,30.79937812516357
1485,30.79937812516357
1486,30.79937812516357
1487,30.79937812516357
1488,30.79937812516357
1489,30.79937812516357
1490,30.79937812516357
1491,30.79937812516357
1492,30.79937812516357
1493,30.79937812516357
1494,30.79937812516357
1495,30.79937812516357
1496,30.79937812516357
1497,30.79937812516357
1498,30.79937812516357
1499,30.79937812516357
1500,30.79937812516357
1501,30.79937812516357
1502,30.79937812516357
1503,30.79937812516357
1504,30.79937812516357
1505,30.79937812516357
1506,30.79937812516357
1507,30.79937812516357
1508,30.79937812516357
1509,30.79937812516357
1510,30.79937812516357
1511,30.79937812516357
1512,30.79937812516357
1513,30.79937812516357
1514,30.79937812516357
1515,30.79937812516357
1516,30.79937812516357
1517,30.79937812516357
1518,30.79937812516357
1519,30.79937812516357
1520,30.79937812516357
1521,30.79937812516357
1522,30.79937812516357
1523,30.79937812516357
1524,30.79937812516357
1525,30.79937812516357
1526,30.79937812516357
1527,30.79937812516357
1528,30.79937812516357
1529,30.79937812516357
1530,30.79937812516357
1531,30.79937812516357
1532,30.79937812516357
1533,30.79937812516357
1534,30.79937812516357
1535,30.79937812516357
1536,30.79937812516357
1537,29.460364142442813
1538,29.460364142442813
1539,29.460364142442813
1540,29.460364142442813
1541,29.460364142442813
1542,29.460364142442813
1543,29.460364142442813
1544,29.460364142442813
1545,29.460364142442813
1546,29.460364142442813
1547,29.460364142442813
1548,29.460364142442813
1549,29.460364142442813
1550,29.460364142442813
1551,29.460364142442813
1552,29.460364142442813
1553,29.460364142442813
1554,29.460364142442813
1555,29.460364142442813
1556,29.460364142442813
1557,29.460364142442813
1558,29.460364142442813
1559,29.460364142442813
1560,29.460364142442813
1561,29.460364142442813
1562,29.460364142442813
1563,29.460364142442813
1564,29.460364142442813
1565,29.460364142442813
1566,29.460364142442813
1567,29.460364142442813
1568,29.460364142442813
1569,29.460364142442813
1570,29.460364142442813
1571,29.460364142442813
1572,29.460364142442813
1573,29.460364142442813
1574,29.460364142442813
1575,29.460364142442813
1576,29.460364142442813
1577,29.460364142442813
1578,29.460364142442813
1579,29.460364142442813
1580,29.460364142442813
1581,29.460364142442813
1582,29.460364142442813
1583,29.460364142442813
1584,29.460364142442813
1585,29.460364142442813
1586,29.460364142442813
1587,29.460364142442813
1588,29.460364142442813
1589,29.460364142442813
1590,29.460364142442813
1591,29.460364142442813
1592,29.460364142442813
1593,29.460364142442813
1594,29.460364142442813
1595,29.460364142442813
1596,29.460364142442813
1597,29.460364142442813
1598,29.460364142442813
1599,29.460364142442813
1600,29.460364142442813
1601,29.460364142442813
1602,29.460364142442813
1603,29.460364142442813
1604,29.460364142442813
1605,29.460364142442813
1606,29.460364142442813
1607,29.460364142442813
1608,29.460364142442813
1609,29.460364142442813
1610,29.460364142442813
1611,29.460364142442813
1612,29.460364142442813
1613,29.460364142442813
1614,29.460364142442813
1615,29.460364142442813
1616,29.460364142442813
1617,29.460364142442813
1618,29.460364142442813
1619,29.460364142442813
1620,29.460364142442813
1621,29.460364142442813
1622,29.460364142442813
1623,29.460364142442813
1624,29.460364142442813
1625,29.460364142442813
1626,29.460364142442813
1627,29.460364142442813
1628,29.460364142442813
1629,29.460364142442813
1630,29.460364142442813
1631,29.460364142442813
1632,29.460364142442813
1633,29.460364142442813
1634,29.460364142442813
1635,29.460364142442813
1636,29.460364142442813
1637,29.460364142442813
1638,29.460364142442813
1639,29.460364142442813
1640,29.460364142442813
1641,29.460364142442813
1642,29.460364142442813
1643,29.460364142442813
1644,29.460364142442813
1645,29.460364142442813
1646,29.460364142442813
1647,29.460364142442813
1648,29.460364142442813
1649,29.460364142442813
1650,29.460364142442813
1651,29.460364142442813
1652,29.460364142442813
1653,29.460364142442813
1654,29.460364142442813
1655,29.460364142442813
1656,29.460364142442813
1657,29.460364142442813
1658,29.460364142442813
1659,29.460364142442813
1660,29.460364142442813
1661,29.460364142442813
1662,29.460364142442813
1663,29.460364142442813
1664,29.460364142442813
1665,29.460364142442813
1666,29.460364142442813
1667,29.460364142442813
1668,29.460364142442813
1669,29.460364142442813
1670,29.460364142442813
1671,29.460364142442813
1672,29.460364142442813
1673,29.460364142442813
1674,29.460364142442813
1675,29.460364142442813
1676,29.460364142442813
1677,29.460364142442813
1678,29.460364142442813
1679,29.460364142442813
1680,29.460364142442813
1681,29.460364142442813
1682,29.460364142442813
1683,29.460364142442813
1684,29.460364142442813
1685,29.460364142442813
1686,29.460364142442813
1687,29.460364142442813
1688,29.460364142442813
1689,29.460364142442813
1690,29.460364142442813
1691,29.460364142442813
1692,29.460364142442813
1693,29.460364142442813
1694,29.460364142442813
1695,29.460364142442813
1696,29.460364142442813
1697,29.460364142442813
1698,29.460364142442813
1699,29.460364142442813
1700,29.460364142442813
1701,29.460364142442813
1702,29.460364142442813
1703,29.460364142442813
1704,29.460364142442813
1705,29.460364142442813
1706,29.460364142442813
1707,29.460364142442813
1708,29.460364142442813
1709,29.460364142442813
1710,29.460364142442813
1711,29.460364142442813
1712,29.460364142442813
1713,29.460364142442813
1714,29.460364142442813
1715,29.460364142442813
1716,29.460364142442813
1717,29.460364142442813
1718,29.460364142442813
1719,29.460364142442813
1720,29.460364142442813
1721,29.460364142442813
1722,29.460364142442813
1723,29.460364142442813
1724,29.460364142442813
1725,29.460364142442813
1726,29.460364142442813
1727,29.460364142442813
1728,29.460364142442813
1729,29.460364142442813
1730,29.460364142442813
1731,29.460364142442813
1732,29.460364142442813
1733,29.460364142442813
1734,29.460364142442813
1735,29.460364142442813
1736,29.460364142442813
1737,29.460364142442813
1738,29.460364142442813
1739,29.460364142442813
1740,29.460364142442813
1741,29.460364142442813
1742,29.460364142442813
1743,29.460364142442813
1744,29.460364142442813
1745,29.460364142442813
1746,29.460364142442813
1747,29.460364142442813
1748,29.460364142442813
1749,29.460364142442813
1750,29.460364142442813
1751,29.460364142442813
1752,29.460364142442813
1753,29.460364142442813
1754,29.460364142442813
1755,29.460364142442813
1756,29.460364142442813
1757,29.460364142442813
1758,29.460364142442813
1759,29.460364142442813
1760,29.460364142442813
1761,29.460364142442813
1762,29.460364142442813
1763,29.460364142442813
1764,29.460364142442813
1765,29.460364142442813
1766,29.460364142442813
1767,29.460364142442813
1768,29.460364142442813
1769,29.460364142442813
1770,29.460364142442813
1771,29.460364142442813
1772,29.460364142442813
1773,29.460364142442813
1774,29.460364142442813
1775,29.460364142442813
1776,29.460364142442813
1777,29.460364142442813
1778,29.460364142442813
1779,29.460364142442813
1780,29.460364142442813
1781,29.460364142442813
1782,29.460364142442813
1783,29.460364142442813
1784,29.460364142442813
1785,29.460364142442813
1786,29.460364142442813
1787,29.460364142442813
1788,29.460364142442813
1789,29.460364142442813
1790,29.460364142442813
1791,29.460364142442813
1792,29.460364142442813
1793,29.460364142442813
1794,29.460364142442813
1795,29.460364142442813
1796,29.460364142442813
1797,29.460364142442813
1798,29.460364142442813
1799,29.460364142442813
1800,29.460364142442813
1801,29.460364142442813
1802,29.460364142442813
1803,29.460364142442813
1804,29.460364142442813
1805,29.460364142442813
1806,29.460364142442813
1807,29.460364142442813
1808,29.460364142442813
1809,29.460364142442813
1810,29.460364142442813
1811,29.460364142442813
1812,29.460364142442813
1813,29.460364142442813
1814,29.460364142442813
1815,29.460364142442813
1816,29.460364142442813
1817,29.460364142442813
1818,29.460364142442813
1819,29.460364142442813
1820,29.460364142442813
1821,29.460364142442813
1822,29.460364142442813
1823,29.460364142442813
1824,29.460364142442813
1825,29.460364142442813
1826,29.460364142442813
1827,29.460364142442813
1828,29.460364142442813
1829,29.460364142442813
1830,29.460364142442813
1831,29.460364142442813
1832,29.460364142442813
1833,29.460364142442813
1834,29.460364142442813
1835,29.460364142442813
1836,29.460364142442813
1837,29.460364142442813
1838,29.460364142442813
1839,29.460364142442813
1840,29.460364142442813
1841,29.460364142442813
1842,29.460364142442813
1843,29.460364142442813
1844,29.460364142442813
1845,29.460364142442813
1846,29.460364142442813
1847,29.460364142442813
1848,29.460364142442813
1849,29.460364142442813
1850,29.460364142442813
1851,29.460364142442813
1852,29.460364142442813
1853,29.460364142442813
1854,29.460364142442813
1855,29.460364142442813
1856,29.460364142442813
1857,29.460364142442813
1858,29.460364142442813
1859,29.460364142442813
1860,29.460364142442813
1861,29.460364142442813
1862,29.460364142442813
1863,29.460364142442813
1864,29.460364142442813
1865,29.460364142442813
1866,29.460364142442813
1867,29.460364142442813
1868,29.460364142442813
1869,29.460364142442813
1870,29.460364142442813
1871,29.460364142442813
1872,29.460364142442813
1873,29.460364142442813
1874,29.460364142442813
1875,29.460364142442813
1876,29.460364142442813
1877,29.460364142442813
1878,29.460364142442813
1879,29.460364142442813
1880,29.460364142442813
1881,29.460364142442813
1882,29.460364142442813
1883,29.460364142442813
1884,29.460364142442813
1885,29.460364142442813
1886,29.460364142442813
1887,29.460364142442813
1888,29.460364142442813
1889,29.460364142442813
1890,29.460364142442813
1891,29.460364142442813
1892,29.460364142442813
1893,29.460364142442813
1894,29.460364142442813
1895,29.460364142442813
1896,29.460364142442813
1897,29.460364142442813
1898,29.460364142442813
1899,29.460364142442813
1900,29.460364142442813
1901,29.460364142442813
1902,29.460364142442813
1903,29.460364142442813
1904,29.460364142442813
1905,29.460364142442813
1906,29.460364142442813
1907,29.460364142442813
1908,29.460364142442813
1909,29.460364142442813
1910,29.460364142442813
1911,29.460364142442813
1912,29.460364142442813
1913,29.460364142442813
1914,29.460364142442813
1915,29.460364142442813
1916,29.460364142442813
1917,29.460364142442813
1918,29.460364142442813
1919,29.460364142442813
1920,29.460364142442813
1921,29.460364142442813
1922,29.460364142442813
1923,29.460364142442813
1924,29.460364142442813
1925,29.460364142442813
1926,29.460364142442813
1927,29.460364142442813
1928,29.460364142442813
1929,29.460364142442813
1930,29.460364142442813
1931,29.460364142442813
1932,29.460364142442813
1933,29.460364142442813
1934,29.460364142442813
1935,29.460364142442813
1936,29.460364142442813
1937,29.460364142442813
1938,29.460364142442813
1939,29.460364142442813
1940,29.460364142442813
1941,29.460364142442813
1942,29.460364142442813
1943,29.460364142442813
1944,29.460364142442813
1945,29.460364142442813
1946,29.460364142442813
1947,29.460364142442813
1948,29.460364142442813
1949,29.460364142442813
1950,29.460364142442813
1951,29.460364142442813
1952,29.460364142442813
1953,29.460364142442813
1954,29.460364142442813
1955,29.460364142442813
1956,29.460364142442813
1957,29.460364142442813
1958,29.460364142442813
1959,29.460364142442813
1960,29.460364142442813
1961,29.460364142442813
1962,29.221796585889194
1963,29.221796585889194
1964,29.221796585889194
1965,29.221796585889194
1966,29.221796585889194
1967,29.221796585889194
1968,29.221796585889194
1969,29.221796585889194
1970,29.221796585889194
1971,29.221796585889194
1972,29.221796585889194
1973,29.221796585889194
1974,29.221796585889194
1975,29.221796585889194
1976,29.221796585889194
1977,29.221796585889194
1978,29.221796585889194
1979,29.221796585889194
1980,29.221796585889194
1981,29.221796585889194
1982,29.221796585889194
1983,29.221796585889194
1984,29.221796585889194
1985,29.221796585889194
1986,29.221796585889194
1987,29.221796585889194
1988,29.221796585889194
1989,29.221796585889194
1990,29.221796585889194
1991,29.221796585889194
1992,29.221796585889194
1993,29.221796585889194
1994,29.221796585889194
1995,29.221796585889194
1996,29.221796585889194
1997,29.221796585889194
1998,29.221796585889194
1999,29.221796585889194
2000,29.221796585889194
2001,29.221796585889194
2002,29.221796585889194
2003,29.221796585889194
2004,29.221796585889194
2005,29.221796585889194
2006,29.221796585889194
2007,29.221796585889194
2008,29.221796585889194
2009,29.221796585889194
2010,29.221796585889194
2011,29.221796585889194
2012,29.221796585889194
2013,29.221796585889194
2014,29.221796585889194
2015,29.221796585889194
2016,29.221796585889194
2017,29.221796585889194
2018,29.221796585889194
2019,29.221796585889194
2020,29.221796585889194
2021,29.221796585889194
2022,29.221796585889194
2023,29.221796585889194
2024,29.221796585889194
2025,29.221796585889194
2026,29.221796585889194
2027,29.221796585889194
2028,29.221796585889194
2029,29.221796585889194
2030,29.221796585889194
2031,29.221796585889194
2032,29.221796585889194
2033,29.221796585889194
2034,29.221796585889194
2035,29.221796585889194
2036,29.221796585889194
2037,29.221796585889194
2038,29.221796585889194
2039,29.221796585889194
2040,29.221796585889194
2041,29.221796585889194
2042,29.221796585889194
2043,29.221796585889194
2044,29.221796585889194
2045,29.221796585889194
2046,29.221796585889194
2047,29.221796585889194
2048,29.221796585889194
2049,29.221796585889194
2050,29.221796585889194
2051,29.221796585889194
2052,29.221796585889194
2053,29.221796585889194
2054,29.221796585889194
2055,29.221796585889194
2056,29.221796585889194
2057,29.221796585889194
2058,29.221796585889194
2059,29.221796585889194
2060,29.221796585889194
2061,29.221796585889194
2062,29.221796585889194
2063,29.221796585889194
2064,29.221796585889194
2065,29.221796585889194
2066,29.221796585889194
2067,29.221796585889194
2068,29.221796585889194
2069,29.221796585889194
2070,29.221796585889194
2071,29.221796585889194
2072,29.221796585889194
2073,29.221796585889194
2074,29.221796585889194
2075,29.221796585889194
2076,29.221796585889194
2077,29.221796585889194
2078,29.221796585889194
2079,29.221796585889194
2080,29.221796585889194
2081,29.221796585889194
2082,29.221796585889194
2083,29.221796585889194
2084,29.221796585889194
2085,29.221796585889194
2086,29.221796585889194
2087,29.221796585889194
2088,29.221796585889194
2089,29.221796585889194
2090,29.221796585889194
2091,29.221796585889194
2092,29.221796585889194
2093,29.221796585889194
2094,29.221796585889194
2095,29.221796585889194
2096,29.221796585889194
2097,29.221796585889194
2098,29.221796585889194
2099,29.221796585889194
2100,29.221796585889194
2101,29.221796585889194
2102,29.221796585889194
2103,29.221796585889194
2104,29.221796585889194
2105,29.221796585889194
2106,29.221796585889194
2107,29.221796585889194
2108,29.221796585889194
2109,29.221796585889194
2110,29.221796585889194
2111,29.221796585889194
2112,29.221796585889194
2113,29.221796585889194
2114,29.221796585889194
2115,29.221796585889194
2116,29.221796585889194
2117,29.221796585889194
2118,29.221796585889194
2119,29.221796585889194
2120,29.221796585889194
2121,29.221796585889194
2122,29.221796585889194
2123,29.221796585889194
2124,29.221796585889194
2125,29.221796585889194
2126,29.221796585889194
2127,29.221796585889194
2128,29.221796585889194
2129,29.221796585889194
2130,29.221796585889194
2131,29.221796585889194
2132,29.221796585889194
2133,29.221796585889194
2134,29.221796585889194
2135,29.221796585889194
2136,29.221796585889194
2137,29.221796585889194
2138,29.221796585889194
2139,29.221796585889194
2140,29.221796585889194
2141,29.221796585889194
2142,29.221796585889194
2143,29.221796585889194
2144,29.221796585889194
2145,29.221796585889194
2146,29.221796585889194
2147,29.221796585889194
2148,29.221796585889194
2149,29.221796585889194
2150,29.221796585889194
2151,29.221796585889194
2152,29.221796585889194
2153,29.221796585889194
2154,29.221796585889194
2155,29.221796585889194
2156,29.221796585889194
2157,29.221796585889194
2158,29.221796585889194
2159,29.221796585889194
2160,29.221796585889194
2161,29.221796585889194
2162,29.221796585889194
2163,29.221796585889194
2164,29.221796585889194
2165,29.221796585889194
2166,29.221796585889194
2167,29.221796585889194
2168,29.221796585889194
2169,29.221796585889194
2170,29.221796585889194
2171,29.221796585889194
2172,29.221796585889194
2173,29.221796585889194
2174,29.221796585889194
2175,29.221796585889194
2176,29.221796585889194
2177,29.221796585889194
2178,29.221796585889194
2179,29.221796585889194
2180,29.221796585889194
2181,29.221796585889194
2182,29.221796585889194
2183,29.221796585889194
2184,29.221796585889194
2185,29.221796585889194
2186,29.221796585889194
2187,29.221796585889194
2188,29.221796585889194
2189,29.221796585889194
2190,29.221796585889194
2191,29.221796585889194
2192,29.221796585889194
2193,29.221796585889194
2194,29.221796585889194
2195,29.221796585889194
2196,29.221796585889194
2197,29.221796585889194
2198,29.221796585889194
2199,29.221796585889194
2200,29.221796585889194
2201,29.221796585889194
2202,29.221796585889194
2203,29.221796585889194
2204,29.221796585889194
2205,29.221796585889194
2206,29.221796585889194
2207,29.221796585889194
2208,29.221796585889194
2209,29.221796585889194
2210,29.221796585889194
2211,29.221796585889194
2212,29.221796585889194
2213,29.221796585889194
2214,29.221796585889194
2215,29.221796585889194
2216,29.221796585889194
2217,29.221796585889194
2218,29.221796585889194
2219,29.221796585889194
2220,29.221796585889194
2221,29.221796585889194
2222,29.221796585889194
2223,29.221796585889194
2224,29.221796585889194
2225,29.221796585889194
2226,29.221796585889194
2227,29.221796585889194
2228,29.221796585889194
2229,29.221796585889194
2230,29.221796585889194
2231,29.221796585889194
2232,29.221796585889194
2233,29.221796585889194
2234,29.221796585889194
2235,29.221796585889194
2236,29.221796585889194
2237,29.221796585889194
2238,29.221796585889194
2239,29.221796585889194
2240,29.221796585889194
2241,29.221796585889194
2242,29.221796585889194
2243,29.221796585889194
2244,29.221796585889194
2245,29.221796585889194
2246,29.221796585889194
2247,29.221796585889194
2248,29.221796585889194
2249,29.221796585889194
2250,29.221796585889194
2251,29.221796585889194
2252,29.221796585889194
2253,29.221796585889194
2254,29.221796585889194
2255,29.221796585889194
2256,29.221796585889194
2257,29.221796585889194
2258,29.221796585889194
2259,29.221796585889194
2260,29.221796585889194
2261,29.221796585889194
2262,29.221796585889194
2263,29.221796585889194
2264,29.221796585889194
2265,29.221796585889194
2266,29.221796585889194
2267,29.221796585889194
2268,29.221796585889194
2269,29.221796585889194
2270,29.221796585889194
2271,29.221796585889194
2272,29.221796585889194
2273,29.221796585889194
2274,29.221796585889194
2275,29.221796585889194
2276,29.221796585889194
2277,29.221796585889194
2278,29.221796585889194
2279,29.221796585889194
2280,29.221796585889194
2281,29.221796585889194
2282,29.221796585889194
2283,29.221796585889194
2284,29.221796585889194
2285,29.221796585889194
2286,29.221796585889194
2287,29.221796585889194
2288,29.221796585889194
2289,29.221796585889194
2290,29.221796585889194
2291,29.221796585889194
2292,29.221796585889194
2293,29.221796585889194
2294,29.221796585889194
2295,29.221796585889194
2296,29.221796585889194
2297,29.221796585889194
2298,29.221796585889194
2299,29.221796585889194
2300,29.221796585889194
2301,29.221796585889194
2302,29.221796585889194
2303,29.221796585889194
2304,29.221796585889194
2305,29.221796585889194
2306,29.221796585889194
2307,29.221796585889194
2308,29.221796585889194
2309,29.221796585889194
2310,29.221796585889194
2311,29.221796585889194
2312,29.221796585889194
2313,29.221796585889194
2314,29.221796585889194
2315,29.221796585889194
2316,29.221796585889194
2317,29.221796585889194
2318,29.221796585889194
2319,29.221796585889194
2320,29.221796585889194
2321,29.221796585889194
2322,29.221796585889194
2323,29.221796585889194
2324,29.221796585889194
2325,29.221796585889194
2326,29.221796585889194
2327,29.221796585889194
2328,29.221796585889194
2329,29.221796585889194
2330,29.221796585889194
2331,29.221796585889194
2332,29.221796585889194
2333,29.221796585889194
2334,29.221796585889194
2335,29.221796585889194
2336,29.221796585889194
2337,29.221796585889194
2338,29.221796585889194
2339,29.221796585889194
2340,29.221796585889194
2341,29.221796585889194
2342,29.221796585889194
2343,29.221796585889194
2344,29.221796585889194
2345,29.221796585889194
2346,29.221796585889194
2347,29.221796585889194
2348,29.221796585889194
2349,29.221796585889194
2350,29.221796585889194
2351,29.221796585889194
2352,29.221796585889194
2353,29.221796585889194
2354,29.221796585889194
2355,29.221796585889194
2356,29.221796585889194
2357,29.221796585889194
2358,29.221796585889194
2359,29.221796585889194
2360,29.221796585889194
2361,29.221796585889194
2362,29.221796585889194
2363,29.221796585889194
2364,29.221796585889194
2365,29.221796585889194
2366,29.221796585889194
2367,29.221796585889194
2368,29.221796585889194
2369,29.221796585889194
2370,29.221796585889194
2371,29.221796585889194
2372,29.221796585889194
2373,29.221796585889194
2374,29.221796585889194
2375,29.221796585889194
2376,29.221796585889194
2377,29.221796585889194
2378,29.221796585889194
2379,29.221796585889194
2380,29.221796585889194
2381,29.221796585889194
2382,29.221796585889194
2383,29.221796585889194
2384,29.221796585889194
2385,29.221796585889194
2386,29.221796585889194
2387,29.221796585889194
2388,29.221796585889194
2389,29.221796585889194
2390,29.221796585889194
2391,29.221796585889194
2392,29.221796585889194
2393,29.221796585889194
2394,29.221796585889194
2395,29.221796585889194
2396,29.221796585889194
2397,29.221796585889194
2398,29.221796585889194
2399,29.221796585889194
2400,29.221796585889194
2401,29.221796585889194
2402,29.221796585889194
2403,29.221796585889194
2404,29.221796585889194
2405,29.221796585889194
2406,29.221796585889194
2407,29.221796585889194
2408,29.221796585889194
2409,29.221796585889194
2410,29.221796585889194
2411,29.221796585889194
2412,29.221796585889194
2413,29.221796585889194
2414,29.221796585889194
2415,29.221796585889194
2416,29.221796585889194
2417,29.221796585889194
2418,29.221796585889194
2419,29.221796585889194
2420,29.221796585889194
2421,29.221796585889194
2422,29.221796585889194
2423,29.221796585889194
2424,29.221796585889194
2425,29.221796585889194
2426,29.221796585889194
2427,29.221796585889194
2428,29.221796585889194
2429,29.221796585889194
2430,29.221796585889194
2431,29.221796585889194
2432,29.221796585889194
2433,29.221796585889194
2434,29.221796585889194
2435,29.221796585889194
2436,29.221796585889194
2437,29.221796585889194
2438,29.221796585889194
2439,29.221796585889194
2440,29.221796585889194
2441,29.221796585889194
2442,29.221796585889194
2443,29.221796585889194
2444,29.221796585889194
2445,29.221796585889194
2446,29.221796585889194
2447,29.221796585889194
2448,29.221796585889194
2449,29.221796585889194
2450,29.221796585889194
2451,29.221796585889194
2452,29.221796585889194
2453,29.221796585889194
2454,29.221796585889194
2455,29.221796585889194
2456,29.221796585889194
2457,29.221796585889194
2458,29.221796585889194
2459,29.221796585889194
2460,29.221796585889194
2461,29.221796585889194
2462,29.221796585889194
2463,29.221796585889194
2464,29.221796585889194
2465,29.221796585889194
2466,29.221796585889194
2467,29.221796585889194
2468,29.221796585889194
2469,28.911879445921727
2470,28.911879445921727
2471,28.911879445921727
2472,28.911879445921727
2473,28.911879445921727
2474,28.911879445921727
2475,28.911879445921727
2476,28.911879445921727
2477,28.911879445921727
2478,28.911879445921727
2479,28.911879445921727
2480,28.911879445921727
2481,28.911879445921727
2482,28.911879445921727
2483,28.911879445921727
2484,28.911879445921727
2485,28.911879445921727
2486,28.911879445921727
2487,28.911879445921727
2488,28.911879445921727
2489,28.911879445921727
2490,28.911879445921727
2491,28.911879445921727
2492,28.911879445921727
2493,28.911879445921727
2494,28.911879445921727
2495,28.911879445921727
2496,28.911879445921727
2497,28.911879445921727
2498,28.911879445921727
2499,28.911879445921727
2500,28.911879445921727
2501,28.911879445921727
2502,28.911879445921727
2503,28.911879445921727
2504,28.911879445921727
2505,28.911879445921727
2506,28.911879445921727
2507,28.911879445921727
2508,28.911879445921727
2509,28.911879445921727
2510,28.911879445921727
2511,28.911879445921727
2512,28.911879445921727
2513,28.911879445921727
2514,28.911879445921727
2515,28.911879445921727
2516,28.911879445921727
2517,28.911879445921727
2518,28.911879445921727
2519,28.911879445921727
2520,28.911879445921727
2521,28.911879445921727
2522,28.911879445921727
2523,28.911879445921727
2524,28.911879445921727
2525,28.911879445921727
2526,28.911879445921727
2527,28.911879445921727
2528,28.911879445921727
2529,28.911879445921727
2530,28.911879445921727
2531,28.911879445921727
2532,28.911879445921727
2533,28.911879445921727
2534,28.911879445921727
2535,28.911879445921727
2536,28.911879445921727
2537,28.911879445921727
2538,28.911879445921727
2539,28.911879445921727
2540,28.911879445921727
2541,28.911879445921727
2542,28.911879445921727
2543,28.911879445921727
2544,28.911879445921727
2545,28.911879445921727
2546,28.911879445921727
2547,28.911879445921727
2548,28.911879445921727
2549,28.911879445921727
2550,28.911879445921727
2551,28.911879445921727
2552,28.911879445921727
2553,28.911879445921727
2554,28.911879445921727
2555,28.911879445921727
2556,28.911879445921727
2557,28.911879445921727
2558,28.911879445921727
2559,28.911879445921727
2560,28.911879445921727
2561,28.911879445921727
2562,28.911879445921727
2563,28.911879445921727
2564,28.911879445921727
2565,28.911879445921727
2566,28.911879445921727
2567,28.911879445921727
2568,28.911879445921727
2569,28.911879445921727
2570,28.911879445921727
2571,28.911879445921727
2572,28.911879445921727
2573,28.911879445921727
2574,28.911879445921727
2575,28.911879445921727
2576,28.911879445921727
2577,28.911879445921727
2578,28.911879445921727
2579,28.911879445921727
2580,28.911879445921727
2581,28.911879445921727
2582,28.911879445921727
2583,28.911879445921727
2584,28.911879445921727
2585,28.911879445921727
2586,28.911879445921727
2587,28.911879445921727
2588,28.911879445921727
2589,28.911879445921727
2590,28.911879445921727
2591,28.911879445921727
2592,28.911879445921727
2593,28.911879445921727
2594,28.911879445921727
2595,28.911879445921727
2596,28.911879445921727
2597,28.911879445921727
2598,28.911879445921727
2599,28.911879445921727
2600,28.911879445921727
2601,28.911879445921727
2602,28.911879445921727
2603,28.911879445921727
2604,28.911879445921727
2605,28.911879445921727
2606,28.911879445921727
2607,28.911879445921727
2608,28.911879445921727
2609,28.911879445921727
2610,28.911879445921727
2611,28.911879445921727
2612,28.911879445921727
2613,28.911879445921727
2614,28.911879445921727
2615,28.911879445921727
2616,28.911879445921727
2617,28.911879445921727
2618,28.911879445921727
2619,28.911879445921727
2620,28.911879445921727
2621,28.911879445921727
2622,28.911879445921727
2623,28.911879445921727
2624,28.911879445921727
2625,28.911879445921727
2626,28.911879445921727
2627,28.911879445921727
2628,28.911879445921727
2629,28.911879445921727
2630,28.911879445921727
2631,28.911879445921727
2632,28.911879445921727
2633,28.911879445921727
2634,28.911879445921727
2635,28.911879445921727
2636,28.911879445921727
2637,28.911879445921727
2638,28.911879445921727
2639,28.911879445921727
2640,28.911879445921727
2641,28.911879445921727
2642,28.911879445921727
2643,28.911879445921727
2644,28.911879445921727
2645,28.911879445921727
2646,28.911879445921727
2647,28.911879445921727
2648,28.911879445921727
2649,28.911879445921727
2650,28.911879445921727
2651,28.911879445921727
2652,28.911879445921727
2653,28.911879445921727
2654,28.911879445921727
2655,28.911879445921727
2656,28.911879445921727
2657,28.911879445921727
2658,28.911879445921727
2659,28.911879445921727
2660,28.911879445921727
2661,28.911879445921727
2662,28.911879445921727
2663,28.911879445921727
2664,28.911879445921727
2665,28.911879445921727
2666,28.911879445921727
2667,28.911879445921727
2668,28.911879445921727
2669,28.911879445921727
2670,28.911879445921727
2671,28.911879445921727
2672,28.911879445921727
2673,28.911879445921727
2674,28.911879445921727
2675,28.911879445921727
2676,28.911879445921727
2677,28.911879445921727
2678,28.911879445921727
2679,28.911879445921727
2680,28.911879445921727
2681,28.911879445921727
2682,28.911879445921727
2683,28.911879445921727
2684,28.911879445921727
2685,28.911879445921727
2686,28.911879445921727
2687,28.911879445921727
2688,28.911879445921727
2689,28.911879445921727
2690,28.911879445921727
2691,28.911879445921727
2692,28.911879445921727
2693,28.911879445921727
2694,28.911879445921727
2695,28.911879445921727
2696,28.911879445921727
2697,28.911879445921727
2698,28.911879445921727
2699,28.911879445921727
2700,28.911879445921727
2701,28.911879445921727
2702,28.911879445921727
2703,28.911879445921727
2704,28.911879445921727
2705,28.911879445921727
2706,28.911879445921727
2707,28.911879445921727
2708,28.911879445921727
2709,28.911879445921727
2710,28.911879445921727
2711,28.911879445921727
2712,28.911879445921727
2713,28.911879445921727
2714,28.911879445921727
2715,28.911879445921727
2716,28.911879445921727
2717,28.911879445921727
2718,28.911879445921727
2719,28.911879445921727
2720,28.911879445921727
2721,28.911879445921727
2722,28.911879445921727
2723,28.911879445921727
2724,28.911879445921727
2725,28.911879445921727
2726,28.911879445921727
2727,28.911879445921727
2728,28.911879445921727
2729,28.911879445921727
2730,28.911879445921727
2731,28.911879445921727
2732,28.911879445921727
2733,28.911879445921727
2734,28.911879445921727
2735,28.911879445921727
2736,28.911879445921727
2737,28.911879445921727
2738,28.911879445921727
2739,28.911879445921727
2740,28.911879445921727
2741,28.911879445921727
2742,28.911879445921727
2743,28.911879445921727
2744,28.911879445921727
2745,28.911879445921727
2746,28.911879445921727
2747,28.911879445921727
2748,28.911879445921727
2749,28.911879445921727
2750,28.911879445921727
2751,28.911879445921727
2752,28.911879445921727
2753,28.911879445921727
2754,28.911879445921727
2755,28.911879445921727
2756,28.911879445921727
2757,28.911879445921727
2758,28.911879445921727
2759,28.911879445921727
2760,28.911879445921727
2761,28.911879445921727
2762,28.911879445921727
2763,28.911879445921727
2764,28.911879445921727
2765,28.911879445921727
2766,28.911879445921727
2767,28.911879445921727
2768,28.911879445921727
2769,28.911879445921727
2770,28.911879445921727
2771,28.911879445921727
2772,28.911879445921727
2773,28.911879445921727
2774,28.911879445921727
2775,28.911879445921727
2776,28.911879445921727
2777,28.911879445921727
2778,28.911879445921727
2779,28.911879445921727
2780,28.911879445921727
2781,28.911879445921727
2782,28.911879445921727
2783,28.911879445921727
2784,28.911879445921727
2785,28.911879445921727
2786,28.911879445921727
2787,28.911879445921727
2788,28.911879445921727
2789,28.911879445921727
2790,28.911879445921727
2791,28.911879445921727
2792,28.911879445921727
2793,28.911879445921727
2794,28.911879445921727
2795,28.911879445921727
2796,28.911879445921727
2797,28.911879445921727
2798,28.911879445921727
2799,28.911879445921727
2800,28.911879445921727
2801,28.911879445921727
2802,28.911879445921727
2803,28.911879445921727
2804,28.911879445921727
2805,28.911879445921727
2806,28.911879445921727
2807,28.911879445921727
2808,28.911879445921727
2809,28.911879445921727
2810,28.911879445921727
2811,28.911879445921727
2812,28.911879445921727
2813,28.911879445921727
2814,28.911879445921727
2815,28.911879445921727
2816,28.911879445921727
2817,28.911879445921727
2818,28.911879445921727
2819,28.911879445921727
2820,28.911879445921727
2821,28.911879445921727
2822,28.911879445921727
2823,28.911879445921727
2824,28.911879445921727
2825,28.911879445921727
2826,28.911879445921727
2827,28.911879445921727
2828,28.911879445921727
2829,28.911879445921727
2830,28.911879445921727
2831,28.911879445921727
2832,28.911879445921727
2833,28.911879445921727
2834,28.911879445921727
2835,28.911879445921727
2836,28.911879445921727
2837,28.911879445921727
2838,28.911879445921727
2839,28.911879445921727
2840,28.911879445921727
2841,28.911879445921727
2842,28.911879445921727
2843,28.911879445921727
2844,28.911879445921727
2845,28.911879445921727
2846,28.911879445921727
2847,28.911879445921727
2848,28.911879445921727
2849,28.911879445921727
2850,28.911879445921727
2851,28.911879445921727
2852,28.911879445921727
2853,28.911879445921727
2854,28.911879445921727
2855,28.911879445921727
2856,28.911879445921727
2857,28.911879445921727
2858,28.911879445921727
2859,28.911879445921727
2860,28.911879445921727
2861,28.911879445921727
2862,28.911879445921727
2863,28.911879445921727
2864,28.911879445921727
2865,28.911879445921727
2866,28.911879445921727
2867,28.911879445921727
2868,28.911879445921727
2869,28.911879445921727
2870,28.911879445921727
2871,28.911879445921727
2872,28.911879445921727
2873,28.911879445921727
2874,28.911879445921727
2875,28.911879445921727
2876,28.911879445921727
2877,28.911879445921727
2878,28.911879445921727
2879,28.911879445921727
2880,28.911879445921727
2881,28.911879445921727
2882,28.911879445921727
2883,28.911879445921727
2884,28.911879445921727
2885,28.911879445921727
2886,28.911879445921727
2887,28.911879445921727
2888,28.911879445921727
2889,28.911879445921727
2890,28.911879445921727
2891,28.911879445921727
2892,28.911879445921727
2893,28.911879445921727
2894,28.911879445921727
2895,28.911879445921727
2896,28.911879445921727
2897,28.911879445921727
2898,28.911879445921727
2899,28.911879445921727
2900,28.911879445921727
2901,28.911879445921727
2902,28.911879445921727
2903,28.911879445921727
2904,28.911879445921727
2905,28.911879445921727
2906,28.911879445921727
2907,28.911879445921727
2908,28.911879445921727
2909,28.911879445921727
2910,28.911879445921727
2911,28.911879445921727
2912,28.911879445921727
2913,28.911879445921727
2914,28.911879445921727
2915,28.911879445921727
2916,28.911879445921727
2917,28.911879445921727
2918,28.911879445921727
2919,28.911879445921727
2920,28.911879445921727
2921,28.911879445921727
2922,28.911879445921727
2923,28.911879445921727
2924,28.911879445921727
2925,28.911879445921727
2926,28.911879445921727
2927,28.911879445921727
2928,28.911879445921727
2929,28.911879445921727
2930,28.911879445921727
2931,28.911879445921727
2932,28.911879445921727
2933,28.911879445921727
2934,28.911879445921727
2935,28.911879445921727
2936,28.911879445921727
2937,28.911879445921727
2938,28.911879445921727
2939,28.911879445921727
2940,28.911879445921727
2941,28.911879445921727
2942,28.911879445921727
2943,28.911879445921727
2944,28.911879445921727
2945,28.911879445921727
2946,28.911879445921727
2947,28.911879445921727
2948,28.911879445921727
2949,28.911879445921727
2950,28.911879445921727
2951,28.911879445921727
2952,28.911879445921727
2953,28.911879445921727
2954,28.911879445921727
2955,28.911879445921727
2956,28.911879445921727
2957,28.911879445921727
2958,28.911879445921727
2959,28.911879445921727
2960,28.911879445921727
2961,28.911879445921727
2962,28.911879445921727
2963,28.911879445921727
2964,28.911879445921727
2965,28.911879445921727
2966,28.911879445921727
2967,28.911879445921727
2968,28.911879445921727
2969,28.911879445921727
2970,28.911879445921727
2971,28.911879445921727
2972,28.911879445921727
2973,28.911879445921727
2974,28.911879445921727
2975,28.911879445921727
2976,28.911879445921727
2977,28.911879445921727
2978,28.911879445921727
2979,28.911879445921727
2980,28.911879445921727
2981,28.911879445921727
2982,28.911879445921727
2983,28.911879445921727
2984,28.911879445921727
2985,28.911879445921727
2986,28.911879445921727
2987,28.911879445921727
2988,28.911879445921727
2989,28.911879445921727
2990,28.911879445921727
2991,28.911879445921727
2992,28.911879445921727
2993,28.911879445921727
2994,28.911879445921727
2995,28.911879445921727
2996,28.911879445921727
2997,28.911879445921727
2998,28.911879445921727
2999,28.911879445921727
3000,28.911879445921727
3001,28.911879445921727
3002,28.911879445921727
3003,28.911879445921727
3004,28.911879445921727
3005,28.911879445921727
3006,28.911879445921727
3007,28.911879445921727
3008,28.911879445921727
3009,28.911879445921727
3010,28.911879445921727
3011,28.911879445921727
3012,28.911879445921727
3013,28.911879445921727
3014,28.911879445921727
3015,28.911879445921727
3016,28.911879445921727
3017,28.911879445921727
3018,28.911879445921727
3019,28.911879445921727
3020,28.911879445921727
3021,28.911879445921727
3022,28.911879445921727
3023,28.911879445921727
3024,28.911879445921727
3025,28.911879445921727
3026,28.911879445921727
3027,28.911879445921727
3028,28.911879445921727
3029,28.911879445921727
3030,28.911879445921727
3031,28.911879445921727
3032,28.911879445921727
3033,28.911879445921727
3034,28.911879445921727
3035,28.911879445921727
3036,28.911879445921727
3037,28.911879445921727
3038,28.911879445921727
3039,28.911879445921727
3040,28.911879445921727
3041,28.911879445921727
3042,28.911879445921727
3043,28.911879445921727
3044,28.911879445921727
3045,28.911879445921727
3046,28.911879445921727
3047,28.911879445921727
3048,28.911879445921727
3049,28.911879445921727
3050,28.911879445921727
3051,28.911879445921727
3052,28.911879445921727
3053,28.911879445921727
3054,28.911879445921727
3055,28.911879445921727
3056,28.911879445921727
3057,28.911879445921727
3058,28.911879445921727
3059,28.911879445921727
3060,28.911879445921727
3061,28.911879445921727
3062,28.911879445921727
3063,28.911879445921727
3064,28.911879445921727
3065,28.911879445921727
3066,28.911879445921727
3067,28.911879445921727
3068,28.911879445921727
3069,28.911879445921727
3070,28.911879445921727
3071,28.911879445921727
3072,28.911879445921727
3073,28.911879445921727
3074,28.911879445921727
3075,28.911879445921727
3076,28.911879445921727
3077,28.911879445921727
3078,28.911879445921727
3079,28.911879445921727
3080,28.911879445921727
3081,28.911879445921727
3082,28.911879445921727
3083,28.911879445921727
3084,28.911879445921727
3085,28.911879445921727
3086,28.911879445921727
3087,28.911879445921727
3088,28.911879445921727
3089,28.911879445921727
3090,28.911879445921727
3091,28.911879445921727
3092,28.911879445921727
3093,28.911879445921727
3094,28.911879445921727
3095,28.911879445921727
3096,28.911879445921727
3097,28.911879445921727
3098,28.911879445921727
3099,28.911879445921727
3100,28.911879445921727
3101,28.911879445921727
3102,28.911879445921727
3103,28.911879445921727
3104,28.911879445921727
3105,28.911879445921727
3106,28.911879445921727
3107,28.911879445921727
3108,28.911879445921727
3109,28.911879445921727
3110,28.911879445921727
3111,28.911879445921727
3112,28.911879445921727
3113,28.911879445921727
3114,28.911879445921727
3115,28.911879445921727
3116,28.911879445921727
3117,28.911879445921727
3118,28.911879445921727
3119,28.911879445921727
3120,28.911879445921727
3121,28.911879445921727
3122,28.911879445921727
3123,28.911879445921727
3124,28.911879445921727
3125,28.911879445921727
3126,28.911879445921727
3127,28.911879445921727
3128,28.911879445921727
3129,28.911879445921727
3130,28.911879445921727
3131,28.911879445921727
3132,28.911879445921727
3133,28.911879445921727
3134,28.911879445921727
3135,28.911879445921727
3136,28.911879445921727
3137,28.911879445921727
3138,28.911879445921727
3139,28.911879445921727
3140,28.911879445921727
3141,28.911879445921727
3142,28.911879445921727
3143,28.911879445921727
3144,28.911879445921727
3145,28.911879445921727
3146,28.911879445921727
3147,28.911879445921727
3148,28.911879445921727
3149,28.911879445921727
3150,28.911879445921727
3151,28.911879445921727
3152,28.911879445921727
3153,28.911879445921727
3154,28.911879445921727
3155,28.911879445921727
3156,28.911879445921727
3157,28.911879445921727
3158,28.911879445921727
3159,28.911879445921727
3160,28.911879445921727
3161,28.911879445921727
3162,28.911879445921727
3163,28.911879445921727
3164,28.911879445921727
3165,28.911879445921727
3166,28.911879445921727
3167,28.911879445921727
3168,28.911879445921727
3169,28.911879445921727
3170,28.911879445921727
3171,28.911879445921727
3172,28.911879445921727
3173,28.911879445921727
3174,28.911879445921727
3175,28.911879445921727
3176,28.911879445921727
3177,28.911879445921727
3178,28.911879445921727
3179,28.911879445921727
3180,28.911879445921727
3181,28.911879445921727
3182,28.911879445921727
3183,28.911879445921727
3184,28.911879445921727
3185,28.911879445921727
3186,28.911879445921727
3187,28.911879445921727
3188,28.911879445921727
3189,28.911879445921727
3190,28.911879445921727
3191,28.911879445921727
3192,28.911879445921727
3193,28.911879445921727
3194,28.911879445921727
3195,28.911879445921727
3196,28.911879445921727
3197,28.911879445921727
3198,28.911879445921727
3199,28.911879445921727
3200,28.911879445921727
3201,28.911879445921727
3202,28.911879445921727
3203,28.911879445921727
3204,28.911879445921727
3205,28.911879445921727
3206,28.911879445921727
3207,28.911879445921727
3208,28.911879445921727
3209,28.911879445921727
3210,28.911879445921727
3211,28.911879445921727
3212,28.911879445921727
3213,28.911879445921727
3214,28.911879445921727
3215,28.911879445921727
3216,28.911879445921727
3217,28.911879445921727
3218,28.911879445921727
3219,28.911879445921727
3220,28.911879445921727
3221,28.911879445921727
3222,28.911879445921727
3223,28.911879445921727
3224,28.911879445921727
3225,28.911879445921727
3226,28.911879445921727
3227,28.911879445921727
3228,28.911879445921727
3229,28.911879445921727
3230,28.911879445921727
3231,28.911879445921727
3232,28.911879445921727
3233,28.911879445921727
3234,28.911879445921727
3235,28.911879445921727
3236,28.911879445921727
3237,28.911879445921727
3238,28.911879445921727
3239,28.911879445921727
3240,28.911879445921727
3241,28.911879445921727
3242,28.911879445921727
3243,28.911879445921727
3244,28.911879445921727
3245,28.911879445921727
3246,28.911879445921727
3247,28.911879445921727
3248,28.911879445921727
3249,28.911879445921727
3250,28.911879445921727
3251,28.911879445921727
3252,28.911879445921727
3253,28.911879445921727
3254,28.911879445921727
3255,28.911879445921727
3256,28.911879445921727
3257,28.911879445921727
3258,28.911879445921727
3259,28.911879445921727
3260,28.911879445921727
3261,28.911879445921727
3262,28.911879445921727
3263,28.911879445921727
3264,28.911879445921727
3265,28.911879445921727
3266,28.911879445921727
3267,28.911879445921727
3268,28.911879445921727
3269,28.911879445921727
3270,28.911879445921727
3271,28.911879445921727
3272,28.911879445921727
3273,28.911879445921727
3274,28.911879445921727
3275,28.911879445921727
3276,28.911879445921727
3277,28.911879445921727
3278,28.911879445921727
3279,28.911879445921727
3280,28.911879445921727
3281,28.911879445921727
3282,28.911879445921727
3283,28.911879445921727
3284,28.911879445921727
3285,28.911879445921727
3286,28.911879445921727
3287,28.911879445921727
3288,28.911879445921727
3289,28.911879445921727
3290,28.911879445921727
3291,28.911879445921727
3292,28.911879445921727
3293,28.911879445921727
3294,28.911879445921727
3295,28.911879445921727
3296,28.911879445921727
3297,28.911879445921727
3298,28.911879445921727
3299,28.911879445921727
3300,28.911879445921727
3301,28.911879445921727
3302,28.911879445921727
3303,28.911879445921727
3304,28.911879445921727
3305,28.911879445921727
3306,28.911879445921727
3307,28.911879445921727
3308,28.911879445921727
3309,28.911879445921727
3310,28.911879445921727
3311,28.911879445921727
3312,28.911879445921727
3313,28.911879445921727
3314,28.911879445921727
3315,28.911879445921727
3316,28.911879445921727
3317,28.911879445921727
3318,28.911879445921727
3319,28.911879445921727
3320,28.911879445921727
3321,28.911879445921727
3322,28.911879445921727
3323,28.911879445921727
3324,28.911879445921727
3325,28.911879445921727
3326,28.911879445921727
3327,28.911879445921727
3328,28.911879445921727
3329,28.911879445921727
3330,28.911879445921727
3331,28.911879445921727
3332,28.911879445921727
3333,28.911879445921727
3334,28.911879445921727
3335,28.911879445921727
3336,28.911879445921727
3337,28.911879445921727
3338,28.911879445921727
3339,28.911879445921727
3340,28.911879445921727
3341,28.911879445921727
3342,28.911879445921727
3343,28.911879445921727
3344,28.911879445921727
3345,28.911879445921727
3346,28.911879445921727
3347,28.911879445921727
3348,28.911879445921727
3349,28.911879445921727
3350,28.911879445921727
3351,28.911879445921727
3352,28.911879445921727
3353,28.911879445921727
3354,28.911879445921727
3355,28.911879445921727
3356,28.911879445921727
3357,28.911879445921727
3358,28.911879445921727
3359,28.911879445921727
3360,28.911879445921727
3361,28.911879445921727
3362,28.911879445921727
3363,28.911879445921727
3364,28.911879445921727
3365,28.911879445921727
3366,28.911879445921727
3367,28.911879445921727
3368,28.911879445921727
3369,28.911879445921727
3370,28.911879445921727
3371,28.911879445921727
3372,28.911879445921727
3373,28.911879445921727
3374,28.911879445921727
3375,28.911879445921727
3376,28.911879445921727
3377,28.911879445921727
3378,28.911879445921727
3379,28.911879445921727
3380,28.911879445921727
3381,28.911879445921727
3382,28.911879445921727
3383,28.911879445921727
3384,28.911879445921727
3385,28.911879445921727
3386,28.911879445921727
3387,28.911879445921727
3388,28.911879445921727
3389,28.911879445921727
3390,28.911879445921727
3391,28.911879445921727
3392,28.911879445921727
3393,28.911879445921727
3394,28.911879445921727
3395,28.911879445921727
3396,28.911879445921727
3397,28.911879445921727
3398,28.911879445921727
3399,28.911879445921727
3400,28.911879445921727
3401,28.911879445921727
3402,28.911879445921727
3403,28.911879445921727
3404,28.911879445921727
3405,28.911879445921727
3406,28.911879445921727
3407,28.911879445921727
3408,28.911879445921727
3409,28.911879445921727
3410,28.911879445921727
3411,28.911879445921727
3412,28.911879445921727
3413,28.911879445921727
3414,28.911879445921727
3415,28.911879445921727
3416,28.911879445921727
3417,28.911879445921727
3418,28.911879445921727
3419,28.911879445921727
3420,28.911879445921727
3421,28.911879445921727
3422,28.911879445921727
3423,28.911879445921727
3424,28.911879445921727
3425,28.911879445921727
3426,28.911879445921727
3427,28.911879445921727
3428,28.911879445921727
3429,28.911879445921727
3430,28.911879445921727
3431,28.911879445921727
3432,28.911879445921727
3433,28.911879445921727
3434,28.911879445921727
3435,28.911879445921727
3436,28.911879445921727
3437,28.911879445921727
3438,28.911879445921727
3439,28.911879445921727
3440,28.911879445921727
3441,28.911879445921727
3442,28.911879445921727
3443,28.911879445921727
3444,28.911879445921727
3445,28.911879445921727
3446,28.911879445921727
3447,28.911879445921727
3448,28.911879445921727
3449,28.911879445921727
3450,28.911879445921727
3451,28.911879445921727
3452,28.911879445921727
3453,28.911879445921727
3454,28.911879445921727
3455,28.911879445921727
3456,28.911879445921727
3457,28.911879445921727
3458,28.911879445921727
3459,28.911879445921727
3460,28.911879445921727
3461,28.911879445921727
3462,28.911879445921727
3463,28.911879445921727
3464,28.911879445921727
3465,28.911879445921727
3466,28.911879445921727
3467,28.911879445921727
3468,28.911879445921727
3469,28.911879445921727
3470,28.911879445921727
3471,28.911879445921727
3472,28.911879445921727
3473,28.911879445921727
3474,28.911879445921727
3475,28.911879445921727
3476,28.911879445921727
3477,28.911879445921727
3478,28.911879445921727
3479,28.911879445921727
3480,28.911879445921727
3481,28.911879445921727
3482,28.911879445921727
3483,28.911879445921727
3484,28.911879445921727
3485,28.911879445921727
3486,28.911879445921727
3487,28.911879445921727
3488,28.911879445921727
3489,28.911879445921727
3490,28.911879445921727
3491,28.911879445921727
3492,28.911879445921727
3493,28.911879445921727
3494,28.911879445921727
3495,28.911879445921727
3496,28.911879445921727
3497,28.911879445921727
3498,28.911879445921727
3499,28.911879445921727
3500,28.911879445921727
3501,28.911879445921727
3502,28.911879445921727
3503,28.911879445921727
3504,28.911879445921727
3505,28.911879445921727
3506,28.911879445921727
3507,28.911879445921727
3508,28.911879445921727
3509,28.911879445921727
3510,28.911879445921727
3511,28.911879445921727
3512,28.911879445921727
3513,28.911879445921727
3514,28.911879445921727
3515,28.911879445921727
3516,28.911879445921727
3517,28.911879445921727
3518,28.911879445921727
3519,28.911879445921727
3520,28.911879445921727
3521,28.911879445921727
3522,28.911879445921727
3523,28.911879445921727
3524,28.911879445921727
3525,28.911879445921727
3526,28.911879445921727
3527,28.911879445921727
3528,28.911879445921727
3529,28.911879445921727
3530,28.911879445921727
3531,28.911879445921727
3532,28.911879445921727
3533,28.911879445921727
3534,28.911879445921727
3535,28.911879445921727
3536,28.911879445921727
3537,28.911879445921727
3538,28.911879445921727
3539,28.911879445921727
3540,28.911879445921727
3541,28.911879445921727
3542,28.911879445921727
3543,28.911879445921727
3544,28.911879445921727
3545,28.911879445921727
3546,28.911879445921727
3547,28.911879445921727
3548,28.911879445921727
3549,28.911879445921727
3550,28.911879445921727
3551,28.911879445921727
3552,28.911879445921727
3553,28.911879445921727
3554,28.911879445921727
3555,28.911879445921727
3556,28.911879445921727
3557,28.911879445921727
3558,28.911879445921727
3559,28.911879445921727
3560,28.911879445921727
3561,28.911879445921727
3562,28.911879445921727
3563,28.911879445921727
3564,28.911879445921727
3565,28.911879445921727
3566,28.911879445921727
3567,28.911879445921727
3568,28.911879445921727
3569,28.911879445921727
3570,28.911879445921727
3571,28.911879445921727
3572,28.911879445921727
3573,28.911879445921727
3574,28.911879445921727
3575,28.911879445921727
3576,28.911879445921727
3577,28.911879445921727
3578,28.911879445921727
3579,28.911879445921727
3580,28.911879445921727
3581,28.911879445921727
3582,28.911879445921727
3583,28.911879445921727
3584,28.911879445921727
3585,28.911879445921727
3586,28.911879445921727
3587,28.911879445921727
3588,28.911879445921727
3589,28.911879445921727
3590,28.911879445921727
3591,28.911879445921727
3592,28.911879445921727
3593,28.911879445921727
3594,28.911879445921727
3595,28.911879445921727
3596,28.911879445921727
3597,28.911879445921727
3598,28.911879445921727
3599,28.911879445921727
3600,28.911879445921727
3601,28.911879445921727
3602,28.911879445921727
3603,28.911879445921727
3604,28.911879445921727
3605,28.911879445921727
3606,28.911879445921727
3607,28.911879445921727
3608,28.911879445921727
3609,28.911879445921727
3610,28.911879445921727
3611,28.911879445921727
3612,28.911879445921727
3613,28.911879445921727
3614,28.911879445921727
3615,28.911879445921727
3616,28.911879445921727
3617,28.911879445921727
3618,28.911879445921727
3619,28.911879445921727
3620,28.911879445921727
3621,28.911879445921727
3622,28.911879445921727
3623,28.911879445921727
3624,28.911879445921727
3625,28.911879445921727
3626,28.911879445921727
3627,28.911879445921727
3628,28.911879445921727
3629,28.911879445921727
3630,28.911879445921727
3631,28.911879445921727
3632,28.911879445921727
3633,28.911879445921727
3634,28.911879445921727
3635,28.911879445921727
3636,28.911879445921727
3637,28.911879445921727
3638,28.911879445921727
3639,28.911879445921727
3640,28.911879445921727
3641,28.911879445921727
3642,28.911879445921727
3643,28.911879445921727
3644,28.911879445921727
3645,28.911879445921727
3646,28.911879445921727
3647,28.911879445921727
3648,28.911879445921727
3649,28.911879445921727
3650,28.911879445921727
3651,28.911879445921727
3652,28.911879445921727
3653,28.911879445921727
3654,28.911879445921727
3655,28.911879445921727
3656,28.911879445921727
3657,28.911879445921727
3658,28.911879445921727
3659,28.911879445921727
3660,28.911879445921727
3661,28.911879445921727
3662,28.911879445921727
3663,28.911879445921727
3664,28.911879445921727
3665,28.911879445921727
3666,28.911879445921727
3667,28.911879445921727
3668,28.911879445921727
3669,28.911879445921727
3670,28.911879445921727
3671,28.911879445921727
3672,28.911879445921727
3673,28.911879445921727
3674,28.911879445921727
3675,28.911879445921727
3676,28.911879445921727
3677,28.911879445921727
3678,28.911879445921727
3679,28.911879445921727
3680,28.911879445921727
3681,28.911879445921727
3682,28.911879445921727
3683,28.911879445921727
3684,28.911879445921727
3685,28.911879445921727
3686,28.911879445921727
3687,28.911879445921727
3688,28.911879445921727
3689,28.911879445921727
3690,28.911879445921727
3691,28.911879445921727
3692,28.911879445921727
3693,28.911879445921727
3694,28.911879445921727
3695,28.911879445921727
3696,28.911879445921727
3697,28.911879445921727
3698,28.911879445921727
3699,28.911879445921727
3700,28.911879445921727
3701,28.911879445921727
3702,28.911879445921727
3703,28.911879445921727
3704,28.911879445921727
3705,28.911879445921727
3706,28.911879445921727
3707,28.911879445921727
3708,28.911879445921727
3709,28.911879445921727
3710,28.911879445921727
3711,28.911879445921727
3712,28.911879445921727
3713,28.911879445921727
3714,28.911879445921727
3715,28.911879445921727
3716,28.911879445921727
3717,28.911879445921727
3718,28.911879445921727
3719,28.911879445921727
3720,28.911879445921727
3721,28.911879445921727
3722,28.911879445921727
3723,28.911879445921727
3724,28.911879445921727
3725,28.911879445921727
3726,28.911879445921727
3727,28.911879445921727
3728,28.911879445921727
3729,28.911879445921727
3730,28.911879445921727
3731,28.911879445921727
3732,28.911879445921727
3733,28.911879445921727
3734,28.911879445921727
3735,28.911879445921727
3736,28.911879445921727
3737,28.911879445921727
3738,28.911879445921727
3739,28.911879445921727
3740,28.911879445921727
3741,28.911879445921727
3742,28.911879445921727
3743,28.911879445921727
3744,28.911879445921727
3745,28.911879445921727
3746,28.911879445921727
3747,28.911879445921727
3748,28.911879445921727
3749,28.911879445921727
3750,28.911879445921727
3751,28.911879445921727
3752,28.911879445921727
3753,28.911879445921727
3754,28.911879445921727
3755,28.911879445921727
3756,28.911879445921727
3757,28.911879445921727
3758,28.911879445921727
3759,28.911879445921727
3760,28.911879445921727
3761,28.911879445921727
3762,28.911879445921727
3763,28.911879445921727
3764,28.911879445921727
3765,28.911879445921727
3766,28.911879445921727
3767,28.911879445921727
3768,28.911879445921727
3769,28.911879445921727
3770,28.911879445921727
3771,28.911879445921727
3772,28.911879445921727
3773,28.911879445921727
3774,28.911879445921727
3775,28.911879445921727
3776,28.911879445921727
3777,28.911879445921727
3778,28.911879445921727
3779,28.911879445921727
3780,28.911879445921727
3781,28.911879445921727
3782,28.911879445921727
3783,28.911879445921727
3784,28.911879445921727
3785,28.911879445921727
3786,28.911879445921727
3787,28.911879445921727
3788,28.911879445921727
3789,28.911879445921727
3790,28.911879445921727
3791,28.911879445921727
3792,28.911879445921727
3793,28.911879445921727
3794,28.911879445921727
3795,28.911879445921727
3796,28.911879445921727
3797,28.911879445921727
3798,28.911879445921727
3799,28.911879445921727
3800,28.911879445921727
3801,28.911879445921727
3802,28.911879445921727
3803,28.911879445921727
3804,28.911879445921727
3805,28.911879445921727
3806,28.911879445921727
3807,28.911879445921727
3808,28.911879445921727
3809,28.911879445921727
3810,28.911879445921727
3811,28.911879445921727
3812,28.911879445921727
3813,28.911879445921727
3814,28.911879445921727
3815,28.911879445921727
3816,28.911879445921727
3817,28.911879445921727
3818,28.911879445921727
3819,28.911879445921727
3820,28.911879445921727
3821,28.911879445921727
3822,28.911879445921727
3823,28.911879445921727
3824,28.911879445921727
3825,28.911879445921727
3826,28.911879445921727
3827,28.911879445921727
3828,28.911879445921727
3829,28.911879445921727
3830,28.911879445921727
3831,28.911879445921727
3832,28.911879445921727
3833,28.911879445921727
3834,28.911879445921727
3835,28.911879445921727
3836,28.911879445921727
3837,28.911879445921727
3838,28.911879445921727
3839,28.911879445921727
3840,28.911879445921727
3841,28.911879445921727
3842,28.911879445921727
3843,28.911879445921727
3844,28.911879445921727
3845,28.911879445921727
3846,28.911879445921727
3847,28.911879445921727
3848,28.911879445921727
3849,28.911879445921727
3850,28.911879445921727
3851,28.911879445921727
3852,28.911879445921727
3853,28.911879445921727
3854,28.911879445921727
3855,28.911879445921727
3856,28.911879445921727
3857,28.911879445921727
3858,28.911879445921727
3859,28.911879445921727
3860,28.911879445921727
3861,28.911879445921727
3862,28.911879445921727
3863,28.911879445921727
3864,28.911879445921727
3865,28.911879445921727
3866,28.911879445921727
3867,28.911879445921727
3868,28.911879445921727
3869,28.911879445921727
3870,28.911879445921727
3871,28.911879445921727
3872,28.911879445921727
3873,28.911879445921727
3874,28.911879445921727
3875,28.911879445921727
3876,28.911879445921727
3877,28.911879445921727
3878,28.911879445921727
3879,28.911879445921727
3880,28.911879445921727
3881,28.911879445921727
3882,28.911879445921727
3883,28.911879445921727
3884,28.911879445921727
3885,28.911879445921727
3886,28.911879445921727
3887,28.911879445921727
3888,28.911879445921727
3889,28.911879445921727
3890,28.911879445921727
3891,28.911879445921727
3892,28.911879445921727
3893,28.911879445921727
3894,28.911879445921727
3895,28.911879445921727
3896,28.911879445921727
3897,28.911879445921727
3898,28.911879445921727
3899,28.911879445921727
3900,28.911879445921727
3901,28.911879445921727
3902,28.911879445921727
3903,28.911879445921727
3904,28.911879445921727
3905,28.911879445921727
3906,28.911879445921727
3907,28.911879445921727
3908,28.911879445921727
3909,28.911879445921727
3910,28.911879445921727
3911,28.911879445921727
3912,28.911879445921727
3913,28.911879445921727
3914,28.911879445921727
3915,28.911879445921727
3916,28.911879445921727
3917,28.911879445921727
3918,28.911879445921727
3919,28.911879445921727
3920,28.911879445921727
3921,28.911879445921727
3922,28.911879445921727
3923,28.911879445921727
3924,28.911879445921727
3925,28.911879445921727
3926,28.911879445921727
3927,28.911879445921727
3928,28.911879445921727
3929,28.911879445921727
3930,28.911879445921727
3931,28.911879445921727
3932,28.911879445921727
3933,28.911879445921727
3934,28.911879445921727
3935,28.911879445921727
3936,28.911879445921727
3937,28.911879445921727
3938,28.911879445921727
3939,28.911879445921727
3940,28.911879445921727
3941,28.911879445921727
3942,28.911879445921727
3943,28.911879445921727
3944,28.911879445921727
3945,28.911879445921727
3946,28.911879445921727
3947,28.911879445921727
3948,28.911879445921727
3949,28.911879445921727
3950,28.911879445921727
3951,28.911879445921727
3952,28.911879445921727
3953,28.911879445921727
3954,28.911879445921727
3955,28.911879445921727
3956,28.911879445921727
3957,28.911879445921727
3958,28.911879445921727
3959,28.911879445921727
3960,28.911879445921727
3961,28.911879445921727
3962,28.911879445921727
3963,28.911879445921727
3964,28.911879445921727
3965,28.911879445921727
3966,28.911879445921727
3967,28.911879445921727
3968,28.911879445921727
3969,28.911879445921727
3970,28.911879445921727
3971,28.911879445921727
3972,28.911879445921727
3973,28.911879445921727
3974,28.911879445921727
3975,28.911879445921727
3976,28.911879445921727
3977,28.911879445921727
3978,28.911879445921727
3979,28.911879445921727
3980,28.911879445921727
3981,28.911879445921727
3982,28.911879445921727
3983,28.911879445921727
3984,28.911879445921727
3985,28.911879445921727
3986,28.911879445921727
3987,28.911879445921727
3988,28.911879445921727
3989,28.911879445921727
3990,28.911879445921727
3991,28.911879445921727
3992,28.911879445921727
3993,28.911879445921727
3994,28.911879445921727
3995,28.911879445921727
3996,28.911879445921727
3997,28.911879445921727
3998,28.911879445921727
3999,28.911879445921727
4000,28.911879445921727
