0 -7.295656851730295
1 -8.615691153856032
2 -9.274778961777484
3 -9.667693192339744
4 -10.211932981285353
5 -10.211932981285353
6 -10.298419526003666
7 -10.379254914634332
8 -10.683432246184038
9 -11.172229849598159
10 -11.172229849598159
11 -11.172229849598159
12 -11.232756121909308
13 -11.509337404202347
14 -11.756632280243373
15 -11.756632280243373
16 -11.756632280243373
17 -11.756632280243373
18 -11.818767817339245
19 -12.190715468787813
20 -12.190715468787813
21 -12.190715468787813
22 -12.190715468787813
23 -12.253562819139967
24 -12.447076476658804
25 -12.447076476658804
26 -12.447076476658804
27 -12.447076476658804
28 -12.513167438941483
29 -12.661540230626086
30 -12.661540230626086
31 -12.661540230626086
32 -12.661540230626086
33 -12.705606931812692
34 -13.073563133680405
35 -13.073563133680405
36 -13.073563133680405
37 -13.129022189119961
38 -13.17075224712489
39 -13.30932235650125
40 -13.30932235650125
41 -13.30932235650125
42 -13.30932235650125
43 -13.331065114970615
44 -13.47688477292925
45 -13.47688477292925
46 -13.47688477292925
47 -13.47688477292925
48 -13.49255290874578
49 -13.643716266374753
50 -13.643716266374753
51 -13.643716266374753
52 -13.643716266374753
53 -13.678356587595262
54 -13.766026536969855
55 -13.766026536969855
56 -13.766026536969855
57 -13.766026536969855
58 -13.766026536969855
59 -13.85617460437149
60 -13.85617460437149
61 -13.85617460437149
62 -13.85617460437149
63 -13.85617460437149
64 -14.122303096530366
65 -14.122303096530366
66 -14.122303096530366
67 -14.122303096530366
68 -14.137159243644625
69 -14.188340305634496
70 -14.188340305634496
71 -14.188340305634496
72 -14.188340305634496
73 -14.188340305634496
74 -14.324265281032798
75 -14.324265281032798
76 -14.324265281032798
77 -14.324265281032798
78 -14.324265281032798
79 -14.380567064011773
80 -14.380567064011773
81 -14.380567064011773
82 -14.380567064011773
83 -14.380567064011773
84 -14.441117520267165
85 -14.441117520267165
86 -14.441117520267165
87 -14.441117520267165
88 -14.442307460388697
89 -14.675499361930367
90 -14.675499361930367
91 -14.675499361930367
92 -14.675499361930367
93 -14.675499361930367
94 -14.689030181034147
95 -14.689030181034147
96 -14.689030181034147
97 -14.689030181034147
98 -14.70144615153642
99 -14.795062339568444
100 -14.795062339568444
101 -14.795062339568444
102 -14.795062339568444
103 -14.809719251059237
104 -14.834637826824354
105 -14.834637826824354
106 -14.834637826824354
107 -14.834637826824354
108 -14.834637826824354
109 -14.88524169517309
110 -14.88524169517309
111 -14.88524169517309
112 -14.88524169517309
113 -14.88524169517309
114 -15.056931610041524
115 -15.056931610041524
116 -15.056931610041524
117 -15.056931610041524
118 -15.056931610041524
119 -15.14117842647609
120 -15.14117842647609
121 -15.14117842647609
122 -15.14117842647609
123 -15.14117842647609
124 -15.214352378219981
125 -15.214352378219981
126 -15.214352378219981
127 -15.214352378219981
128 -15.21870875144222
129 -15.251171175914218
130 -15.251171175914218
131 -15.251171175914218
132 -15.251171175914218
133 -15.251380704187273
134 -15.326310257469459
135 -15.326310257469459
136 -15.326310257469459
137 -15.326310257469459
138 -15.326310257469459
139 -15.415611164762925
140 -15.415611164762925
141 -15.415611164762925
142 -15.415611164762925
143 -15.415611164762925
144 -15.4458043874802
145 -15.4458043874802
146 -15.4458043874802
147 -15.4458043874802
148 -15.4458043874802
149 -15.560649750773011
150 -15.560649750773011
151 -15.560649750773011
152 -15.560649750773011
153 -15.560649750773011
154 -15.659843196929156
155 -15.659843196929156
156 -15.659843196929156
157 -15.659843196929156
158 -15.659843196929156
159 -15.737893714034142
160 -15.737893714034142
161 -15.737893714034142
162 -15.737893714034142
163 -15.737893714034142
164 -15.972707400546646
165 -15.972707400546646
166 -15.972707400546646
167 -15.972707400546646
168 -15.978028415692613
169 -16.00913623972617
170 -16.00913623972617
171 -16.00913623972617
172 -16.00913623972617
173 -16.00913623972617
174 -16.072370146034647
175 -16.072370146034647
176 -16.072370146034647
177 -16.072370146034647
178 -16.083445237077953
179 -16.136413427691615
180 -16.136413427691615
181 -16.136413427691615
182 -16.136413427691615
183 -16.136413427691615
184 -16.186095407134193
185 -16.186095407134193
186 -16.186095407134193
187 -16.186095407134193
188 -16.186095407134193
189 -16.202672911395037
190 -16.202672911395037
191 -16.202672911395037
192 -16.202672911395037
193 -16.202672911395037
194 -16.270100581916644
195 -16.270100581916644
196 -16.270100581916644
197 -16.270100581916644
198 -16.270100581916644
199 -16.311281991461602
200 -16.311281991461602
201 -16.311281991461602
202 -16.311281991461602
203 -16.311281991461602
204 -16.36101967078752
205 -16.36101967078752
206 -16.36101967078752
207 -16.36101967078752
208 -16.36101967078752
209 -16.383382162294552
210 -16.383382162294552
211 -16.383382162294552
212 -16.383382162294552
213 -16.383382162294552
214 -16.425882392008592
215 -16.425882392008592
216 -16.425882392008592
217 -16.425882392008592
218 -16.425882392008592
219 -16.494580593814753
220 -16.494580593814753
221 -16.494580593814753
222 -16.494580593814753
223 -16.494580593814753
224 -16.502193646628676
225 -16.502193646628676
226 -16.502193646628676
227 -16.502193646628676
228 -16.502193646628676
229 -16.543509890228727
230 -16.543509890228727
231 -16.543509890228727
232 -16.543509890228727
233 -16.54759193586806
234 -16.60820344672911
235 -16.60820344672911
236 -16.60820344672911
237 -16.60820344672911
238 -16.60820344672911
239 -16.631127182967223
240 -16.631127182967223
241 -16.631127182967223
242 -16.631127182967223
243 -16.631127182967223
244 -16.73019284534434
245 -16.73019284534434
246 -16.73019284534434
247 -16.73019284534434
248 -16.73019284534434
249 -16.76792632814311
250 -16.76792632814311
251 -16.76792632814311
252 -16.76792632814311
253 -16.76792632814311
254 -16.82131979815479
255 -16.82131979815479
256 -16.82131979815479
257 -16.82131979815479
258 -16.8261278546852
259 -16.920893017723774
260 -16.920893017723774
261 -16.920893017723774
262 -16.920893017723774
263 -16.920893017723774
264 -16.931504372905533
265 -16.931504372905533
266 -16.931504372905533
267 -16.931504372905533
268 -16.931504372905533
269 -16.946280868083825
270 -16.946280868083825
271 -16.946280868083825
272 -16.946280868083825
273 -16.946280868083825
274 -16.996847966090744
275 -16.996847966090744
276 -16.996847966090744
277 -16.996847966090744
278 -16.996847966090744
279 -17.02705217119302
280 -17.02705217119302
281 -17.02705217119302
282 -17.02705217119302
283 -17.042686931723193
284 -17.06068697604287
285 -17.06068697604287
286 -17.06068697604287
287 -17.06068697604287
288 -17.06068697604287
289 -17.114645744105896
290 -17.114645744105896
291 -17.114645744105896
292 -17.114645744105896
293 -17.114645744105896
294 -17.230964399514473
295 -17.230964399514473
296 -17.230964399514473
297 -17.230964399514473
298 -17.230964399514473
299 -17.327292155480418
300 -17.327292155480418
301 -17.327292155480418
302 -17.327292155480418
303 -17.353513492502973
304 -17.378637274181838
305 -17.378637274181838
306 -17.378637274181838
307 -17.378637274181838
308 -17.378637274181838
309 -17.50629065307761
310 -17.50629065307761
311 -17.50629065307761
312 -17.50629065307761
313 -17.50629065307761
314 -17.618922736598773
315 -17.618922736598773
316 -17.618922736598773
317 -17.618922736598773
318 -17.618922736598773
319 -17.618922736598773
320 -17.618922736598773
321 -17.618922736598773
322 -17.618922736598773
323 -17.618922736598773
324 -17.62369511211562
325 -17.62369511211562
326 -17.62369511211562
327 -17.62369511211562
328 -17.62369511211562
329 -17.659555488235657
330 -17.659555488235657
331 -17.659555488235657
332 -17.659555488235657
333 -17.659555488235657
334 -17.729372408511406
335 -17.729372408511406
336 -17.729372408511406
337 -17.729372408511406
338 -17.729372408511406
339 -17.752534944691035
340 -17.752534944691035
341 -17.752534944691035
342 -17.752534944691035
343 -17.752534944691035
344 -17.798600968657393
345 -17.798600968657393
346 -17.798600968657393
347 -17.798600968657393
348 -17.798600968657393
349 -17.850468572327227
350 -17.850468572327227
351 -17.850468572327227
352 -17.850468572327227
353 -17.850468572327227
354 -17.883102151186552
355 -17.883102151186552
356 -17.883102151186552
357 -17.883102151186552
358 -17.883102151186552
359 -17.90983914884189
360 -17.90983914884189
361 -17.90983914884189
362 -17.90983914884189
363 -17.90983914884189
364 -17.94068134985679
365 -17.94068134985679
366 -17.94068134985679
367 -17.94068134985679
368 -17.94068134985679
369 -18.012293730251532
370 -18.012293730251532
371 -18.012293730251532
372 -18.012293730251532
373 -18.01568689213555
374 -18.043001805138083
375 -18.043001805138083
376 -18.043001805138083
377 -18.043001805138083
378 -18.043001805138083
379 -18.12480162095069
380 -18.12480162095069
381 -18.12480162095069
382 -18.12480162095069
383 -18.12480162095069
384 -18.152401090448905
385 -18.152401090448905
386 -18.152401090448905
387 -18.152401090448905
388 -18.152401090448905
389 -18.20644630976474
390 -18.20644630976474
391 -18.20644630976474
392 -18.20644630976474
393 -18.20644630976474
394 -18.30922763470045
395 -18.30922763470045
396 -18.30922763470045
397 -18.30922763470045
398 -18.30922763470045
399 -18.379056613234045
400 -18.379056613234045
401 -18.379056613234045
402 -18.379056613234045
403 -18.393459198111373
404 -18.46672236806338
405 -18.46672236806338
406 -18.46672236806338
407 -18.46672236806338
408 -18.46672236806338
409 -18.52942905868415
410 -18.52942905868415
411 -18.52942905868415
412 -18.52942905868415
413 -18.52942905868415
414 -18.57097671000609
415 -18.57097671000609
416 -18.57097671000609
417 -18.57097671000609
418 -18.57097671000609
419 -18.6537715604915
420 -18.6537715604915
421 -18.6537715604915
422 -18.6537715604915
423 -18.6537715604915
424 -18.68609388121762
425 -18.68609388121762
426 -18.68609388121762
427 -18.68609388121762
428 -18.68609388121762
429 -18.70183397777942
430 -18.70183397777942
431 -18.70183397777942
432 -18.70183397777942
433 -18.70183397777942
434 -18.72773860725024
435 -18.72773860725024
436 -18.72773860725024
437 -18.72773860725024
438 -18.72773860725024
439 -18.750084356407875
440 -18.750084356407875
441 -18.750084356407875
442 -18.750084356407875
443 -18.750084356407875
444 -18.77410183785549
445 -18.77410183785549
446 -18.77410183785549
447 -18.77410183785549
448 -18.77410183785549
449 -18.85921810063822
450 -18.85921810063822
451 -18.85921810063822
452 -18.85921810063822
453 -18.85921810063822
454 -18.917653602613388
455 -18.917653602613388
456 -18.917653602613388
457 -18.917653602613388
458 -18.917653602613388
459 -18.96978539835329
460 -18.96978539835329
461 -18.96978539835329
462 -18.96978539835329
463 -18.96978539835329
464 -19.026662989835888
465 -19.026662989835888
466 -19.026662989835888
467 -19.026662989835888
468 -19.026662989835888
469 -19.0785832953702
470 -19.0785832953702
471 -19.0785832953702
472 -19.0785832953702
473 -19.0785832953702
474 -19.102717276965315
475 -19.102717276965315
476 -19.102717276965315
477 -19.102717276965315
478 -19.102717276965315
479 -19.17256536573347
480 -19.17256536573347
481 -19.17256536573347
482 -19.17256536573347
483 -19.17256536573347
484 -19.20159305470996
485 -19.20159305470996
486 -19.20159305470996
487 -19.20159305470996
488 -19.20159305470996
489 -19.209594008550084
490 -19.209594008550084
491 -19.209594008550084
492 -19.209594008550084
493 -19.209594008550084
494 -19.3376723838807
495 -19.3376723838807
496 -19.3376723838807
497 -19.3376723838807
498 -19.34087665073184
499 -19.38796178147634
500 -19.38796178147634
501 -19.38796178147634
502 -19.38796178147634
503 -19.38796178147634
504 -19.422436345923323
505 -19.422436345923323
506 -19.422436345923323
507 -19.422436345923323
508 -19.422436345923323
509 -19.463932172310702
510 -19.463932172310702
511 -19.463932172310702
512 -19.463932172310702
513 -19.463932172310702
514 -19.617137553105913
515 -19.617137553105913
516 -19.617137553105913
517 -19.617137553105913
518 -19.617137553105913
519 -19.62868931939372
520 -19.62868931939372
521 -19.62868931939372
522 -19.62868931939372
523 -19.62868931939372
524 -19.765401454434045
525 -19.765401454434045
526 -19.765401454434045
527 -19.765401454434045
528 -19.765401454434045
529 -19.818996534859867
530 -19.818996534859867
531 -19.818996534859867
532 -19.818996534859867
533 -19.818996534859867
534 -19.845604752748162
535 -19.845604752748162
536 -19.845604752748162
537 -19.845604752748162
538 -19.845604752748162
539 -19.87638853680737
540 -19.87638853680737
541 -19.87638853680737
542 -19.87638853680737
543 -19.87638853680737
544 -19.91815765854385
545 -19.91815765854385
546 -19.91815765854385
547 -19.91815765854385
548 -19.91815765854385
549 -20.008432610630386
550 -20.008432610630386
551 -20.008432610630386
552 -20.008432610630386
553 -20.008432610630386
554 -20.115180002737027
555 -20.115180002737027
556 -20.115180002737027
557 -20.115180002737027
558 -20.115180002737027
559 -20.15419054063151
560 -20.15419054063151
561 -20.15419054063151
562 -20.15419054063151
563 -20.15419054063151
564 -20.229701097560728
565 -20.229701097560728
566 -20.229701097560728
567 -20.229701097560728
568 -20.229701097560728
569 -20.295908467355314
570 -20.295908467355314
571 -20.295908467355314
572 -20.295908467355314
573 -20.295908467355314
574 -20.311585129027637
575 -20.311585129027637
576 -20.311585129027637
577 -20.311585129027637
578 -20.311585129027637
579 -20.35108846068463
580 -20.35108846068463
581 -20.35108846068463
582 -20.35108846068463
583 -20.35108846068463
584 -20.39248129378999
585 -20.39248129378999
586 -20.39248129378999
587 -20.39248129378999
588 -20.39248129378999
589 -20.43528798226726
590 -20.43528798226726
591 -20.43528798226726
592 -20.43528798226726
593 -20.43528798226726
594 -20.560260424246938
595 -20.560260424246938
596 -20.560260424246938
597 -20.560260424246938
598 -20.560515985413247
599 -20.657560957905595
600 -20.657560957905595
601 -20.657560957905595
602 -20.657560957905595
603 -20.657560957905595
604 -20.769683219351442
605 -20.769683219351442
606 -20.769683219351442
607 -20.769683219351442
608 -20.769683219351442
609 -20.7948992158102
610 -20.7948992158102
611 -20.7948992158102
612 -20.7948992158102
613 -20.7948992158102
614 -20.81592957060864
615 -20.81592957060864
616 -20.81592957060864
617 -20.81592957060864
618 -20.81592957060864
619 -20.890847911307766
620 -20.890847911307766
621 -20.890847911307766
622 -20.890847911307766
623 -20.890847911307766
624 -20.949733202488645
625 -20.949733202488645
626 -20.949733202488645
627 -20.949733202488645
628 -20.96207418797807
629 -20.98295644232063
630 -20.98295644232063
631 -20.98295644232063
632 -20.98295644232063
633 -20.98295644232063
634 -21.08044847092309
635 -21.08044847092309
636 -21.08044847092309
637 -21.08044847092309
638 -21.08044847092309
639 -21.170356718887795
640 -21.170356718887795
641 -21.170356718887795
642 -21.170356718887795
643 -21.170356718887795
644 -21.208106167247156
645 -21.208106167247156
646 -21.208106167247156
647 -21.208106167247156
648 -21.208106167247156
649 -21.223834570153183
650 -21.223834570153183
651 -21.223834570153183
652 -21.223834570153183
653 -21.243302063043398
654 -21.33114516003441
655 -21.33114516003441
656 -21.33114516003441
657 -21.33114516003441
658 -21.369638544228994
659 -21.51945007719028
660 -21.51945007719028
661 -21.51945007719028
662 -21.51945007719028
663 -21.51945007719028
664 -21.59590311403709
665 -21.59590311403709
666 -21.59590311403709
667 -21.59590311403709
668 -21.59590311403709
669 -21.636542203782675
670 -21.636542203782675
671 -21.636542203782675
672 -21.636542203782675
673 -21.636542203782675
674 -21.745599933788395
675 -21.745599933788395
676 -21.745599933788395
677 -21.745599933788395
678 -21.745599933788395
679 -21.777239188057877
680 -21.777239188057877
681 -21.777239188057877
682 -21.777239188057877
683 -21.790810523390906
684 -21.834319671747604
685 -21.834319671747604
686 -21.834319671747604
687 -21.834319671747604
688 -21.834319671747604
689 -21.905388181148584
690 -21.905388181148584
691 -21.905388181148584
692 -21.905388181148584
693 -21.905388181148584
694 -21.921340004632842
695 -21.921340004632842
696 -21.921340004632842
697 -21.921340004632842
698 -21.921340004632842
699 -21.943918105562936
700 -21.943918105562936
701 -21.943918105562936
702 -21.943918105562936
703 -21.968054650790965
704 -22.040436521858776
705 -22.040436521858776
706 -22.040436521858776
707 -22.040436521858776
708 -22.05255920932696
709 -22.09512812548915
710 -22.09512812548915
711 -22.09512812548915
712 -22.09512812548915
713 -22.09512812548915
714 -22.13044519118886
715 -22.13044519118886
716 -22.13044519118886
717 -22.13044519118886
718 -22.13044519118886
719 -22.171181603715336
720 -22.171181603715336
721 -22.171181603715336
722 -22.171181603715336
723 -22.171181603715336
724 -22.194264117826346
725 -22.194264117826346
726 -22.194264117826346
727 -22.194264117826346
728 -22.194264117826346
729 -22.267890560657637
730 -22.267890560657637
731 -22.267890560657637
732 -22.267890560657637
733 -22.267890560657637
734 -22.337381397391997
735 -22.337381397391997
736 -22.337381397391997
737 -22.337381397391997
738 -22.337381397391997
739 -22.35655681965502
740 -22.35655681965502
741 -22.35655681965502
742 -22.35655681965502
743 -22.35655681965502
744 -22.520862835146314
745 -22.520862835146314
746 -22.520862835146314
747 -22.520862835146314
748 -22.52090981594837
749 -22.606638285293624
750 -22.606638285293624
751 -22.606638285293624
752 -22.606638285293624
753 -22.606638285293624
754 -22.62245362950204
755 -22.62245362950204
756 -22.62245362950204
757 -22.62245362950204
758 -22.62245362950204
759 -22.67831021955395
760 -22.67831021955395
761 -22.67831021955395
762 -22.67831021955395
763 -22.67831021955395
764 -22.72108881014299
765 -22.72108881014299
766 -22.72108881014299
767 -22.72108881014299
768 -22.72108881014299
769 -22.830451111524162
770 -22.830451111524162
771 -22.830451111524162
772 -22.830451111524162
773 -22.830451111524162
774 -22.867598170520065
775 -22.867598170520065
776 -22.867598170520065
777 -22.867598170520065
778 -22.867598170520065
779 -22.93429773180427
780 -22.93429773180427
781 -22.93429773180427
782 -22.93429773180427
783 -22.94250644254062
784 -23.003254158539054
785 -23.003254158539054
786 -23.003254158539054
787 -23.003254158539054
788 -23.003254158539054
789 -23.054196673661178
790 -23.054196673661178
791 -23.054196673661178
792 -23.054196673661178
793 -23.054196673661178
794 -23.09832262291917
795 -23.09832262291917
796 -23.09832262291917
797 -23.09832262291917
798 -23.09832262291917
799 -23.168724335021942
800 -23.168724335021942
801 -23.168724335021942
802 -23.168724335021942
803 -23.168724335021942
804 -23.191632324466
805 -23.191632324466
806 -23.191632324466
807 -23.191632324466
808 -23.191632324466
809 -23.27940541784776
810 -23.27940541784776
811 -23.27940541784776
812 -23.27940541784776
813 -23.27940541784776
814 -23.33305147349669
815 -23.33305147349669
816 -23.33305147349669
817 -23.33305147349669
818 -23.33305147349669
819 -23.36681892774716
820 -23.36681892774716
821 -23.36681892774716
822 -23.36681892774716
823 -23.37067278307668
824 -23.418096396690157
825 -23.418096396690157
826 -23.418096396690157
827 -23.418096396690157
828 -23.418096396690157
829 -23.45577436598525
830 -23.45577436598525
831 -23.45577436598525
832 -23.45577436598525
833 -23.45577436598525
834 -23.482271040799105
835 -23.482271040799105
836 -23.482271040799105
837 -23.482271040799105
838 -23.482271040799105
839 -23.513926827841765
840 -23.513926827841765
841 -23.513926827841765
842 -23.513926827841765
843 -23.513926827841765
844 -23.5823141533752
845 -23.5823141533752
846 -23.5823141533752
847 -23.5823141533752
848 -23.5823141533752
849 -23.600678781225305
850 -23.600678781225305
851 -23.600678781225305
852 -23.600678781225305
853 -23.600678781225305
854 -23.649466126570175
855 -23.649466126570175
856 -23.649466126570175
857 -23.649466126570175
858 -23.64995708965318
859 -23.686280257451426
860 -23.686280257451426
861 -23.686280257451426
862 -23.686280257451426
863 -23.686280257451426
864 -23.73602951751481
865 -23.73602951751481
866 -23.73602951751481
867 -23.73602951751481
868 -23.73602951751481
869 -23.764626364676378
870 -23.764626364676378
871 -23.764626364676378
872 -23.764626364676378
873 -23.764626364676378
874 -23.81116582053688
875 -23.81116582053688
876 -23.81116582053688
877 -23.81116582053688
878 -23.81116582053688
879 -23.854891894992956
880 -23.854891894992956
881 -23.854891894992956
882 -23.854891894992956
883 -23.854891894992956
884 -23.890822227703893
885 -23.890822227703893
886 -23.890822227703893
887 -23.890822227703893
888 -23.890822227703893
889 -23.910136650373442
890 -23.910136650373442
891 -23.910136650373442
892 -23.910136650373442
893 -23.910136650373442
894 -23.996423708385183
895 -23.996423708385183
896 -23.996423708385183
897 -23.996423708385183
898 -23.996423708385183
899 -24.015215019985305
900 -24.015215019985305
901 -24.015215019985305
902 -24.015215019985305
903 -24.015215019985305
904 -24.051079999359818
905 -24.051079999359818
906 -24.051079999359818
907 -24.051079999359818
908 -24.051079999359818
909 -24.091100561218024
910 -24.091100561218024
911 -24.091100561218024
912 -24.091100561218024
913 -24.091100561218024
914 -24.1200693241727
915 -24.1200693241727
916 -24.1200693241727
917 -24.1200693241727
918 -24.1200693241727
919 -24.162782502468428
920 -24.162782502468428
921 -24.162782502468428
922 -24.162782502468428
923 -24.162782502468428
924 -24.17480842660478
925 -24.17480842660478
926 -24.17480842660478
927 -24.17480842660478
928 -24.17480842660478
929 -24.19594970661358
930 -24.19594970661358
931 -24.19594970661358
932 -24.19594970661358
933 -24.19594970661358
934 -24.220663670374286
935 -24.220663670374286
936 -24.220663670374286
937 -24.220663670374286
938 -24.220663670374286
939 -24.24258495714982
940 -24.24258495714982
941 -24.24258495714982
942 -24.24258495714982
943 -24.249975967048236
944 -24.270587241739715
945 -24.270587241739715
946 -24.270587241739715
947 -24.270587241739715
948 -24.270587241739715
949 -24.295701656748886
950 -24.295701656748886
951 -24.295701656748886
952 -24.295701656748886
953 -24.295701656748886
954 -24.318857285157893
955 -24.318857285157893
956 -24.318857285157893
957 -24.318857285157893
958 -24.318857285157893
959 -24.349785972940563
960 -24.349785972940563
961 -24.349785972940563
962 -24.349785972940563
963 -24.349785972940563
964 -24.37260932904279
965 -24.37260932904279
966 -24.37260932904279
967 -24.37260932904279
968 -24.37260932904279
969 -24.387187262490873
970 -24.387187262490873
971 -24.387187262490873
972 -24.387187262490873
973 -24.387187262490873
974 -24.416765449852278
975 -24.416765449852278
976 -24.416765449852278
977 -24.416765449852278
978 -24.418155474496206
979 -24.425861146719434
980 -24.425861146719434
981 -24.425861146719434
982 -24.425861146719434
983 -24.43255194908393
984 -24.467370404077734
985 -24.467370404077734
986 -24.467370404077734
987 -24.467370404077734
988 -24.468672017851492
989 -24.50096778413104
990 -24.50096778413104
991 -24.50096778413104
992 -24.50096778413104
993 -24.50096778413104
994 -24.53610333661517
995 -24.53610333661517
996 -24.53610333661517
997 -24.53610333661517
998 -24.539015894526504
999 -24.56554916099174
1000 -24.56554916099174
1001 -24.56554916099174
1002 -24.56554916099174
1003 -24.56554916099174
1004 -24.578123710450946
1005 -24.578123710450946
1006 -24.578123710450946
1007 -24.578123710450946
1008 -24.578123710450946
1009 -24.60004378534247
1010 -24.60004378534247
1011 -24.60004378534247
1012 -24.60004378534247
1013 -24.60004378534247
1014 -24.6177424688835
1015 -24.6177424688835
1016 -24.6177424688835
1017 -24.6177424688835
1018 -24.6177424688835
1019 -24.639616347544372
1020 -24.639616347544372
1021 -24.639616347544372
1022 -24.639616347544372
1023 -24.639616347544372
1024 -24.660719557478238
1025 -24.660719557478238
1026 -24.660719557478238
1027 -24.660719557478238
1028 -24.660719557478238
1029 -24.679525249557848
1030 -24.679525249557848
1031 -24.679525249557848
1032 -24.679525249557848
1033 -24.68687289995789
1034 -24.722917458798563
1035 -24.722917458798563
1036 -24.722917458798563
1037 -24.722917458798563
1038 -24.722917458798563
1039 -24.744808345575976
1040 -24.744808345575976
1041 -24.744808345575976
1042 -24.744808345575976
1043 -24.744808345575976
1044 -24.769544137344944
1045 -24.769544137344944
1046 -24.769544137344944
1047 -24.769544137344944
1048 -24.769544137344944
1049 -24.79632108668022
1050 -24.79632108668022
1051 -24.79632108668022
1052 -24.79632108668022
1053 -24.798361279013182
1054 -24.832127529910387
1055 -24.832127529910387
1056 -24.832127529910387
1057 -24.832127529910387
1058 -24.840985390433243
1059 -24.853484915448416
1060 -24.853484915448416
1061 -24.853484915448416
1062 -24.853484915448416
1063 -24.853484915448416
1064 -24.86246321659558
1065 -24.86246321659558
1066 -24.86246321659558
1067 -24.86246321659558
1068 -24.86246321659558
1069 -24.87862479075056
1070 -24.87862479075056
1071 -24.87862479075056
1072 -24.87862479075056
1073 -24.87862479075056
1074 -24.888153045005208
1075 -24.888153045005208
1076 -24.888153045005208
1077 -24.888153045005208
1078 -24.888153045005208
1079 -24.894701944791297
1080 -24.894701944791297
1081 -24.894701944791297
1082 -24.894701944791297
1083 -24.894701944791297
1084 -24.905533170919547
1085 -24.905533170919547
1086 -24.905533170919547
1087 -24.905533170919547
1088 -24.905533170919547
1089 -24.921453621646535
1090 -24.921453621646535
1091 -24.921453621646535
1092 -24.921453621646535
1093 -24.921453621646535
1094 -24.941314634091196
1095 -24.941314634091196
1096 -24.941314634091196
1097 -24.941314634091196
1098 -24.941314634091196
1099 -24.95882321920944
1100 -24.95882321920944
1101 -24.95882321920944
1102 -24.95882321920944
1103 -24.95882321920944
1104 -24.96579822448957
1105 -24.96579822448957
1106 -24.96579822448957
1107 -24.96579822448957
1108 -24.96579822448957
1109 -24.980737905948192
1110 -24.980737905948192
1111 -24.980737905948192
1112 -24.980737905948192
1113 -24.980737905948192
1114 -25.003358492106564
1115 -25.003358492106564
1116 -25.003358492106564
1117 -25.003358492106564
1118 -25.003358492106564
1119 -25.014219096552257
1120 -25.014219096552257
1121 -25.014219096552257
1122 -25.014219096552257
1123 -25.01525854286684
1124 -25.02876139726642
1125 -25.02876139726642
1126 -25.02876139726642
1127 -25.02876139726642
1128 -25.02876139726642
1129 -25.042382533720545
1130 -25.042382533720545
1131 -25.042382533720545
1132 -25.042382533720545
1133 -25.042612625854513
1134 -25.05377093615417
1135 -25.05377093615417
1136 -25.05377093615417
1137 -25.05377093615417
1138 -25.05377093615417
1139 -25.067341847087974
1140 -25.067341847087974
1141 -25.067341847087974
1142 -25.067341847087974
1143 -25.067341847087974
1144 -25.068480336194288
1145 -25.068480336194288
1146 -25.068480336194288
1147 -25.068480336194288
1148 -25.068480336194288
1149 -25.077023438951958
1150 -25.077023438951958
1151 -25.077023438951958
1152 -25.077023438951958
1153 -25.077023438951958
1154 -25.086178274613403
1155 -25.086178274613403
1156 -25.086178274613403
1157 -25.086178274613403
1158 -25.086178274613403
1159 -25.092966409996873
1160 -25.092966409996873
1161 -25.092966409996873
1162 -25.092966409996873
1163 -25.092966409996873
1164 -25.10527165649535
1165 -25.10527165649535
1166 -25.10527165649535
1167 -25.10527165649535
1168 -25.10577044052075
1169 -25.118601661774264
1170 -25.118601661774264
1171 -25.118601661774264
1172 -25.118601661774264
1173 -25.118601661774264
1174 -25.131937977655692
1175 -25.131937977655692
1176 -25.131937977655692
1177 -25.131937977655692
1178 -25.132317282548737
1179 -25.14440610720851
1180 -25.14440610720851
1181 -25.14440610720851
1182 -25.14440610720851
1183 -25.14440610720851
1184 -25.15217131135245
1185 -25.15217131135245
1186 -25.15217131135245
1187 -25.15217131135245
1188 -25.15217131135245
1189 -25.161141900028678
1190 -25.161141900028678
1191 -25.161141900028678
1192 -25.161141900028678
1193 -25.161141900028678
1194 -25.172687404171768
1195 -25.172687404171768
1196 -25.172687404171768
1197 -25.172687404171768
1198 -25.172687404171768
1199 -25.17900435320672
1200 -25.17900435320672
1201 -25.17900435320672
1202 -25.17900435320672
1203 -25.17900435320672
1204 -25.183257755932114
1205 -25.183257755932114
1206 -25.183257755932114
1207 -25.183257755932114
1208 -25.183810742560773
1209 -25.190890357605216
1210 -25.190890357605216
1211 -25.190890357605216
1212 -25.190890357605216
1213 -25.190890357605216
1214 -25.19759567488042
1215 -25.19759567488042
1216 -25.19759567488042
1217 -25.19759567488042
1218 -25.197999754476278
1219 -25.20771183436404
1220 -25.20771183436404
1221 -25.20771183436404
1222 -25.20771183436404
1223 -25.20771183436404
1224 -25.216127775759517
1225 -25.216127775759517
1226 -25.216127775759517
1227 -25.216127775759517
1228 -25.216127775759517
1229 -25.223587967832007
1230 -25.223587967832007
1231 -25.223587967832007
1232 -25.223587967832007
1233 -25.2238654139401
1234 -25.233958470735427
1235 -25.233958470735427
1236 -25.233958470735427
1237 -25.233958470735427
1238 -25.233958470735427
1239 -25.24265815537454
1240 -25.24265815537454
1241 -25.24265815537454
1242 -25.24265815537454
1243 -25.24265815537454
1244 -25.250214330946168
1245 -25.250214330946168
1246 -25.250214330946168
1247 -25.250214330946168
1248 -25.250214330946168
1249 -25.25428724980899
1250 -25.25428724980899
1251 -25.25428724980899
1252 -25.25428724980899
1253 -25.25428724980899
1254 -25.26170419729629
1255 -25.26170419729629
1256 -25.26170419729629
1257 -25.26170419729629
1258 -25.26170419729629
1259 -25.26608786163229
1260 -25.26608786163229
1261 -25.26608786163229
1262 -25.26608786163229
1263 -25.26608786163229
1264 -25.270201731364264
1265 -25.270201731364264
1266 -25.270201731364264
1267 -25.270201731364264
1268 -25.270201731364264
1269 -25.27914645071377
1270 -25.27914645071377
1271 -25.27914645071377
1272 -25.27914645071377
1273 -25.27914645071377
1274 -25.28198638521133
1275 -25.28198638521133
1276 -25.28198638521133
1277 -25.28198638521133
1278 -25.28198638521133
1279 -25.289604449373527
1280 -25.289604449373527
1281 -25.289604449373527
1282 -25.289604449373527
1283 -25.289604449373527
1284 -25.29554767029764
1285 -25.29554767029764
1286 -25.29554767029764
1287 -25.29554767029764
1288 -25.295862605116213
1289 -25.304380345661396
1290 -25.304380345661396
1291 -25.304380345661396
1292 -25.304380345661396
1293 -25.304380345661396
1294 -25.311264163291263
1295 -25.311264163291263
1296 -25.311264163291263
1297 -25.311264163291263
1298 -25.311264163291263
1299 -25.31691553684761
1300 -25.31691553684761
1301 -25.31691553684761
1302 -25.31691553684761
1303 -25.31691553684761
1304 -25.320057612373855
1305 -25.320057612373855
1306 -25.320057612373855
1307 -25.320057612373855
1308 -25.320057612373855
1309 -25.324055168752107
1310 -25.324055168752107
1311 -25.324055168752107
1312 -25.324055168752107
1313 -25.324055168752107
1314 -25.32968637388096
1315 -25.32968637388096
1316 -25.32968637388096
1317 -25.32968637388096
1318 -25.32968637388096
1319 -25.333806865350155
1320 -25.333806865350155
1321 -25.333806865350155
1322 -25.333806865350155
1323 -25.33401081930643
1324 -25.341534382588318
1325 -25.341534382588318
1326 -25.341534382588318
1327 -25.341534382588318
1328 -25.341534382588318
1329 -25.346279357004253
1330 -25.346279357004253
1331 -25.346279357004253
1332 -25.346279357004253
1333 -25.346279357004253
1334 -25.349205764170538
1335 -25.349205764170538
1336 -25.349205764170538
1337 -25.349205764170538
1338 -25.349563132241773
1339 -25.35574186977057
1340 -25.35574186977057
1341 -25.35574186977057
1342 -25.35574186977057
1343 -25.35574186977057
1344 -25.357160359887835
1345 -25.357160359887835
1346 -25.357160359887835
1347 -25.357160359887835
1348 -25.357160359887835
1349 -25.359633922341406
1350 -25.359633922341406
1351 -25.359633922341406
1352 -25.359633922341406
1353 -25.359633922341406
1354 -25.365070950725862
1355 -25.365070950725862
1356 -25.365070950725862
1357 -25.365070950725862
1358 -25.365070950725862
1359 -25.372529968385795
1360 -25.372529968385795
1361 -25.372529968385795
1362 -25.372529968385795
1363 -25.372529968385795
1364 -25.376691645154075
1365 -25.376691645154075
1366 -25.376691645154075
1367 -25.376691645154075
1368 -25.376691645154075
1369 -25.37987248354246
1370 -25.37987248354246
1371 -25.37987248354246
1372 -25.37987248354246
1373 -25.37987248354246
1374 -25.38393101484955
1375 -25.38393101484955
1376 -25.38393101484955
1377 -25.38393101484955
1378 -25.38393101484955
1379 -25.387605879564706
1380 -25.387605879564706
1381 -25.387605879564706
1382 -25.387605879564706
1383 -25.38780091357684
1384 -25.393192784834106
1385 -25.393192784834106
1386 -25.393192784834106
1387 -25.393192784834106
1388 -25.393192784834106
1389 -25.395329002114345
1390 -25.395329002114345
1391 -25.395329002114345
1392 -25.395329002114345
1393 -25.395329002114345
1394 -25.397264081761673
1395 -25.397264081761673
1396 -25.397264081761673
1397 -25.397264081761673
1398 -25.397264081761673
1399 -25.39984931287382
1400 -25.39984931287382
1401 -25.39984931287382
1402 -25.39984931287382
1403 -25.39984931287382
1404 -25.405816902153802
1405 -25.405816902153802
1406 -25.405816902153802
1407 -25.405816902153802
1408 -25.405816902153802
1409 -25.4102637282279
1410 -25.4102637282279
1411 -25.4102637282279
1412 -25.4102637282279
1413 -25.4102637282279
1414 -25.413293710336117
1415 -25.413293710336117
1416 -25.413293710336117
1417 -25.413293710336117
1418 -25.413293710336117
1419 -25.41434902310319
1420 -25.41434902310319
1421 -25.41434902310319
1422 -25.41434902310319
1423 -25.41434902310319
1424 -25.4163694532458
1425 -25.4163694532458
1426 -25.4163694532458
1427 -25.4163694532458
1428 -25.4163694532458
1429 -25.418040143497173
1430 -25.418040143497173
1431 -25.418040143497173
1432 -25.418040143497173
1433 -25.418164906382383
1434 -25.420659208925773
1435 -25.420659208925773
1436 -25.420659208925773
1437 -25.420659208925773
1438 -25.420659208925773
1439 -25.422180534403836
1440 -25.422180534403836
1441 -25.422180534403836
1442 -25.422180534403836
1443 -25.422180534403836
1444 -25.424584300024232
1445 -25.424584300024232
1446 -25.424584300024232
1447 -25.424584300024232
1448 -25.42513679244392
1449 -25.42866120446085
1450 -25.42866120446085
1451 -25.42866120446085
1452 -25.42866120446085
1453 -25.430095726696884
1454 -25.433508430890992
1455 -25.433508430890992
1456 -25.433508430890992
1457 -25.433508430890992
1458 -25.433508430890992
1459 -25.434196347349026
1460 -25.434196347349026
1461 -25.434196347349026
1462 -25.434196347349026
1463 -25.434196347349026
1464 -25.43680038279939
1465 -25.43680038279939
1466 -25.43680038279939
1467 -25.43680038279939
1468 -25.437016701469634
1469 -25.439008152499568
1470 -25.439008152499568
1471 -25.439008152499568
1472 -25.439008152499568
1473 -25.439008152499568
1474 -25.44115769802325
1475 -25.44115769802325
1476 -25.44115769802325
1477 -25.44115769802325
1478 -25.44115769802325
1479 -25.445169786086673
1480 -25.445169786086673
1481 -25.445169786086673
1482 -25.445169786086673
1483 -25.445169786086673
1484 -25.447250482928826
1485 -25.447250482928826
1486 -25.447250482928826
1487 -25.447250482928826
1488 -25.447250482928826
1489 -25.450887368988553
1490 -25.450887368988553
1491 -25.450887368988553
1492 -25.450887368988553
1493 -25.45129968145223
1494 -25.453230004106548
1495 -25.453230004106548
1496 -25.453230004106548
1497 -25.453230004106548
1498 -25.453230004106548
1499 -25.45420486380089
1500 -25.45420486380089
1501 -25.45420486380089
1502 -25.45420486380089
1503 -25.454724500570517
1504 -25.455618298155187
1505 -25.455618298155187
1506 -25.455618298155187
1507 -25.455618298155187
1508 -25.455939142446756
1509 -25.458310361020246
1510 -25.458310361020246
1511 -25.458310361020246
1512 -25.458310361020246
1513 -25.458310361020246
1514 -25.4605086167265
1515 -25.4605086167265
1516 -25.4605086167265
1517 -25.4605086167265
1518 -25.4605086167265
1519 -25.463662402458063
1520 -25.463662402458063
1521 -25.463662402458063
1522 -25.463662402458063
1523 -25.463662402458063
1524 -25.465436476197247
1525 -25.465436476197247
1526 -25.465436476197247
1527 -25.465436476197247
1528 -25.46548817026365
1529 -25.468528735262346
1530 -25.468528735262346
1531 -25.468528735262346
1532 -25.468528735262346
1533 -25.468528735262346
1534 -25.470292500460037
1535 -25.470292500460037
1536 -25.470292500460037
1537 -25.470292500460037
1538 -25.470292500460037
1539 -25.47205493207142
1540 -25.47205493207142
1541 -25.47205493207142
1542 -25.47205493207142
1543 -25.47205493207142
1544 -25.47420497627567
1545 -25.47420497627567
1546 -25.47420497627567
1547 -25.47420497627567
1548 -25.47428027468317
1549 -25.477532086856815
1550 -25.477532086856815
1551 -25.477532086856815
1552 -25.477532086856815
1553 -25.477532086856815
1554 -25.478922389490428
1555 -25.478922389490428
1556 -25.478922389490428
1557 -25.478922389490428
1558 -25.478922389490428
1559 -25.480647054377574
1560 -25.480647054377574
1561 -25.480647054377574
1562 -25.480647054377574
1563 -25.480647054377574
1564 -25.48294351200984
1565 -25.48294351200984
1566 -25.48294351200984
1567 -25.48294351200984
1568 -25.483249316834915
1569 -25.4848786110414
1570 -25.4848786110414
1571 -25.4848786110414
1572 -25.4848786110414
1573 -25.4848786110414
1574 -25.487767423989283
1575 -25.487767423989283
1576 -25.487767423989283
1577 -25.487767423989283
1578 -25.487767423989283
1579 -25.48929336266853
1580 -25.48929336266853
1581 -25.48929336266853
1582 -25.48929336266853
1583 -25.48929336266853
1584 -25.490327964913742
1585 -25.490327964913742
1586 -25.490327964913742
1587 -25.490327964913742
1588 -25.49093910339069
1589 -25.492514735155382
1590 -25.492514735155382
1591 -25.492514735155382
1592 -25.492514735155382
1593 -25.492514735155382
1594 -25.49394077176957
1595 -25.49394077176957
1596 -25.49394077176957
1597 -25.49394077176957
1598 -25.49394077176957
1599 -25.49688221769646
1600 -25.49688221769646
1601 -25.49688221769646
1602 -25.49688221769646
1603 -25.49688221769646
1604 -25.499055975434906
1605 -25.499055975434906
1606 -25.499055975434906
1607 -25.499055975434906
1608 -25.499098756101763
1609 -25.499786845885797
1610 -25.499786845885797
1611 -25.499786845885797
1612 -25.499786845885797
1613 -25.499786845885797
1614 -25.501329307062754
1615 -25.501329307062754
1616 -25.501329307062754
1617 -25.501329307062754
1618 -25.501340650205655
1619 -25.503451122873063
1620 -25.503451122873063
1621 -25.503451122873063
1622 -25.503451122873063
1623 -25.503451122873063
1624 -25.50423298463365
1625 -25.50423298463365
1626 -25.50423298463365
1627 -25.50423298463365
1628 -25.50423298463365
1629 -25.50470450731111
1630 -25.50470450731111
1631 -25.50470450731111
1632 -25.50470450731111
1633 -25.50470450731111
1634 -25.5058275004096
1635 -25.5058275004096
1636 -25.5058275004096
1637 -25.5058275004096
1638 -25.5058275004096
1639 -25.507607363460256
1640 -25.507607363460256
1641 -25.507607363460256
1642 -25.507607363460256
1643 -25.507607363460256
1644 -25.50900439712976
1645 -25.50900439712976
1646 -25.50900439712976
1647 -25.50900439712976
1648 -25.50900439712976
1649 -25.51060754643387
1650 -25.51060754643387
1651 -25.51060754643387
1652 -25.51060754643387
1653 -25.511049553244433
1654 -25.51225780419393
1655 -25.51225780419393
1656 -25.51225780419393
1657 -25.51225780419393
1658 -25.51225780419393
1659 -25.514036559044772
1660 -25.514036559044772
1661 -25.514036559044772
1662 -25.514036559044772
1663 -25.514185620241452
1664 -25.515874723957534
1665 -25.515874723957534
1666 -25.515874723957534
1667 -25.515874723957534
1668 -25.515874723957534
1669 -25.5177798685005
1670 -25.5177798685005
1671 -25.5177798685005
1672 -25.5177798685005
1673 -25.518553839463962
1674 -25.520717906345677
1675 -25.520717906345677
1676 -25.520717906345677
1677 -25.520717906345677
1678 -25.520717906345677
1679 -25.52364839274919
1680 -25.52364839274919
1681 -25.52364839274919
1682 -25.52364839274919
1683 -25.52364839274919
1684 -25.52434745033087
1685 -25.52434745033087
1686 -25.52434745033087
1687 -25.52434745033087
1688 -25.524790605383615
1689 -25.526370464129062
1690 -25.526370464129062
1691 -25.526370464129062
1692 -25.526370464129062
1693 -25.526509792323647
1694 -25.527303624150242
1695 -25.527303624150242
1696 -25.527303624150242
1697 -25.527303624150242
1698 -25.527457924425086
1699 -25.52925142833896
1700 -25.52925142833896
1701 -25.52925142833896
1702 -25.52925142833896
1703 -25.52925142833896
1704 -25.530298454188557
1705 -25.530298454188557
1706 -25.530298454188557
1707 -25.530298454188557
1708 -25.530298454188557
1709 -25.53180558642038
1710 -25.53180558642038
1711 -25.53180558642038
1712 -25.53180558642038
1713 -25.532179012491703
1714 -25.53465588779265
1715 -25.53465588779265
1716 -25.53465588779265
1717 -25.53465588779265
1718 -25.53465588779265
1719 -25.53646440844246
1720 -25.53646440844246
1721 -25.53646440844246
1722 -25.53646440844246
1723 -25.53646440844246
1724 -25.537578095555805
1725 -25.537578095555805
1726 -25.537578095555805
1727 -25.537578095555805
1728 -25.53763150687471
1729 -25.538295106053752
1730 -25.538295106053752
1731 -25.538295106053752
1732 -25.538295106053752
1733 -25.538295106053752
1734 -25.538622968412803
1735 -25.538622968412803
1736 -25.538622968412803
1737 -25.538622968412803
1738 -25.538622968412803
1739 -25.53928532526094
1740 -25.53928532526094
1741 -25.53928532526094
1742 -25.53928532526094
1743 -25.53928532526094
1744 -25.540655858662756
1745 -25.540655858662756
1746 -25.540655858662756
1747 -25.540655858662756
1748 -25.540777506892855
1749 -25.541223552809495
1750 -25.541223552809495
1751 -25.541223552809495
1752 -25.541223552809495
1753 -25.541223552809495
1754 -25.542360773705898
1755 -25.542360773705898
1756 -25.542360773705898
1757 -25.542360773705898
1758 -25.542360773705898
1759 -25.543737451826356
1760 -25.543737451826356
1761 -25.543737451826356
1762 -25.544264894942277
1763 -25.544772098860154
1764 -25.546404432323662
1765 -25.546404432323662
1766 -25.546404432323662
1767 -25.546404432323662
1768 -25.546404432323662
1769 -25.54759168305396
1770 -25.54759168305396
1771 -25.54759168305396
1772 -25.54759168305396
1773 -25.547619315508015
1774 -25.549339644920686
1775 -25.549339644920686
1776 -25.549339644920686
1777 -25.549339644920686
1778 -25.549477786354608
1779 -25.552199747030123
1780 -25.552199747030123
1781 -25.552199747030123
1782 -25.552199747030123
1783 -25.552199747030123
1784 -25.553029704924835
1785 -25.553029704924835
1786 -25.553029704924835
1787 -25.553029704924835
1788 -25.553029704924835
1789 -25.553542209912845
1790 -25.553542209912845
1791 -25.553542209912845
1792 -25.553542209912845
1793 -25.553542209912845
1794 -25.554147051058614
1795 -25.554147051058614
1796 -25.554147051058614
1797 -25.554147051058614
1798 -25.554147051058614
1799 -25.55575099105749
1800 -25.55575099105749
1801 -25.55575099105749
1802 -25.55575099105749
1803 -25.556582043927026
1804 -25.557353156885338
1805 -25.557353156885338
1806 -25.557353156885338
1807 -25.557353156885338
1808 -25.557353156885338
1809 -25.557864781218484
1810 -25.557864781218484
1811 -25.557864781218484
1812 -25.557864781218484
1813 -25.557864781218484
1814 -25.558326561541943
1815 -25.558326561541943
1816 -25.558326561541943
1817 -25.558326561541943
1818 -25.558442884285697
1819 -25.558972799889066
1820 -25.558972799889066
1821 -25.558972799889066
1822 -25.558972799889066
1823 -25.558972799889066
1824 -25.559906415834874
1825 -25.559906415834874
1826 -25.559906415834874
1827 -25.559906415834874
1828 -25.559906415834874
1829 -25.56091179313329
1830 -25.56091179313329
1831 -25.56091179313329
1832 -25.56091179313329
1833 -25.56091179313329
1834 -25.56146610115933
1835 -25.56146610115933
1836 -25.56146610115933
1837 -25.56146610115933
1838 -25.561574073920507
1839 -25.56277051856389
1840 -25.56277051856389
1841 -25.56277051856389
1842 -25.56277051856389
1843 -25.56277051856389
1844 -25.56334723165753
1845 -25.56334723165753
1846 -25.56334723165753
1847 -25.56334723165753
1848 -25.56402054150041
1849 -25.564852800149094
1850 -25.564852800149094
1851 -25.564852800149094
1852 -25.564852800149094
1853 -25.564852800149094
1854 -25.566078638935753
1855 -25.566078638935753
1856 -25.566078638935753
1857 -25.566078638935753
1858 -25.566098757706698
1859 -25.566995531458122
1860 -25.566995531458122
1861 -25.566995531458122
1862 -25.566995531458122
1863 -25.566995531458122
1864 -25.567974241164027
1865 -25.567974241164027
1866 -25.567974241164027
1867 -25.567974241164027
1868 -25.567974241164027
1869 -25.568523061754952
1870 -25.568523061754952
1871 -25.568523061754952
1872 -25.568523061754952
1873 -25.568523061754952
1874 -25.569055974408393
1875 -25.569055974408393
1876 -25.569055974408393
1877 -25.569055974408393
1878 -25.569652900879632
1879 -25.570768926497564
1880 -25.570768926497564
1881 -25.570768926497564
1882 -25.570768926497564
1883 -25.570768926497564
1884 -25.57156799253374
1885 -25.57156799253374
1886 -25.57156799253374
1887 -25.57156799253374
1888 -25.57158189695222
1889 -25.571897426009173
1890 -25.571897426009173
1891 -25.571897426009173
1892 -25.571897426009173
1893 -25.57193899414613
1894 -25.57255857452858
1895 -25.57255857452858
1896 -25.57255857452858
1897 -25.57255857452858
1898 -25.57256789408606
1899 -25.573892011981
1900 -25.573892011981
1901 -25.573892011981
1902 -25.573892011981
1903 -25.573892011981
1904 -25.574829371541725
1905 -25.574829371541725
1906 -25.574829371541725
1907 -25.574829371541725
1908 -25.57485381425448
1909 -25.57556300154794
1910 -25.57556300154794
1911 -25.57556300154794
1912 -25.57556300154794
1913 -25.57556300154794
1914 -25.576626940291035
1915 -25.576626940291035
1916 -25.576626940291035
1917 -25.576626940291035
1918 -25.576626940291035
1919 -25.5771647481282
1920 -25.5771647481282
1921 -25.5771647481282
1922 -25.5771647481282
1923 -25.5771647481282
1924 -25.578234781032158
1925 -25.578234781032158
1926 -25.578234781032158
1927 -25.578234781032158
1928 -25.57824396880002
1929 -25.579038932901753
1930 -25.579038932901753
1931 -25.579038932901753
1932 -25.579038932901753
1933 -25.579122026673197
1934 -25.579482274160515
1935 -25.579482274160515
1936 -25.579482274160515
1937 -25.579482274160515
1938 -25.579589080252806
1939 -25.580195393786845
1940 -25.580195393786845
1941 -25.580195393786845
1942 -25.580195393786845
1943 -25.580195393786845
1944 -25.58129703539833
1945 -25.58129703539833
1946 -25.58129703539833
1947 -25.58129703539833
1948 -25.58143366582711
1949 -25.581856725332685
1950 -25.581856725332685
1951 -25.581856725332685
1952 -25.581856725332685
1953 -25.581856725332685
1954 -25.58236388244977
1955 -25.58236388244977
1956 -25.58236388244977
1957 -25.58236388244977
1958 -25.58236388244977
1959 -25.583011946391558
1960 -25.583011946391558
1961 -25.583011946391558
1962 -25.583011946391558
1963 -25.58306291135515
1964 -25.58381887533721
1965 -25.58381887533721
1966 -25.58381887533721
1967 -25.58381887533721
1968 -25.58381887533721
1969 -25.58425370749708
1970 -25.58425370749708
1971 -25.58425370749708
1972 -25.58425370749708
1973 -25.58425370749708
1974 -25.584467950470813
1975 -25.584467950470813
1976 -25.584467950470813
1977 -25.584467950470813
1978 -25.584467950470813
1979 -25.585120990241354
1980 -25.585120990241354
1981 -25.585120990241354
1982 -25.585120990241354
1983 -25.585120990241354
1984 -25.585772401741778
1985 -25.585772401741778
1986 -25.585772401741778
1987 -25.585772401741778
1988 -25.585907899502573
1989 -25.58617824772839
1990 -25.58617824772839
1991 -25.58617824772839
1992 -25.58617824772839
1993 -25.58621959732061
1994 -25.58678924206878
1995 -25.58678924206878
1996 -25.58678924206878
1997 -25.58678924206878
1998 -25.586834604536204
1999 -25.58751362262854
2000 -25.58751362262854
2001 -25.58751362262854
2002 -25.58751362262854
2003 -25.58751397867258
2004 -25.58794924894873
2005 -25.58794924894873
2006 -25.58794924894873
2007 -25.58794924894873
2008 -25.58794924894873
2009 -25.58866895664182
2010 -25.58866895664182
2011 -25.58866895664182
2012 -25.58866895664182
2013 -25.58866895664182
2014 -25.589394568229935
2015 -25.589394568229935
2016 -25.589394568229935
2017 -25.589394568229935
2018 -25.589409947959776
2019 -25.589875039258672
2020 -25.589875039258672
2021 -25.589875039258672
2022 -25.589875039258672
2023 -25.59014603769515
2024 -25.590563497017023
2025 -25.590563497017023
2026 -25.590563497017023
2027 -25.590563497017023
2028 -25.590563497017023
2029 -25.59122421811072
2030 -25.59122421811072
2031 -25.59122421811072
2032 -25.59122421811072
2033 -25.591430914119506
2034 -25.591933132034022
2035 -25.591933132034022
2036 -25.591933132034022
2037 -25.591933132034022
2038 -25.591933132034022
2039 -25.59228828148485
2040 -25.59228828148485
2041 -25.59228828148485
2042 -25.59228828148485
2043 -25.59228828148485
2044 -25.592585796196765
2045 -25.592585796196765
2046 -25.592585796196765
2047 -25.592585796196765
2048 -25.592588405599773
2049 -25.592903376432478
2050 -25.592903376432478
2051 -25.592903376432478
2052 -25.592903376432478
2053 -25.59291661625063
2054 -25.593244659695465
2055 -25.593244659695465
2056 -25.593244659695465
2057 -25.593244659695465
2058 -25.593263752166937
2059 -25.59344269324892
2060 -25.59344269324892
2061 -25.59344269324892
2062 -25.59344269324892
2063 -25.593511338868115
2064 -25.59396314661761
2065 -25.59396314661761
2066 -25.59396314661761
2067 -25.59396314661761
2068 -25.59396314661761
2069 -25.594261408413697
2070 -25.594261408413697
2071 -25.594261408413697
2072 -25.594261408413697
2073 -25.59428985131459
2074 -25.594514375722472
2075 -25.594514375722472
2076 -25.594514375722472
2077 -25.594514375722472
2078 -25.5945144641164
2079 -25.594844434425802
2080 -25.594844434425802
2081 -25.594844434425802
2082 -25.594844434425802
2083 -25.594864747858516
2084 -25.595351466979157
2085 -25.595351466979157
2086 -25.595351466979157
2087 -25.595351466979157
2088 -25.595351466979157
2089 -25.595517472407224
2090 -25.595517472407224
2091 -25.595517472407224
2092 -25.595517472407224
2093 -25.59553214429111
2094 -25.5956437845524
2095 -25.5956437845524
2096 -25.5956437845524
2097 -25.5956437845524
2098 -25.595652045931903
2099 -25.5959367414448
2100 -25.5959367414448
2101 -25.5959367414448
2102 -25.5959367414448
2103 -25.595986258486107
2104 -25.59627096785345
2105 -25.59627096785345
2106 -25.59627096785345
2107 -25.59627096785345
2108 -25.596302659216864
2109 -25.596785982307
2110 -25.596785982307
2111 -25.596785982307
2112 -25.596785982307
2113 -25.596785982307
2114 -25.597118968141807
2115 -25.597118968141807
2116 -25.597118968141807
2117 -25.597118968141807
2118 -25.597127761830336
2119 -25.59768344414336
2120 -25.59768344414336
2121 -25.59768344414336
2122 -25.59768344414336
2123 -25.59772305239115
2124 -25.59806918055998
2125 -25.59806918055998
2126 -25.59806918055998
2127 -25.59806918055998
2128 -25.598138580398647
2129 -25.598440745200893
2130 -25.598440745200893
2131 -25.598440745200893
2132 -25.598440745200893
2133 -25.598440748943847
2134 -25.598720385962157
2135 -25.598720385962157
2136 -25.598720385962157
2137 -25.598720385962157
2138 -25.598741043941846
2139 -25.599030291737833
2140 -25.599030291737833
2141 -25.599030291737833
2142 -25.599030291737833
2143 -25.599030291737833
2144 -25.59930710886846
2145 -25.59930710886846
2146 -25.59930710886846
2147 -25.59930710886846
2148 -25.59936353283483
2149 -25.599562867931844
2150 -25.599562867931844
2151 -25.599562867931844
2152 -25.599562867931844
2153 -25.599721623636146
2154 -25.600206070947884
2155 -25.600206070947884
2156 -25.600206070947884
2157 -25.600206070947884
2158 -25.6002279551267
2159 -25.60050966156363
2160 -25.60050966156363
2161 -25.60050966156363
2162 -25.60050966156363
2163 -25.60065642415408
2164 -25.60108400441482
2165 -25.60108400441482
2166 -25.60108400441482
2167 -25.60108400441482
2168 -25.60123830326222
2169 -25.601611215761164
2170 -25.601611215761164
2171 -25.601611215761164
2172 -25.601611215761164
2173 -25.601617024770285
2174 -25.60200052498032
2175 -25.60200052498032
2176 -25.60200052498032
2177 -25.60200052498032
2178 -25.60222276497488
2179 -25.60276960115126
2180 -25.60276960115126
2181 -25.60276960115126
2182 -25.60276960115126
2183 -25.602893493350386
2184 -25.60323442738744
2185 -25.60323442738744
2186 -25.60323442738744
2187 -25.60323442738744
2188 -25.60323442738744
2189 -25.60346628668577
2190 -25.60346628668577
2191 -25.60346628668577
2192 -25.60346628668577
2193 -25.60349441721653
2194 -25.603774700929257
2195 -25.603774700929257
2196 -25.603774700929257
2197 -25.603774700929257
2198 -25.603861872759765
2199 -25.60446137896692
2200 -25.60446137896692
2201 -25.60446137896692
2202 -25.60446137896692
2203 -25.60446137896692
2204 -25.604709843450543
2205 -25.604709843450543
2206 -25.604709843450543
2207 -25.604709843450543
2208 -25.6047745065954
2209 -25.60489842915818
2210 -25.60489842915818
2211 -25.60489842915818
2212 -25.60489842915818
2213 -25.604965835273003
2214 -25.60510046070767
2215 -25.60510046070767
2216 -25.60510046070767
2217 -25.60510046070767
2218 -25.60519991642762
2219 -25.605433867288912
2220 -25.605433867288912
2221 -25.605433867288912
2222 -25.605433867288912
2223 -25.605456153731346
2224 -25.605786641214685
2225 -25.605786641214685
2226 -25.605786641214685
2227 -25.605786641214685
2228 -25.60580544410514
2229 -25.606122694887105
2230 -25.606122694887105
2231 -25.606122694887105
2232 -25.606122694887105
2233 -25.606122694887105
2234 -25.606407584199594
2235 -25.606407584199594
2236 -25.606407584199594
2237 -25.606407584199594
2238 -25.606407584199594
2239 -25.606870822685796
2240 -25.606870822685796
2241 -25.606870822685796
2242 -25.606870822685796
2243 -25.606913028210155
2244 -25.60716035505077
2245 -25.60716035505077
2246 -25.60716035505077
2247 -25.60716035505077
2248 -25.607259685450668
2249 -25.607885538794623
2250 -25.607885538794623
2251 -25.607885538794623
2252 -25.607885538794623
2253 -25.60821636231402
2254 -25.60884175695328
2255 -25.60884175695328
2256 -25.60884175695328
2257 -25.60884175695328
2258 -25.608985936757456
2259 -25.609642246879744
2260 -25.609642246879744
2261 -25.609642246879744
2262 -25.609642246879744
2263 -25.609676761888586
2264 -25.609990303395573
2265 -25.609990303395573
2266 -25.609990303395573
2267 -25.609990303395573
2268 -25.61005808424321
2269 -25.61064520028847
2270 -25.61064520028847
2271 -25.61064520028847
2272 -25.61064520028847
2273 -25.61067075338511
2274 -25.611083846367244
2275 -25.611083846367244
2276 -25.611083846367244
2277 -25.611083846367244
2278 -25.611083846367244
2279 -25.611431774817085
2280 -25.611431774817085
2281 -25.611431774817085
2282 -25.611431774817085
2283 -25.611560124970673
2284 -25.611955784136228
2285 -25.611955784136228
2286 -25.611955784136228
2287 -25.611955784136228
2288 -25.612033634558212
2289 -25.612365729448488
2290 -25.612365729448488
2291 -25.612365729448488
2292 -25.612365729448488
2293 -25.612365729448488
2294 -25.612862847938693
2295 -25.612862847938693
2296 -25.612862847938693
2297 -25.612862847938693
2298 -25.61287383302766
2299 -25.61311689985918
2300 -25.61311689985918
2301 -25.61311689985918
2302 -25.61311689985918
2303 -25.613127769876385
2304 -25.61341275857718
2305 -25.61341275857718
2306 -25.61341275857718
2307 -25.61341275857718
2308 -25.61344888852204
2309 -25.613770171240198
2310 -25.613770171240198
2311 -25.613770171240198
2312 -25.613770171240198
2313 -25.613776130429137
2314 -25.614023840388175
2315 -25.614023840388175
2316 -25.614023840388175
2317 -25.614023840388175
2318 -25.614023840388175
2319 -25.614172157400912
2320 -25.614172157400912
2321 -25.614172157400912
2322 -25.614172157400912
2323 -25.614172157400912
2324 -25.61470589201206
2325 -25.61470589201206
2326 -25.61470589201206
2327 -25.61470589201206
2328 -25.61479574490756
2329 -25.615106289736204
2330 -25.615106289736204
2331 -25.615106289736204
2332 -25.615106289736204
2333 -25.615107197163486
2334 -25.615709898502807
2335 -25.615709898502807
2336 -25.615709898502807
2337 -25.615709898502807
2338 -25.615710411511948
2339 -25.615893434245276
2340 -25.615893434245276
2341 -25.615893434245276
2342 -25.615893434245276
2343 -25.615920876846115
2344 -25.61616175573698
2345 -25.61616175573698
2346 -25.61616175573698
2347 -25.61616175573698
2348 -25.61617093979543
2349 -25.616355249299808
2350 -25.616355249299808
2351 -25.616355249299808
2352 -25.616355249299808
2353 -25.616355249299808
2354 -25.61646066741014
2355 -25.61646066741014
2356 -25.61646066741014
2357 -25.61646066741014
2358 -25.616540699054188
2359 -25.616784861739976
2360 -25.616784861739976
2361 -25.616784861739976
2362 -25.616784861739976
2363 -25.616784861739976
2364 -25.616883976566797
2365 -25.616883976566797
2366 -25.616883976566797
2367 -25.616883976566797
2368 -25.616883976566797
2369 -25.61708452488939
2370 -25.61708452488939
2371 -25.61708452488939
2372 -25.61708452488939
2373 -25.61708452488939
2374 -25.61726985077824
2375 -25.61726985077824
2376 -25.61726985077824
2377 -25.61726985077824
2378 -25.617275341536345
2379 -25.61738940700946
2380 -25.61738940700946
2381 -25.61738940700946
2382 -25.61738940700946
2383 -25.61745574268456
2384 -25.617718357952874
2385 -25.617718357952874
2386 -25.617718357952874
2387 -25.617718357952874
2388 -25.617751548734304
2389 -25.617899769853317
2390 -25.617899769853317
2391 -25.617899769853317
2392 -25.617899769853317
2393 -25.61790349534084
2394 -25.618107561478134
2395 -25.618107561478134
2396 -25.618107561478134
2397 -25.618107561478134
2398 -25.618166162309524
2399 -25.618394311560202
2400 -25.618394311560202
2401 -25.618394311560202
2402 -25.618394311560202
2403 -25.618468288792517
2404 -25.61863989660266
2405 -25.61863989660266
2406 -25.61863989660266
2407 -25.61863989660266
2408 -25.61869660096504
2409 -25.618843480692576
2410 -25.618843480692576
2411 -25.618843480692576
2412 -25.618843480692576
2413 -25.618851955580514
2414 -25.618998299694987
2415 -25.618998299694987
2416 -25.618998299694987
2417 -25.618998299694987
2418 -25.618998299694987
2419 -25.619183635379716
2420 -25.619183635379716
2421 -25.619183635379716
2422 -25.619183635379716
2423 -25.61919544756085
2424 -25.61959653211201
2425 -25.61959653211201
2426 -25.61959653211201
2427 -25.61959653211201
2428 -25.61959653211201
2429 -25.61972576965453
2430 -25.61972576965453
2431 -25.61972576965453
2432 -25.61972576965453
2433 -25.61972576965453
2434 -25.619823778413892
2435 -25.619823778413892
2436 -25.619823778413892
2437 -25.619823778413892
2438 -25.61983999841542
2439 -25.619980940815903
2440 -25.619980940815903
2441 -25.619980940815903
2442 -25.619980940815903
2443 -25.620019980370273
2444 -25.62039292784873
2445 -25.62039292784873
2446 -25.62039292784873
2447 -25.62039292784873
2448 -25.62039292784873
2449 -25.62053361715469
2450 -25.62053361715469
2451 -25.62053361715469
2452 -25.62053361715469
2453 -25.62053361715469
2454 -25.620749334049034
2455 -25.620749334049034
2456 -25.620749334049034
2457 -25.620749334049034
2458 -25.62075393842837
2459 -25.62083264358542
2460 -25.62083264358542
2461 -25.62083264358542
2462 -25.62083264358542
2463 -25.62083500212398
2464 -25.621002978105523
2465 -25.621002978105523
2466 -25.621002978105523
2467 -25.621002978105523
2468 -25.62107662764762
2469 -25.621330743768496
2470 -25.621330743768496
2471 -25.621330743768496
2472 -25.621330743768496
2473 -25.62134067261064
2474 -25.621496677324277
2475 -25.621496677324277
2476 -25.621496677324277
2477 -25.621496677324277
2478 -25.621618702977013
2479 -25.62177779877002
2480 -25.62177779877002
2481 -25.62177779877002
2482 -25.62177779877002
2483 -25.62178897816823
2484 -25.621839412142847
2485 -25.621839412142847
2486 -25.621839412142847
2487 -25.621839412142847
2488 -25.621839412142847
2489 -25.621903264180634
2490 -25.621903264180634
2491 -25.621903264180634
2492 -25.621903264180634
2493 -25.621909780809126
2494 -25.622050153911573
2495 -25.622050153911573
2496 -25.622050153911573
2497 -25.622050153911573
2498 -25.622052424427938
2499 -25.622274502590994
2500 -25.622274502590994
2501 -25.622274502590994
2502 -25.622274502590994
2503 -25.622274502590994
2504 -25.62238567507018
2505 -25.62238567507018
2506 -25.62238567507018
2507 -25.62238567507018
2508 -25.62242998669137
2509 -25.622675890071502
2510 -25.622675890071502
2511 -25.622675890071502
2512 -25.622675890071502
2513 -25.62267953528986
2514 -25.622783207606112
2515 -25.622783207606112
2516 -25.622783207606112
2517 -25.622783207606112
2518 -25.622787050534992
2519 -25.622939804619584
2520 -25.622939804619584
2521 -25.622939804619584
2522 -25.622939804619584
2523 -25.622967497626792
2524 -25.623171359660553
2525 -25.623171359660553
2526 -25.623171359660553
2527 -25.623171359660553
2528 -25.623171359660553
2529 -25.623275389584936
2530 -25.623275389584936
2531 -25.623275389584936
2532 -25.623275389584936
2533 -25.623293301417313
2534 -25.62340027943997
2535 -25.62340027943997
2536 -25.62340027943997
2537 -25.62340027943997
2538 -25.62340341292124
2539 -25.623494548569827
2540 -25.623494548569827
2541 -25.623494548569827
2542 -25.623494548569827
2543 -25.62349480654028
2544 -25.62362983294107
2545 -25.62362983294107
2546 -25.62362983294107
2547 -25.62362983294107
2548 -25.62362983294107
2549 -25.623741307075775
2550 -25.623741307075775
2551 -25.623741307075775
2552 -25.623741307075775
2553 -25.623741307075775
2554 -25.623856393475716
2555 -25.623856393475716
2556 -25.623856393475716
2557 -25.623856393475716
2558 -25.623890739812676
2559 -25.624044639409757
2560 -25.624044639409757
2561 -25.624044639409757
2562 -25.624044639409757
2563 -25.62409205940725
2564 -25.62422345355574
2565 -25.62422345355574
2566 -25.62422345355574
2567 -25.62422345355574
2568 -25.624232350479588
2569 -25.62435315194937
2570 -25.62435315194937
2571 -25.62435315194937
2572 -25.62435315194937
2573 -25.62435315194937
2574 -25.624491187571802
2575 -25.624491187571802
2576 -25.624491187571802
2577 -25.624491187571802
2578 -25.624491187571802
2579 -25.624598220997747
2580 -25.624598220997747
2581 -25.624598220997747
2582 -25.624598220997747
2583 -25.62462390094704
2584 -25.624754546374295
2585 -25.624754546374295
2586 -25.624754546374295
2587 -25.624754546374295
2588 -25.624762389480075
2589 -25.62487885027013
2590 -25.62487885027013
2591 -25.62487885027013
2592 -25.62487885027013
2593 -25.624921701308036
2594 -25.62509285987425
2595 -25.62509285987425
2596 -25.62509285987425
2597 -25.62509285987425
2598 -25.62509509711703
2599 -25.62520756853727
2600 -25.62520756853727
2601 -25.62520756853727
2602 -25.62520756853727
2603 -25.625218291411027
2604 -25.625371794312798
2605 -25.625371794312798
2606 -25.625371794312798
2607 -25.625371794312798
2608 -25.62540107071179
2609 -25.625513188227796
2610 -25.625513188227796
2611 -25.625513188227796
2612 -25.625513188227796
2613 -25.625543813317798
2614 -25.625619817176705
2615 -25.625619817176705
2616 -25.625619817176705
2617 -25.625619817176705
2618 -25.62564399407972
2619 -25.625759417036992
2620 -25.625759417036992
2621 -25.625759417036992
2622 -25.625759417036992
2623 -25.625759417036992
2624 -25.62584473628068
2625 -25.62584473628068
2626 -25.62584473628068
2627 -25.62584473628068
2628 -25.625853390615116
2629 -25.62590883799739
2630 -25.62590883799739
2631 -25.62590883799739
2632 -25.62590883799739
2633 -25.62590883799739
2634 -25.625949701926196
2635 -25.625949701926196
2636 -25.625949701926196
2637 -25.625949701926196
2638 -25.62595481335349
2639 -25.626032108551456
2640 -25.626032108551456
2641 -25.626032108551456
2642 -25.626032108551456
2643 -25.626043932544714
2644 -25.626130760985706
2645 -25.626130760985706
2646 -25.626130760985706
2647 -25.626130760985706
2648 -25.626142567971158
2649 -25.626227681177415
2650 -25.626227681177415
2651 -25.626227681177415
2652 -25.626227681177415
2653 -25.626227681177415
2654 -25.626311202438295
2655 -25.626311202438295
2656 -25.626311202438295
2657 -25.626311202438295
2658 -25.6263121239018
2659 -25.62643060803738
2660 -25.62643060803738
2661 -25.62643060803738
2662 -25.62643060803738
2663 -25.626454260849425
2664 -25.62665181116568
2665 -25.62665181116568
2666 -25.62665181116568
2667 -25.62665181116568
2668 -25.626651868848523
2669 -25.626819305702348
2670 -25.626819305702348
2671 -25.626819305702348
2672 -25.626819305702348
2673 -25.626922815801088
2674 -25.62699156849752
2675 -25.62699156849752
2676 -25.62699156849752
2677 -25.62699156849752
2678 -25.627025194131534
2679 -25.62722839156469
2680 -25.62722839156469
2681 -25.62722839156469
2682 -25.62722839156469
2683 -25.627230204816627
2684 -25.62730102630641
2685 -25.62730102630641
2686 -25.62730102630641
2687 -25.62730102630641
2688 -25.62731326555006
2689 -25.627423145769797
2690 -25.627423145769797
2691 -25.627423145769797
2692 -25.627423145769797
2693 -25.627423145769797
2694 -25.627494754536237
2695 -25.627494754536237
2696 -25.627494754536237
2697 -25.627494754536237
2698 -25.62749548050633
2699 -25.62761819885953
2700 -25.62761819885953
2701 -25.62761819885953
2702 -25.62761819885953
2703 -25.627624266994594
2704 -25.627650418717444
2705 -25.627650418717444
2706 -25.627650418717444
2707 -25.627650418717444
2708 -25.627667164639597
2709 -25.627786444123103
2710 -25.627786444123103
2711 -25.627786444123103
2712 -25.627786444123103
2713 -25.627836650113977
2714 -25.627970763294936
2715 -25.627970763294936
2716 -25.627970763294936
2717 -25.627970763294936
2718 -25.627973247967816
2719 -25.628045474035453
2720 -25.628045474035453
2721 -25.628045474035453
2722 -25.628045474035453
2723 -25.628090189213783
2724 -25.628221794648077
2725 -25.628221794648077
2726 -25.628221794648077
2727 -25.628221794648077
2728 -25.628221794648077
2729 -25.628298105139216
2730 -25.628298105139216
2731 -25.628298105139216
2732 -25.628298105139216
2733 -25.628304758219777
2734 -25.628339386195876
2735 -25.628339386195876
2736 -25.628339386195876
2737 -25.628339386195876
2738 -25.628432187321877
2739 -25.62858668522848
2740 -25.62858668522848
2741 -25.62858668522848
2742 -25.62858668522848
2743 -25.628636797217503
2744 -25.6287782319839
2745 -25.6287782319839
2746 -25.6287782319839
2747 -25.6287782319839
2748 -25.62884877166062
2749 -25.628879294890062
2750 -25.628879294890062
2751 -25.628879294890062
2752 -25.628879294890062
2753 -25.628879380245078
2754 -25.62892737161299
2755 -25.62892737161299
2756 -25.62892737161299
2757 -25.62892737161299
2758 -25.628999435614663
2759 -25.629035520459055
2760 -25.629035520459055
2761 -25.629035520459055
2762 -25.629035520459055
2763 -25.62904034024133
2764 -25.62906496697968
2765 -25.62906496697968
2766 -25.62906496697968
2767 -25.62906496697968
2768 -25.629089605993833
2769 -25.62917411034983
2770 -25.62917411034983
2771 -25.62917411034983
2772 -25.62917411034983
2773 -25.629193268914214
2774 -25.629322291178173
2775 -25.629322291178173
2776 -25.629322291178173
2777 -25.629322291178173
2778 -25.629322291178173
2779 -25.62934216327192
2780 -25.62934216327192
2781 -25.62934216327192
2782 -25.62934216327192
2783 -25.629350926571114
2784 -25.629385277255622
2785 -25.629385277255622
2786 -25.629385277255622
2787 -25.629385277255622
2788 -25.629392795376546
2789 -25.629464274813138
2790 -25.629464274813138
2791 -25.629464274813138
2792 -25.629464274813138
2793 -25.62951690242513
2794 -25.629589237371462
2795 -25.629589237371462
2796 -25.629589237371462
2797 -25.629589237371462
2798 -25.629589237371462
2799 -25.629659554873545
2800 -25.629659554873545
2801 -25.629659554873545
2802 -25.629659554873545
2803 -25.629668504129054
2804 -25.629758415190373
2805 -25.629758415190373
2806 -25.629758415190373
2807 -25.629758415190373
2808 -25.629758415190373
2809 -25.629885495305825
2810 -25.629885495305825
2811 -25.629885495305825
2812 -25.629885495305825
2813 -25.629885495305825
2814 -25.630067927579905
2815 -25.630067927579905
2816 -25.630067927579905
2817 -25.630067927579905
2818 -25.630068048931136
2819 -25.630169910648114
2820 -25.630169910648114
2821 -25.630169910648114
2822 -25.630169910648114
2823 -25.630208766718646
2824 -25.630296350066597
2825 -25.630296350066597
2826 -25.630296350066597
2827 -25.630296350066597
2828 -25.630304963075393
2829 -25.630358201755143
2830 -25.630358201755143
2831 -25.630358201755143
2832 -25.630358201755143
2833 -25.630383298428548
2834 -25.63059000178495
2835 -25.63059000178495
2836 -25.63059000178495
2837 -25.63059000178495
2838 -25.63059000178495
2839 -25.63067302194818
2840 -25.63067302194818
2841 -25.63067302194818
2842 -25.63067302194818
2843 -25.630680477497375
2844 -25.630865564209135
2845 -25.630865564209135
2846 -25.630865564209135
2847 -25.630865564209135
2848 -25.630869853540503
2849 -25.630973330846814
2850 -25.630973330846814
2851 -25.630973330846814
2852 -25.630973330846814
2853 -25.630978091369705
2854 -25.631023706156057
2855 -25.631023706156057
2856 -25.631023706156057
2857 -25.631023706156057
2858 -25.631034633571378
2859 -25.631123846261325
2860 -25.631123846261325
2861 -25.631123846261325
2862 -25.631123846261325
2863 -25.631123846261325
2864 -25.631153018435228
2865 -25.631153018435228
2866 -25.631153018435228
2867 -25.631153018435228
2868 -25.631153018435228
2869 -25.631194411301472
2870 -25.631194411301472
2871 -25.631194411301472
2872 -25.631194411301472
2873 -25.63120804271161
2874 -25.631310170059464
2875 -25.631310170059464
2876 -25.631310170059464
2877 -25.631310170059464
2878 -25.63131284009265
2879 -25.631463148328685
2880 -25.631463148328685
2881 -25.631463148328685
2882 -25.631463148328685
2883 -25.631463449039313
2884 -25.631533453093418
2885 -25.631533453093418
2886 -25.631533453093418
2887 -25.631533453093418
2888 -25.631533453093418
2889 -25.631694417971303
2890 -25.631694417971303
2891 -25.631694417971303
2892 -25.631694417971303
2893 -25.631696104054445
2894 -25.63175509372282
2895 -25.63175509372282
2896 -25.63175509372282
2897 -25.63175509372282
2898 -25.631757912935527
2899 -25.631924507621683
2900 -25.631924507621683
2901 -25.631924507621683
2902 -25.631924507621683
2903 -25.631973966227253
2904 -25.6321139631144
2905 -25.6321139631144
2906 -25.6321139631144
2907 -25.6321139631144
2908 -25.632151123021693
2909 -25.632175589302054
2910 -25.632175589302054
2911 -25.632175589302054
2912 -25.632175589302054
2913 -25.632181997326978
2914 -25.632306182817135
2915 -25.632306182817135
2916 -25.632306182817135
2917 -25.632306182817135
2918 -25.632340383684845
2919 -25.632442297513215
2920 -25.632442297513215
2921 -25.632442297513215
2922 -25.632442297513215
2923 -25.632442297513215
2924 -25.632483720952667
2925 -25.632483720952667
2926 -25.632483720952667
2927 -25.632483720952667
2928 -25.63253075828105
2929 -25.632725796205882
2930 -25.632725796205882
2931 -25.632725796205882
2932 -25.632725796205882
2933 -25.632725796205882
2934 -25.632917505538895
2935 -25.632917505538895
2936 -25.632917505538895
2937 -25.632917505538895
2938 -25.632924085284913
2939 -25.632988710495543
2940 -25.632988710495543
2941 -25.632988710495543
2942 -25.632988710495543
2943 -25.632988710495543
2944 -25.633066236462273
2945 -25.633066236462273
2946 -25.633066236462273
2947 -25.633066236462273
2948 -25.63308297370318
2949 -25.633207655685915
2950 -25.633207655685915
2951 -25.633207655685915
2952 -25.633207655685915
2953 -25.633229739925966
2954 -25.633284562630827
2955 -25.633284562630827
2956 -25.633284562630827
2957 -25.633284562630827
2958 -25.633284562630827
2959 -25.633342373598527
2960 -25.633342373598527
2961 -25.633342373598527
2962 -25.633342373598527
2963 -25.633342373598527
2964 -25.63344699291955
2965 -25.63344699291955
2966 -25.63344699291955
2967 -25.63344699291955
2968 -25.633485834969232
2969 -25.633553071470534
2970 -25.633553071470534
2971 -25.633553071470534
2972 -25.633553071470534
2973 -25.63355894538888
2974 -25.633682233363007
2975 -25.633682233363007
2976 -25.633682233363007
2977 -25.633682233363007
2978 -25.633775483683614
2979 -25.63387810199018
2980 -25.63387810199018
2981 -25.63387810199018
2982 -25.63387810199018
2983 -25.63387810199018
2984 -25.63396635767168
2985 -25.63396635767168
2986 -25.63396635767168
2987 -25.63396635767168
2988 -25.63399620478758
2989 -25.63412360262368
2990 -25.63412360262368
2991 -25.63412360262368
2992 -25.63412360262368
2993 -25.63412387271843
2994 -25.634232140346874
2995 -25.634232140346874
2996 -25.634232140346874
2997 -25.634232140346874
2998 -25.634291316613233
2999 -25.634436712079335
3000 -25.634436712079335
3001 -25.634436712079335
3002 -25.634436712079335
3003 -25.634440248861203
3004 -25.634525213029455
3005 -25.634525213029455
3006 -25.634525213029455
3007 -25.634558445222922
3008 -25.634559115162
3009 -25.63465657466144
3010 -25.63465657466144
3011 -25.63465657466144
3012 -25.63465657466144
3013 -25.634666900817805
3014 -25.634882993864288
3015 -25.634882993864288
3016 -25.634882993864288
3017 -25.634882993864288
3018 -25.63488420714777
3019 -25.63494726153487
3020 -25.63494726153487
3021 -25.63494726153487
3022 -25.63494726153487
3023 -25.634947711656753
3024 -25.635058304115862
3025 -25.635058304115862
3026 -25.635058304115862
3027 -25.635058304115862
3028 -25.6350605250828
3029 -25.635148919968128
3030 -25.635148919968128
3031 -25.635148919968128
3032 -25.635148919968128
3033 -25.635149014625924
3034 -25.635196955297666
3035 -25.635196955297666
3036 -25.635196955297666
3037 -25.635196955297666
3038 -25.63526748921157
3039 -25.635432061324266
3040 -25.635432061324266
3041 -25.635432061324266
3042 -25.635432061324266
3043 -25.635444419182956
3044 -25.635484096456757
3045 -25.635484096456757
3046 -25.635484096456757
3047 -25.635484096456757
3048 -25.635511791155363
3049 -25.635600031772046
3050 -25.635600031772046
3051 -25.635600031772046
3052 -25.635600031772046
3053 -25.635610228041084
3054 -25.635735848672255
3055 -25.635735848672255
3056 -25.635735848672255
3057 -25.635735848672255
3058 -25.63575413864651
3059 -25.635875415576425
3060 -25.635875415576425
3061 -25.635875415576425
3062 -25.635875415576425
3063 -25.635887356306398
3064 -25.635949197485495
3065 -25.635949197485495
3066 -25.635949197485495
3067 -25.635949197485495
3068 -25.635949834411086
3069 -25.636028751538298
3070 -25.636028751538298
3071 -25.636028751538298
3072 -25.636028751538298
3073 -25.636031621333863
3074 -25.6360993169398
3075 -25.6360993169398
3076 -25.6360993169398
3077 -25.6360993169398
3078 -25.636188592478106
3079 -25.63631427390488
3080 -25.63631427390488
3081 -25.63631427390488
3082 -25.63631427390488
3083 -25.63631427390488
3084 -25.636344426537924
3085 -25.636344426537924
3086 -25.636344426537924
3087 -25.636344426537924
3088 -25.636346990016825
3089 -25.636542369920186
3090 -25.636542369920186
3091 -25.636542369920186
3092 -25.636542369920186
3093 -25.636561970219052
3094 -25.63665563235632
3095 -25.63665563235632
3096 -25.63665563235632
3097 -25.63665563235632
3098 -25.636659263318247
3099 -25.63675320262082
3100 -25.63675320262082
3101 -25.63675320262082
3102 -25.63675320262082
3103 -25.636763600072968
3104 -25.636822017013433
3105 -25.636822017013433
3106 -25.636822017013433
3107 -25.636822017013433
3108 -25.63690060544223
3109 -25.63700872981098
3110 -25.63700872981098
3111 -25.63700872981098
3112 -25.63700899167083
3113 -25.637042069614683
3114 -25.637100879454977
3115 -25.637100879454977
3116 -25.637100879454977
3117 -25.637100879454977
3118 -25.637106943421085
3119 -25.63730582059015
3120 -25.63730582059015
3121 -25.63730582059015
3122 -25.63730582059015
3123 -25.637356684730168
3124 -25.63745929191858
3125 -25.63745929191858
3126 -25.63745929191858
3127 -25.63745929191858
3128 -25.637473316131913
3129 -25.637497126124135
3130 -25.637497126124135
3131 -25.637497126124135
3132 -25.637497126124135
3133 -25.637561843811092
3134 -25.637673461158542
3135 -25.637673461158542
3136 -25.637673461158542
3137 -25.637673461158542
3138 -25.637674960377375
3139 -25.637746540023894
3140 -25.637746540023894
3141 -25.637746540023894
3142 -25.637746540023894
3143 -25.637748924311317
3144 -25.6377776372988
3145 -25.6377776372988
3146 -25.6377776372988
3147 -25.6377776372988
3148 -25.637777674371016
3149 -25.637872685607487
3150 -25.637872685607487
3151 -25.637872685607487
3152 -25.637872685607487
3153 -25.637876303529467
3154 -25.637883443298588
3155 -25.637883443298588
3156 -25.637883443298588
3157 -25.637883443298588
3158 -25.63788473949215
3159 -25.637899990870853
3160 -25.637899990870853
3161 -25.637899990870853
3162 -25.637899990870853
3163 -25.638024980202637
3164 -25.638058545033132
3165 -25.638058545033132
3166 -25.638058545033132
3167 -25.638058545033132
3168 -25.638059829520376
3169 -25.638182701694266
3170 -25.638182701694266
3171 -25.638182701694266
3172 -25.638182701694266
3173 -25.638187565764202
3174 -25.638269198305725
3175 -25.638269198305725
3176 -25.638269198305725
3177 -25.638269198305725
3178 -25.63828180601319
3179 -25.638431483829095
3180 -25.638431483829095
3181 -25.638431483829095
3182 -25.638431483829095
3183 -25.638433889048986
3184 -25.63853110323813
3185 -25.63853110323813
3186 -25.63853110323813
3187 -25.63853110323813
3188 -25.63854799385945
3189 -25.638705228198223
3190 -25.638705228198223
3191 -25.638705228198223
3192 -25.638705228198223
3193 -25.63870888621182
3194 -25.638858298687683
3195 -25.638858298687683
3196 -25.638858298687683
3197 -25.638858298687683
3198 -25.638860908485015
3199 -25.63887581254041
3200 -25.63887581254041
3201 -25.63887581254041
3202 -25.63887581254041
3203 -25.638918380328523
3204 -25.63911396346415
3205 -25.63911396346415
3206 -25.63911396346415
3207 -25.63911396346415
3208 -25.639120697394635
3209 -25.639289944221822
3210 -25.639289944221822
3211 -25.639289944221822
3212 -25.639289944221822
3213 -25.639289944221822
3214 -25.63932876460832
3215 -25.63932876460832
3216 -25.63932876460832
3217 -25.63932876460832
3218 -25.63932876460832
3219 -25.639381386035293
3220 -25.639381386035293
3221 -25.639381386035293
3222 -25.639381386035293
3223 -25.639499115639616
3224 -25.63954414037444
3225 -25.63954414037444
3226 -25.63954414037444
3227 -25.63954414037444
3228 -25.63962646968356
3229 -25.639659139381575
3230 -25.639659139381575
3231 -25.639659139381575
3232 -25.639659139381575
3233 -25.639732142221135
3234 -25.639778718412934
3235 -25.639778718412934
3236 -25.639778718412934
3237 -25.639778718412934
3238 -25.639786787857386
3239 -25.639837367606006
3240 -25.639837367606006
3241 -25.639837367606006
3242 -25.639837367606006
3243 -25.63986205775006
3244 -25.639935645474967
3245 -25.639935645474967
3246 -25.639935645474967
3247 -25.639935645474967
3248 -25.639935645474967
3249 -25.639977597828487
3250 -25.639977597828487
3251 -25.639977597828487
3252 -25.639977597828487
3253 -25.64000164078495
3254 -25.640142556460876
3255 -25.640142556460876
3256 -25.640142556460876
3257 -25.640142556460876
3258 -25.640142556460876
3259 -25.64020680732887
3260 -25.64020680732887
3261 -25.64020680732887
3262 -25.64020680732887
3263 -25.640207904524217
3264 -25.64026914604186
3265 -25.64026914604186
3266 -25.64026914604186
3267 -25.64026914604186
3268 -25.640271745936406
3269 -25.64034935032051
3270 -25.64034935032051
3271 -25.64034935032051
3272 -25.64034935032051
3273 -25.64034935032051
3274 -25.64039676989894
3275 -25.64039676989894
3276 -25.64039676989894
3277 -25.64039676989894
3278 -25.640481279917363
3279 -25.640608562992163
3280 -25.640608562992163
3281 -25.640608562992163
3282 -25.640608562992163
3283 -25.64060926035051
3284 -25.640631230807358
3285 -25.640631230807358
3286 -25.640631230807358
3287 -25.640631230807358
3288 -25.640659779076177
3289 -25.64068510520006
3290 -25.64068510520006
3291 -25.64068510520006
3292 -25.64068510520006
3293 -25.64068510520006
3294 -25.640795458603332
3295 -25.640795458603332
3296 -25.640795458603332
3297 -25.640795458603332
3298 -25.640804849767264
3299 -25.64093994529352
3300 -25.64093994529352
3301 -25.64093994529352
3302 -25.64093994529352
3303 -25.640976761032423
3304 -25.641170454035144
3305 -25.641170454035144
3306 -25.641170454035144
3307 -25.641170454035144
3308 -25.641233825585243
3309 -25.641405789176012
3310 -25.641405789176012
3311 -25.641405789176012
3312 -25.641405789176012
3313 -25.641408624452094
3314 -25.641467652085804
3315 -25.641467652085804
3316 -25.641467652085804
3317 -25.641467652085804
3318 -25.641472487569402
3319 -25.64156643968986
3320 -25.64156643968986
3321 -25.64156643968986
3322 -25.64156643968986
3323 -25.641567553262266
3324 -25.64173772141344
3325 -25.64173772141344
3326 -25.64173772141344
3327 -25.64173772141344
3328 -25.641750555873063
3329 -25.64182220330927
3330 -25.64182220330927
3331 -25.64182220330927
3332 -25.64182220330927
3333 -25.641843116521102
3334 -25.64198692215432
3335 -25.64198692215432
3336 -25.64198692215432
3337 -25.64198692215432
3338 -25.64198813606371
3339 -25.642111019660476
3340 -25.642111019660476
3341 -25.642111019660476
3342 -25.642111019660476
3343 -25.642198150178128
3344 -25.642338410149062
3345 -25.642338410149062
3346 -25.642338410149062
3347 -25.642338410149062
3348 -25.64234345332724
3349 -25.64244191259451
3350 -25.64244191259451
3351 -25.64244191259451
3352 -25.64244191259451
3353 -25.64244423557664
3354 -25.642524274951867
3355 -25.642524274951867
3356 -25.642524274951867
3357 -25.642524274951867
3358 -25.642524274951867
3359 -25.642550635917424
3360 -25.642550635917424
3361 -25.642550635917424
3362 -25.642556571548724
3363 -25.6425589250669
3364 -25.642690288358768
3365 -25.642690288358768
3366 -25.642690288358768
3367 -25.642690288358768
3368 -25.64269452893654
3369 -25.642801325397954
3370 -25.642801325397954
3371 -25.642801325397954
3372 -25.642801325397954
3373 -25.64280156912059
3374 -25.64295276389373
3375 -25.64295276389373
3376 -25.64295276389373
3377 -25.64295276389373
3378 -25.643067121895857
3379 -25.643207426023274
3380 -25.643207426023274
3381 -25.643207426023274
3382 -25.643207426023274
3383 -25.64330196636596
3384 -25.643514529575018
3385 -25.643514529575018
3386 -25.643514529575018
3387 -25.643514529575018
3388 -25.643529377814406
3389 -25.643604522880494
3390 -25.643604522880494
3391 -25.643604522880494
3392 -25.643604522880494
3393 -25.643604522880494
3394 -25.643703575297454
3395 -25.643703575297454
3396 -25.643703575297454
3397 -25.643703575297454
3398 -25.643703728561537
3399 -25.64389937737956
3400 -25.64389937737956
3401 -25.64389937737956
3402 -25.64389937737956
3403 -25.64392681206566
3404 -25.64404244881509
3405 -25.64404244881509
3406 -25.64404244881509
3407 -25.644160314269808
3408 -25.644186279267863
3409 -25.644262354555973
3410 -25.644262354555973
3411 -25.644262354555973
3412 -25.644262354555973
3413 -25.644331683580063
3414 -25.64439304837015
3415 -25.64439304837015
3416 -25.64439304837015
3417 -25.64439304837015
3418 -25.644396295119723
3419 -25.64448859811677
3420 -25.64448859811677
3421 -25.64448859811677
3422 -25.64448859811677
3423 -25.64453264329776
3424 -25.644714613058234
3425 -25.644714613058234
3426 -25.644714613058234
3427 -25.644714613058234
3428 -25.644720052667545
3429 -25.644798690215673
3430 -25.644798690215673
3431 -25.644798690215673
3432 -25.644798690215673
3433 -25.6447995820352
3434 -25.644919893591684
3435 -25.644919893591684
3436 -25.644919893591684
3437 -25.644919893591684
3438 -25.644933848266223
3439 -25.64506667740075
3440 -25.64506667740075
3441 -25.64506667740075
3442 -25.64506667740075
3443 -25.645067201875797
3444 -25.645129289330935
3445 -25.645129289330935
3446 -25.645129289330935
3447 -25.645129289330935
3448 -25.645133603700188
3449 -25.645205250011944
3450 -25.645205250011944
3451 -25.645205250011944
3452 -25.645205250011944
3453 -25.64524735399799
3454 -25.64541204826813
3455 -25.64541204826813
3456 -25.64541204826813
3457 -25.64541204826813
3458 -25.645413889458457
3459 -25.645516937575458
3460 -25.645516937575458
3461 -25.645516937575458
3462 -25.645516937575458
3463 -25.645521362565106
3464 -25.645705392451116
3465 -25.645705392451116
3466 -25.645705392451116
3467 -25.645705392451116
3468 -25.645750470076404
3469 -25.645851399116715
3470 -25.645851399116715
3471 -25.645851399116715
3472 -25.645851399116715
3473 -25.645928978111904
3474 -25.646160894204556
3475 -25.646160894204556
3476 -25.646160894204556
3477 -25.646160894204556
3478 -25.646160985217673
3479 -25.646310310397528
3480 -25.646310310397528
3481 -25.646310310397528
3482 -25.646310310397528
3483 -25.646311022536704
3484 -25.64636499287193
3485 -25.64636499287193
3486 -25.64636499287193
3487 -25.64636499287193
3488 -25.646365048456108
3489 -25.646481822587347
3490 -25.646481822587347
3491 -25.646481822587347
3492 -25.646481822587347
3493 -25.64648280465679
3494 -25.646565069229624
3495 -25.646565069229624
3496 -25.646565069229624
3497 -25.646565069229624
3498 -25.646580590116226
3499 -25.646632439006837
3500 -25.646632439006837
3501 -25.646632439006837
3502 -25.646632439006837
3503 -25.646638897712982
3504 -25.64677080337135
3505 -25.64677080337135
3506 -25.64677080337135
3507 -25.64677118755374
3508 -25.646771552278118
3509 -25.64683962200843
3510 -25.64683962200843
3511 -25.64683962200843
3512 -25.64683962200843
3513 -25.646840206277968
3514 -25.646948203532943
3515 -25.646948203532943
3516 -25.646948203532943
3517 -25.646948203532943
3518 -25.646967802053084
3519 -25.647169934477528
3520 -25.647169934477528
3521 -25.647169934477528
3522 -25.647169934477528
3523 -25.647171803156613
3524 -25.647211495039542
3525 -25.647211495039542
3526 -25.647211495039542
3527 -25.647211495039542
3528 -25.647211495039542
3529 -25.647305094191605
3530 -25.647305094191605
3531 -25.647305094191605
3532 -25.647305094191605
3533 -25.647305094191605
3534 -25.647411697818068
3535 -25.647411697818068
3536 -25.647411697818068
3537 -25.647411697818068
3538 -25.64741201486746
3539 -25.6475710382302
3540 -25.6475710382302
3541 -25.6475710382302
3542 -25.6475710382302
3543 -25.64757221727293
3544 -25.647662033761605
3545 -25.647662033761605
3546 -25.647662033761605
3547 -25.647662033761605
3548 -25.647800902858688
3549 -25.647877175877586
3550 -25.647877175877586
3551 -25.647877175877586
3552 -25.647877175877586
3553 -25.647885309052405
3554 -25.647970454673548
3555 -25.647970454673548
3556 -25.647970454673548
3557 -25.647970454673548
3558 -25.64798571339623
3559 -25.64804152627688
3560 -25.64804152627688
3561 -25.64804152627688
3562 -25.64804152627688
3563 -25.648041528523265
3564 -25.648130287795805
3565 -25.648130287795805
3566 -25.648130287795805
3567 -25.648130287795805
3568 -25.648130287795805
3569 -25.648218787014923
3570 -25.648218787014923
3571 -25.648218787014923
3572 -25.648218787014923
3573 -25.648235132459998
3574 -25.648463375584104
3575 -25.648463375584104
3576 -25.648463375584104
3577 -25.648463375584104
3578 -25.648463396889394
3579 -25.64853197923154
3580 -25.64853197923154
3581 -25.64853197923154
3582 -25.64853197923154
3583 -25.648568102989323
3584 -25.648806670304005
3585 -25.648806670304005
3586 -25.648806670304005
3587 -25.648806670304005
3588 -25.648806670304005
3589 -25.648996790435273
3590 -25.648996790435273
3591 -25.648996790435273
3592 -25.648996790435273
3593 -25.648997033983548
3594 -25.649089152290617
3595 -25.649089152290617
3596 -25.649089152290617
3597 -25.649089237496884
3598 -25.6490910303318
3599 -25.64918145021401
3600 -25.64918145021401
3601 -25.64918145021401
3602 -25.64918145021401
3603 -25.649239216788708
3604 -25.649357182450785
3605 -25.649357182450785
3606 -25.649357182450785
3607 -25.649357182450785
3608 -25.64941501761792
3609 -25.649602642176735
3610 -25.649602642176735
3611 -25.649602642176735
3612 -25.649602642176735
3613 -25.649602642176735
3614 -25.64963023321139
3615 -25.64963023321139
3616 -25.64963023321139
3617 -25.64963023321139
3618 -25.64963059438923
3619 -25.649675854898906
3620 -25.649675854898906
3621 -25.649675854898906
3622 -25.649675854898906
3623 -25.64979603663838
3624 -25.649910519438023
3625 -25.649910519438023
3626 -25.649910519438023
3627 -25.649910519438023
3628 -25.649910519438023
3629 -25.650081488285256
3630 -25.650081488285256
3631 -25.650081488285256
3632 -25.650081488285256
3633 -25.650081771275893
3634 -25.650201046743664
3635 -25.650201046743664
3636 -25.650201046743664
3637 -25.650201046743664
3638 -25.650204976603806
3639 -25.650327697963327
3640 -25.650327697963327
3641 -25.650327697963327
3642 -25.650327697963327
3643 -25.650386467886005
3644 -25.65054621094664
3645 -25.65054621094664
3646 -25.65054621094664
3647 -25.65054621094664
3648 -25.65055398363519
3649 -25.6506176078562
3650 -25.6506176078562
3651 -25.6506176078562
3652 -25.6506176078562
3653 -25.650741527089668
3654 -25.65086020765382
3655 -25.65086020765382
3656 -25.65086020765382
3657 -25.65086020765382
3658 -25.65086020765382
3659 -25.65100537345183
3660 -25.65100537345183
3661 -25.65100537345183
3662 -25.65100537345183
3663 -25.651034426136377
3664 -25.651277244595853
3665 -25.651277244595853
3666 -25.651277244595853
3667 -25.651277244595853
3668 -25.65127727462315
3669 -25.651414414068423
3670 -25.651414414068423
3671 -25.651414414068423
3672 -25.651414414068423
3673 -25.65141692685506
3674 -25.65151254404109
3675 -25.65151254404109
3676 -25.65151254404109
3677 -25.65151254404109
3678 -25.651513433699222
3679 -25.6517190562536
3680 -25.6517190562536
3681 -25.6517190562536
3682 -25.6517190562536
3683 -25.651722634764944
3684 -25.651906322412803
3685 -25.651906322412803
3686 -25.651906322412803
3687 -25.651906322412803
3688 -25.651906322412803
3689 -25.652056948359068
3690 -25.652056948359068
3691 -25.652056948359068
3692 -25.65222178743939
3693 -25.652227217595165
3694 -25.65239021547459
3695 -25.65239021547459
3696 -25.65239021547459
3697 -25.65239139996617
3698 -25.65240337580914
3699 -25.652645624236246
3700 -25.652645624236246
3701 -25.652645624236246
3702 -25.652645624236246
3703 -25.652647992729108
3704 -25.652832440706803
3705 -25.652832440706803
3706 -25.652832440706803
3707 -25.652832440706803
3708 -25.65283250032697
3709 -25.652893485727475
3710 -25.652893485727475
3711 -25.652893485727475
3712 -25.652893485727475
3713 -25.652926413172665
3714 -25.653088100440602
3715 -25.653088100440602
3716 -25.653088100440602
3717 -25.653088100440602
3718 -25.65309290988604
3719 -25.653184596924277
3720 -25.653184596924277
3721 -25.653184596924277
3722 -25.653184596924277
3723 -25.653290791895508
3724 -25.653438709629686
3725 -25.653438709629686
3726 -25.653438709629686
3727 -25.653438709629686
3728 -25.65343963891628
3729 -25.65353383827641
3730 -25.65353383827641
3731 -25.65353383827641
3732 -25.65353383827641
3733 -25.653534975332565
3734 -25.653585414693065
3735 -25.653585414693065
3736 -25.653585414693065
3737 -25.653585414693065
3738 -25.653600175512953
3739 -25.653698592619154
3740 -25.653698592619154
3741 -25.653698592619154
3742 -25.653698592619154
3743 -25.653710240125122
3744 -25.653801039007785
3745 -25.653801039007785
3746 -25.653801039007785
3747 -25.653801039007785
3748 -25.65380904656052
3749 -25.65395996249858
3750 -25.65395996249858
3751 -25.65395996249858
3752 -25.65395996249858
3753 -25.653965126461152
3754 -25.65409780276177
3755 -25.65409780276177
3756 -25.65409780276177
3757 -25.65409780276177
3758 -25.654142015379204
3759 -25.654325306645784
3760 -25.654325306645784
3761 -25.654325306645784
3762 -25.654325306645784
3763 -25.654325472044036
3764 -25.654361078980333
3765 -25.654361078980333
3766 -25.654361078980333
3767 -25.654361078980333
3768 -25.654386672908718
3769 -25.654497135021828
3770 -25.654497135021828
3771 -25.654497135021828
3772 -25.654497135021828
3773 -25.654538608920465
3774 -25.654571316030054
3775 -25.654571316030054
3776 -25.654571316030054
3777 -25.654571316030054
3778 -25.654606164214535
3779 -25.654725474730476
3780 -25.654725474730476
3781 -25.654725474730476
3782 -25.654725474730476
3783 -25.654743855308546
3784 -25.654873145097426
3785 -25.654873145097426
3786 -25.654873145097426
3787 -25.654873145097426
3788 -25.654873313842597
3789 -25.654941730870565
3790 -25.654941730870565
3791 -25.654941730870565
3792 -25.654941730870565
3793 -25.654972204205986
3794 -25.65507522355563
3795 -25.65507522355563
3796 -25.65507522355563
3797 -25.65507522355563
3798 -25.655075556956344
3799 -25.655127086859952
3800 -25.655127086859952
3801 -25.655127086859952
3802 -25.655127086859952
3803 -25.65530764553021
3804 -25.655374118367096
3805 -25.655374118367096
3806 -25.655374118367096
3807 -25.655374118367096
3808 -25.655381047569918
3809 -25.655474181253407
3810 -25.655474181253407
3811 -25.655474181253407
3812 -25.655474181253407
3813 -25.655505981078626
3814 -25.655581619664677
3815 -25.655581619664677
3816 -25.655581619664677
3817 -25.655581619664677
3818 -25.65558563468451
3819 -25.65562677562112
3820 -25.65562677562112
3821 -25.65562677562112
3822 -25.65562677562112
3823 -25.655663518233712
3824 -25.655768665819203
3825 -25.655768665819203
3826 -25.655768665819203
3827 -25.655768665819203
3828 -25.65579168948384
3829 -25.655875655876454
3830 -25.655875655876454
3831 -25.655875655876454
3832 -25.655875655876454
3833 -25.65588033002663
3834 -25.65597009737996
3835 -25.65597009737996
3836 -25.65597009737996
3837 -25.65597009737996
3838 -25.655970206501383
3839 -25.656006348201075
3840 -25.656006348201075
3841 -25.656006348201075
3842 -25.656006348201075
3843 -25.656030446288163
3844 -25.656128396173532
3845 -25.656128396173532
3846 -25.656128396173532
3847 -25.656128396173532
3848 -25.656132971141652
3849 -25.656226879109905
3850 -25.656226879109905
3851 -25.656226879109905
3852 -25.656226879109905
3853 -25.656226981708908
3854 -25.65629271961811
3855 -25.65629271961811
3856 -25.65629271961811
3857 -25.65629271961811
3858 -25.65629293658456
3859 -25.65637510435402
3860 -25.65637510435402
3861 -25.65637510435402
3862 -25.65637510435402
3863 -25.656375223649565
3864 -25.656420549255603
3865 -25.656420549255603
3866 -25.656420549255603
3867 -25.656420549255603
3868 -25.656464511679605
3869 -25.6565508818376
3870 -25.6565508818376
3871 -25.6565508818376
3872 -25.6565508818376
3873 -25.65655204192973
3874 -25.65670516586142
3875 -25.65670516586142
3876 -25.65670516586142
3877 -25.65670516586142
3878 -25.6567053106796
3879 -25.65675248699214
3880 -25.65675248699214
3881 -25.65675248699214
3882 -25.65675248699214
3883 -25.65675552567699
3884 -25.656897150832346
3885 -25.656897150832346
3886 -25.656897150832346
3887 -25.656897150832346
3888 -25.65690222436528
3889 -25.657016736150208
3890 -25.657016736150208
3891 -25.657016736150208
3892 -25.657016736150208
3893 -25.657020384160663
3894 -25.65717296888526
3895 -25.65717296888526
3896 -25.65717296888526
3897 -25.65717296888526
3898 -25.657173170507303
3899 -25.65720551371941
3900 -25.65720551371941
3901 -25.65720551371941
3902 -25.65720551371941
3903 -25.657212604986505
3904 -25.65726905689321
3905 -25.65726905689321
3906 -25.65726905689321
3907 -25.65726905689321
3908 -25.657276332915202
3909 -25.657360907504053
3910 -25.657360907504053
3911 -25.657360907504053
3912 -25.657360907504053
3913 -25.65742323144814
3914 -25.657567234605104
3915 -25.657567234605104
3916 -25.657567234605104
3917 -25.657567234605104
3918 -25.657567663193735
3919 -25.657676043373122
3920 -25.657676043373122
3921 -25.657676043373122
3922 -25.657676043373122
3923 -25.657680546023883
3924 -25.65777379442228
3925 -25.65777379442228
3926 -25.65777379442228
3927 -25.65777379442228
3928 -25.657878738704582
3929 -25.65796575758789
3930 -25.65796575758789
3931 -25.65796575758789
3932 -25.65796575758789
3933 -25.657965812912302
3934 -25.65800802582737
3935 -25.65800802582737
3936 -25.65800802582737
3937 -25.65800802582737
3938 -25.658012045697582
3939 -25.658081877505488
3940 -25.658081877505488
3941 -25.658081877505488
3942 -25.658081877505488
3943 -25.65808194649801
3944 -25.658165735903694
3945 -25.658165735903694
3946 -25.658165735903694
3947 -25.658165735903694
3948 -25.658165747428516
3949 -25.658285736908763
3950 -25.658285736908763
3951 -25.658285736908763
3952 -25.658285736908763
3953 -25.658292023677166
3954 -25.658426638998012
3955 -25.658426638998012
3956 -25.658426638998012
3957 -25.658426638998012
3958 -25.658437915992945
3959 -25.658526305346587
3960 -25.658526305346587
3961 -25.658526305346587
3962 -25.658526305346587
3963 -25.65853298462824
3964 -25.65857818235853
3965 -25.65857818235853
3966 -25.65857818235853
3967 -25.65857818235853
3968 -25.65857866436104
3969 -25.65872872311662
3970 -25.65872872311662
3971 -25.65872872311662
3972 -25.65872872311662
3973 -25.658737386655638
3974 -25.658809259512097
3975 -25.658809259512097
3976 -25.658809259512097
3977 -25.658809259512097
3978 -25.658809478601288
3979 -25.658851172881878
3980 -25.658851172881878
3981 -25.658851172881878
3982 -25.658851172881878
3983 -25.658853382860045
3984 -25.6589908732951
3985 -25.6589908732951
3986 -25.6589908732951
3987 -25.6589908732951
3988 -25.65899496123992
3989 -25.659066873434785
3990 -25.659066873434785
3991 -25.659066873434785
3992 -25.659067162072336
3993 -25.65906823644228
3994 -25.659122152018103
3995 -25.659122152018103
3996 -25.659122152018103
3997 -25.659122152018103
3998 -25.65912524754585
3999 -25.659340858259927
