0 385.0549852112134
1 321.7832722329293
2 282.5097037746181
3 256.412541534076
4 239.5546474500936
5 239.5546474500936
6 239.5546474500936
7 237.93419532610474
8 227.85141678290393
9 209.15759598505136
10 209.15759598505136
11 209.15759598505136
12 208.14888213090768
13 202.27817433917505
14 191.56047199132402
15 191.56047199132402
16 191.56047199132402
17 191.56047199132402
18 189.99604653345398
19 180.5748135705548
20 180.5748135705548
21 180.5748135705548
22 180.5748135705548
23 179.09110058722945
24 175.83347336706598
25 175.83347336706598
26 175.83347336706598
27 175.83347336706598
28 175.58476610658118
29 167.29237834198622
30 167.29237834198622
31 167.29237834198622
32 167.29237834198622
33 166.41574241552593
34 162.9513022522921
35 162.9513022522921
36 162.9513022522921
37 162.8843759224688
38 162.43511808018795
39 159.6591466165755
40 159.6591466165755
41 159.6591466165755
42 159.6591466165755
43 159.0170855449783
44 153.22780292992877
45 153.22780292992877
46 153.22780292992877
47 153.22780292992877
48 152.4050073078441
49 148.63293461160407
50 148.63293461160407
51 148.63293461160407
52 148.63293461160407
53 148.5847029014307
54 145.09144905873853
55 145.09144905873853
56 145.09144905873853
57 145.09144905873853
58 145.09144905873853
59 143.69313109243532
60 143.69313109243532
61 143.69313109243532
62 143.69313109243532
63 143.69313109243532
64 139.99318510780188
65 139.99318510780188
66 139.99318510780188
67 139.99318510780188
68 139.31946581765462
69 136.99499430359168
70 136.99499430359168
71 136.99499430359168
72 136.99499430359168
73 136.9485258784393
74 135.36626534431701
75 135.36626534431701
76 135.36626534431701
77 135.36626534431701
78 135.36626534431701
79 132.3580672590625
80 132.3580672590625
81 132.3580672590625
82 132.3580672590625
83 132.3580672590625
84 130.94660330351022
85 130.94660330351022
86 130.94660330351022
87 130.94660330351022
88 130.94660330351022
89 128.47712254065598
90 128.47712254065598
91 128.47712254065598
92 128.47712254065598
93 127.59618164417998
94 126.21150204579156
95 126.21150204579156
96 126.21150204579156
97 126.21150204579156
98 126.21150204579156
99 125.63307916267368
100 125.63307916267368
101 125.63307916267368
102 125.63307916267368
103 125.63307916267368
104 125.10154496860666
105 125.10154496860666
106 125.10154496860666
107 125.10154496860666
108 125.10154496860666
109 124.59623115632158
110 124.59623115632158
111 124.59623115632158
112 124.59623115632158
113 124.59623115632158
114 122.36670321443987
115 122.36670321443987
116 122.36670321443987
117 122.36670321443987
118 122.36670321443987
119 120.38769021205304
120 120.38769021205304
121 120.38769021205304
122 120.38769021205304
123 120.38769021205304
124 118.92566173961947
125 118.92566173961947
126 118.92566173961947
127 118.92566173961947
128 118.92566173961947
129 118.33436174413329
130 118.33436174413329
131 118.33436174413329
132 118.33436174413329
133 118.33436174413329
134 117.2222394514026
135 117.2222394514026
136 117.2222394514026
137 117.2222394514026
138 117.2222394514026
139 115.4437363920802
140 115.4437363920802
141 115.4437363920802
142 115.4437363920802
143 115.4437363920802
144 114.31371797751639
145 114.31371797751639
146 114.31371797751639
147 114.31371797751639
148 114.31371797751639
149 113.93637344141258
150 113.93637344141258
151 113.93637344141258
152 113.93637344141258
153 113.93637344141258
154 112.67330862276496
155 112.67330862276496
156 112.67330862276496
157 112.67330862276496
158 112.67330862276496
159 111.85854787618901
160 111.85854787618901
161 111.85854787618901
162 111.85854787618901
163 111.85854787618901
164 110.20644662531484
165 110.20644662531484
166 110.20644662531484
167 110.20644662531484
168 110.20644662531484
169 109.67125007974919
170 109.67125007974919
171 109.67125007974919
172 109.67125007974919
173 109.67125007974919
174 108.64727130696055
175 108.64727130696055
176 108.64727130696055
177 108.64727130696055
178 108.64727130696055
179 106.97825865489193
180 106.97825865489193
181 106.97825865489193
182 106.97825865489193
183 106.97825865489193
184 105.69136592334091
185 105.69136592334091
186 105.69136592334091
187 105.69136592334091
188 105.69136592334091
189 104.80413279776552
190 104.80413279776552
191 104.80413279776552
192 104.80413279776552
193 104.80413279776552
194 103.43817242680971
195 103.43817242680971
196 103.43817242680971
197 103.43817242680971
198 103.43817242680971
199 103.15496934895505
200 103.15496934895505
201 103.15496934895505
202 103.15496934895505
203 103.15496934895505
204 102.85868739739446
205 102.85868739739446
206 102.85868739739446
207 102.85868739739446
208 102.85868739739446
209 100.62751833275118
210 100.62751833275118
211 100.62751833275118
212 100.62751833275118
213 100.62751833275118
214 98.70054133112407
215 98.70054133112407
216 98.70054133112407
217 98.70054133112407
218 98.70054133112407
219 98.12044081223033
220 98.12044081223033
221 98.12044081223033
222 98.12044081223033
223 98.12044081223033
224 96.00641401085043
225 96.00641401085043
226 96.00641401085043
227 96.00641401085043
228 96.00641401085043
229 94.21185492825019
230 94.21185492825019
231 94.21185492825019
232 94.21185492825019
233 94.21185492825019
234 92.1784106555558
235 92.1784106555558
236 92.1784106555558
237 92.1784106555558
238 92.1784106555558
239 90.87427160020049
240 90.87427160020049
241 90.87427160020049
242 90.87427160020049
243 90.87427160020049
244 88.92526090051742
245 88.92526090051742
246 88.92526090051742
247 88.92526090051742
248 88.92526090051742
249 87.58648361283836
250 87.58648361283836
251 87.58648361283836
252 87.58648361283836
253 87.58648361283836
254 85.36103445010741
255 85.36103445010741
256 85.36103445010741
257 85.36103445010741
258 85.36103445010741
259 84.43108495226589
260 84.43108495226589
261 84.43108495226589
262 84.43108495226589
263 84.43108495226589
264 84.08520933358479
265 84.08520933358479
266 84.08520933358479
267 84.08520933358479
268 84.08520933358479
269 83.69860428324107
270 83.69860428324107
271 83.69860428324107
272 83.69860428324107
273 83.33392564844203
274 82.21569669623804
275 82.21569669623804
276 82.21569669623804
277 82.21569669623804
278 82.21569669623804
279 81.17752226894575
280 81.17752226894575
281 81.17752226894575
282 81.17752226894575
283 81.17752226894575
284 80.68863678198204
285 80.68863678198204
286 80.68863678198204
287 80.68863678198204
288 80.68863678198204
289 80.19639825481904
290 80.19639825481904
291 80.19639825481904
292 80.19639825481904
293 80.19639825481904
294 80.02649615167938
295 80.02649615167938
296 80.02649615167938
297 80.02649615167938
298 80.02649615167938
299 79.14581508901658
300 79.14581508901658
301 79.14581508901658
302 79.14581508901658
303 79.14581508901658
304 78.62726412474618
305 78.62726412474618
306 78.62726412474618
307 78.62726412474618
308 78.62726412474618
309 77.62213281643878
310 77.62213281643878
311 77.62213281643878
312 77.62213281643878
313 77.62213281643878
314 76.22174376355903
315 76.22174376355903
316 76.22174376355903
317 76.22174376355903
318 76.22174376355903
319 75.62225793500315
320 75.62225793500315
321 75.62225793500315
322 75.62225793500315
323 75.62225793500315
324 75.5423030884238
325 75.5423030884238
326 75.5423030884238
327 75.5423030884238
328 75.5423030884238
329 74.98535936294869
330 74.98535936294869
331 74.98535936294869
332 74.98535936294869
333 74.98535936294869
334 74.19776149644672
335 74.19776149644672
336 74.19776149644672
337 74.19776149644672
338 74.08151230752466
339 73.50374003519924
340 73.50374003519924
341 73.50374003519924
342 73.50374003519924
343 73.32794980020108
344 72.73734626320497
345 72.73734626320497
346 72.73734626320497
347 72.73734626320497
348 72.73734626320497
349 71.93273876143039
350 71.93273876143039
351 71.93273876143039
352 71.93273876143039
353 71.93273876143039
354 71.02453934761819
355 71.02453934761819
356 71.02453934761819
357 71.02453934761819
358 71.02453934761819
359 70.64711124214362
360 70.64711124214362
361 70.64711124214362
362 70.64711124214362
363 70.64711124214362
364 70.13038156719182
365 70.13038156719182
366 70.13038156719182
367 70.13038156719182
368 70.13038156719182
369 69.19321109328612
370 69.19321109328612
371 69.19321109328612
372 69.19321109328612
373 69.19321109328612
374 68.2207169817207
375 68.2207169817207
376 68.2207169817207
377 68.2207169817207
378 68.2207169817207
379 67.45762538034072
380 67.45762538034072
381 67.45762538034072
382 67.45762538034072
383 67.45762538034072
384 66.414571572838
385 66.414571572838
386 66.414571572838
387 66.414571572838
388 66.414571572838
389 65.92558653095587
390 65.92558653095587
391 65.92558653095587
392 65.92558653095587
393 65.92558653095587
394 65.17078786695683
395 65.17078786695683
396 65.17078786695683
397 65.17078786695683
398 65.17078786695683
399 63.58727103751141
400 63.58727103751141
401 63.58727103751141
402 63.58727103751141
403 63.5728741867762
404 63.027804007850946
405 63.027804007850946
406 63.027804007850946
407 63.027804007850946
408 63.027804007850946
409 62.45147095486771
410 62.45147095486771
411 62.45147095486771
412 62.45147095486771
413 62.45147095486771
414 62.047011949198286
415 62.047011949198286
416 62.047011949198286
417 62.047011949198286
418 62.047011949198286
419 61.18271967728817
420 61.18271967728817
421 61.18271967728817
422 61.18271967728817
423 61.18271967728817
424 60.253686765538156
425 60.253686765538156
426 60.253686765538156
427 60.253686765538156
428 60.253686765538156
429 59.643099678939635
430 59.643099678939635
431 59.643099678939635
432 59.643099678939635
433 59.643099678939635
434 59.1305347611356
435 59.1305347611356
436 59.1305347611356
437 59.1305347611356
438 59.1305347611356
439 58.80614089593241
440 58.80614089593241
441 58.80614089593241
442 58.80614089593241
443 58.80614089593241
444 58.539652559331664
445 58.539652559331664
446 58.539652559331664
447 58.539652559331664
448 58.539652559331664
449 58.17464273431833
450 58.17464273431833
451 58.17464273431833
452 58.17464273431833
453 58.14233309590777
454 57.46771918747905
455 57.46771918747905
456 57.46771918747905
457 57.46771918747905
458 57.46771918747905
459 56.84422433408873
460 56.84422433408873
461 56.84422433408873
462 56.84422433408873
463 56.84422433408873
464 56.15975744388158
465 56.15975744388158
466 56.15975744388158
467 56.15975744388158
468 56.15975744388158
469 55.068534291745905
470 55.068534291745905
471 55.068534291745905
472 55.068534291745905
473 55.068534291745905
474 54.73864591135264
475 54.73864591135264
476 54.73864591135264
477 54.73864591135264
478 54.73864591135264
479 54.30996387886606
480 54.30996387886606
481 54.30996387886606
482 54.30996387886606
483 54.30996387886606
484 54.02388267772391
485 54.02388267772391
486 54.02388267772391
487 54.02388267772391
488 54.02388267772391
489 53.605154782733024
490 53.605154782733024
491 53.605154782733024
492 53.605154782733024
493 53.605154782733024
494 52.9811761869665
495 52.9811761869665
496 52.9811761869665
497 52.9811761869665
498 52.9811761869665
499 52.746196630710905
500 52.746196630710905
501 52.746196630710905
502 52.746196630710905
503 52.746196630710905
504 52.30155883419923
505 52.30155883419923
506 52.30155883419923
507 52.30155883419923
508 52.30155883419923
509 52.00968744739726
510 52.00968744739726
511 52.00968744739726
512 52.00968744739726
513 52.00968744739726
514 51.44304201739938
515 51.44304201739938
516 51.44304201739938
517 51.44304201739938
518 51.44304201739938
519 50.87834299765406
520 50.87834299765406
521 50.87834299765406
522 50.87834299765406
523 50.87834299765406
524 50.31663490433731
525 50.31663490433731
526 50.31663490433731
527 50.31663490433731
528 50.31663490433731
529 49.46051429625853
530 49.46051429625853
531 49.46051429625853
532 49.46051429625853
533 49.46051429625853
534 49.0168753827235
535 49.0168753827235
536 49.0168753827235
537 49.0168753827235
538 49.0168753827235
539 48.68393209397913
540 48.68393209397913
541 48.68393209397913
542 48.68393209397913
543 48.68393209397913
544 48.53841684789877
545 48.53841684789877
546 48.53841684789877
547 48.53841684789877
548 48.53841684789877
549 47.9846235435681
550 47.9846235435681
551 47.9846235435681
552 47.9846235435681
553 47.9846235435681
554 47.63957792038911
555 47.63957792038911
556 47.63957792038911
557 47.63957792038911
558 47.63957792038911
559 47.198232345077265
560 47.198232345077265
561 47.198232345077265
562 47.198232345077265
563 47.19477673388708
564 46.86517162263481
565 46.86517162263481
566 46.86517162263481
567 46.86517162263481
568 46.86517162263481
569 46.374866884812874
570 46.374866884812874
571 46.374866884812874
572 46.374866884812874
573 46.374866884812874
574 46.03858426935512
575 46.03858426935512
576 46.03858426935512
577 46.03858426935512
578 46.03858426935512
579 45.732128876299335
580 45.732128876299335
581 45.732128876299335
582 45.732128876299335
583 45.732128876299335
584 45.33166057140327
585 45.33166057140327
586 45.33166057140327
587 45.33166057140327
588 45.33166057140327
589 44.740304079344156
590 44.740304079344156
591 44.740304079344156
592 44.740304079344156
593 44.740304079344156
594 44.53480055338362
595 44.53480055338362
596 44.53480055338362
597 44.53480055338362
598 44.53480055338362
599 44.11383418604518
600 44.11383418604518
601 44.11383418604518
602 44.11383418604518
603 44.11383418604518
604 43.6034948364336
605 43.6034948364336
606 43.6034948364336
607 43.6034948364336
608 43.6034948364336
609 43.028301772842376
610 43.028301772842376
611 43.028301772842376
612 43.028301772842376
613 43.028301772842376
614 42.727067678851014
615 42.727067678851014
616 42.727067678851014
617 42.727067678851014
618 42.727067678851014
619 42.43341920871226
620 42.43341920871226
621 42.43341920871226
622 42.43341920871226
623 42.42318726243407
624 42.1349221327817
625 42.1349221327817
626 42.1349221327817
627 42.1349221327817
628 42.1349221327817
629 41.780788365905735
630 41.780788365905735
631 41.780788365905735
632 41.780788365905735
633 41.780788365905735
634 41.28999377084938
635 41.28999377084938
636 41.28999377084938
637 41.28999377084938
638 41.28999377084938
639 41.053266886721666
640 41.053266886721666
641 41.053266886721666
642 41.053266886721666
643 41.053266886721666
644 40.817149464956266
645 40.817149464956266
646 40.817149464956266
647 40.817149464956266
648 40.817149464956266
649 40.45275879479808
650 40.45275879479808
651 40.45275879479808
652 40.45275879479808
653 40.45275879479808
654 40.229844642641744
655 40.229844642641744
656 40.229844642641744
657 40.229844642641744
658 40.229844642641744
659 40.106162835475715
660 40.106162835475715
661 40.106162835475715
662 40.106162835475715
663 40.106162835475715
664 39.963227776943704
665 39.963227776943704
666 39.963227776943704
667 39.963227776943704
668 39.963227776943704
669 39.709228134921126
670 39.709228134921126
671 39.709228134921126
672 39.709228134921126
673 39.709228134921126
674 39.48382345820356
675 39.48382345820356
676 39.48382345820356
677 39.48382345820356
678 39.48382345820356
679 39.303527222509025
680 39.303527222509025
681 39.303527222509025
682 39.303527222509025
683 39.266610557001265
684 39.030131055517046
685 39.030131055517046
686 39.030131055517046
687 39.030131055517046
688 39.01124584546118
689 38.756017530340316
690 38.756017530340316
691 38.756017530340316
692 38.756017530340316
693 38.756017530340316
694 38.48909714875621
695 38.48909714875621
696 38.48909714875621
697 38.48909714875621
698 38.48909714875621
699 38.29417641827453
700 38.29417641827453
701 38.29417641827453
702 38.29417641827453
703 38.29417641827453
704 38.02538842165553
705 38.02538842165553
706 38.02538842165553
707 38.02538842165553
708 38.02538842165553
709 37.85313874316056
710 37.85313874316056
711 37.85313874316056
712 37.85313874316056
713 37.85313874316056
714 37.788148845429454
715 37.788148845429454
716 37.788148845429454
717 37.788148845429454
718 37.788148845429454
719 37.627670641544
720 37.627670641544
721 37.627670641544
722 37.627670641544
723 37.627670641544
724 37.416270615486376
725 37.416270615486376
726 37.416270615486376
727 37.416270615486376
728 37.416270615486376
729 37.198699333420365
730 37.198699333420365
731 37.198699333420365
732 37.198699333420365
733 37.198699333420365
734 36.99676211996434
735 36.99676211996434
736 36.99676211996434
737 36.99676211996434
738 36.99676211996434
739 36.873664766257335
740 36.873664766257335
741 36.873664766257335
742 36.873664766257335
743 36.873664766257335
744 36.66070804501546
745 36.66070804501546
746 36.66070804501546
747 36.66070804501546
748 36.66070804501546
749 36.54075305135679
750 36.54075305135679
751 36.54075305135679
752 36.54075305135679
753 36.54075305135679
754 36.37963514350551
755 36.37963514350551
756 36.37963514350551
757 36.37963514350551
758 36.37963514350551
759 36.260820754377235
760 36.260820754377235
761 36.260820754377235
762 36.260820754377235
763 36.260820754377235
764 36.06757184730994
765 36.06757184730994
766 36.06757184730994
767 36.06757184730994
768 36.06757184730994
769 35.95271960292756
770 35.95271960292756
771 35.95271960292756
772 35.95271960292756
773 35.95271960292756
774 35.842149288133186
775 35.842149288133186
776 35.842149288133186
777 35.842149288133186
778 35.842149288133186
779 35.72284057575951
780 35.72284057575951
781 35.72284057575951
782 35.72284057575951
783 35.72284057575951
784 35.53484335247685
785 35.53484335247685
786 35.53484335247685
787 35.53484335247685
788 35.53484335247685
789 35.43262234104136
790 35.43262234104136
791 35.43262234104136
792 35.43262234104136
793 35.43262234104136
794 35.29590063541276
795 35.29590063541276
796 35.29590063541276
797 35.29590063541276
798 35.29590063541276
799 35.12641789545425
800 35.12641789545425
801 35.12641789545425
802 35.12641789545425
803 35.12641789545425
804 35.009649683412526
805 35.009649683412526
806 35.009649683412526
807 35.009649683412526
808 35.009649683412526
809 34.91471668492976
810 34.91471668492976
811 34.91471668492976
812 34.91471668492976
813 34.91471668492976
814 34.80071392434704
815 34.80071392434704
816 34.80071392434704
817 34.80071392434704
818 34.80071392434704
819 34.66219962613159
820 34.66219962613159
821 34.66219962613159
822 34.66219962613159
823 34.66219962613159
824 34.4757807076204
825 34.4757807076204
826 34.4757807076204
827 34.4757807076204
828 34.4757807076204
829 34.363412137064074
830 34.363412137064074
831 34.363412137064074
832 34.363412137064074
833 34.363412137064074
834 34.269134308492454
835 34.269134308492454
836 34.269134308492454
837 34.269134308492454
838 34.269134308492454
839 34.11279288422896
840 34.11279288422896
841 34.11279288422896
842 34.11279288422896
843 34.11279288422896
844 33.97901509859915
845 33.97901509859915
846 33.97901509859915
847 33.97901509859915
848 33.97901509859915
849 33.921431812284915
850 33.921431812284915
851 33.921431812284915
852 33.921431812284915
853 33.921431812284915
854 33.79554935941427
855 33.79554935941427
856 33.79554935941427
857 33.79554935941427
858 33.765912595814946
859 33.72489221069914
860 33.72489221069914
861 33.72489221069914
862 33.72489221069914
863 33.72489221069914
864 33.696649768373035
865 33.696649768373035
866 33.696649768373035
867 33.696649768373035
868 33.696649768373035
869 33.60349257666222
870 33.60349257666222
871 33.60349257666222
872 33.60349257666222
873 33.60349257666222
874 33.545684063027736
875 33.545684063027736
876 33.545684063027736
877 33.545684063027736
878 33.545684063027736
879 33.450787471311145
880 33.450787471311145
881 33.450787471311145
882 33.450787471311145
883 33.450787471311145
884 33.362236431567645
885 33.362236431567645
886 33.362236431567645
887 33.362236431567645
888 33.362236431567645
889 33.26479864400991
890 33.26479864400991
891 33.26479864400991
892 33.26479864400991
893 33.26479864400991
894 33.19067913102547
895 33.19067913102547
896 33.19067913102547
897 33.19067913102547
898 33.19067913102547
899 33.11646313691571
900 33.11646313691571
901 33.11646313691571
902 33.11646313691571
903 33.11646313691571
904 33.05074875993378
905 33.05074875993378
906 33.05074875993378
907 33.05074875993378
908 33.05074875993378
909 32.98096984360381
910 32.98096984360381
911 32.98096984360381
912 32.98096984360381
913 32.98096984360381
914 32.921378847568796
915 32.921378847568796
916 32.921378847568796
917 32.921378847568796
918 32.90181385287715
919 32.84223235805809
920 32.84223235805809
921 32.84223235805809
922 32.84223235805809
923 32.84223235805809
924 32.77849627354928
925 32.77849627354928
926 32.77849627354928
927 32.77849627354928
928 32.77849627354928
929 32.73545768070171
930 32.73545768070171
931 32.73545768070171
932 32.73545768070171
933 32.73545768070171
934 32.678715276305155
935 32.678715276305155
936 32.678715276305155
937 32.678715276305155
938 32.678715276305155
939 32.651665836482145
940 32.651665836482145
941 32.651665836482145
942 32.651665836482145
943 32.651665836482145
944 32.599516606886716
945 32.599516606886716
946 32.599516606886716
947 32.599516606886716
948 32.599516606886716
949 32.52606203132978
950 32.52606203132978
951 32.52606203132978
952 32.52606203132978
953 32.52606203132978
954 32.48317838735115
955 32.48317838735115
956 32.48317838735115
957 32.48317838735115
958 32.48317838735115
959 32.4679862256484
960 32.4679862256484
961 32.4679862256484
962 32.4679862256484
963 32.4679862256484
964 32.431571061727645
965 32.431571061727645
966 32.431571061727645
967 32.431571061727645
968 32.431571061727645
969 32.3904396259127
970 32.3904396259127
971 32.3904396259127
972 32.3904396259127
973 32.3904396259127
974 32.34016283851164
975 32.34016283851164
976 32.34016283851164
977 32.34016283851164
978 32.33318857464056
979 32.31622456502152
980 32.31622456502152
981 32.31622456502152
982 32.31622456502152
983 32.31622456502152
984 32.27591131336764
985 32.27591131336764
986 32.27591131336764
987 32.27591131336764
988 32.27591131336764
989 32.23948544087967
990 32.23948544087967
991 32.23948544087967
992 32.23948544087967
993 32.23948544087967
994 32.17934155443205
995 32.17934155443205
996 32.17934155443205
997 32.17934155443205
998 32.17934155443205
999 32.14786408099028
1000 32.14786408099028
1001 32.14786408099028
1002 32.14786408099028
1003 32.14786408099028
1004 32.12785989496471
1005 32.12785989496471
1006 32.12785989496471
1007 32.12785989496471
1008 32.12061303853168
1009 32.07505090697346
1010 32.07505090697346
1011 32.07505090697346
1012 32.07505090697346
1013 32.07505090697346
1014 32.06328277598005
1015 32.06328277598005
1016 32.06328277598005
1017 32.06328277598005
1018 32.06328277598005
1019 32.02675369723668
1020 32.02675369723668
1021 32.02675369723668
1022 32.02675369723668
1023 32.02675369723668
1024 32.009786843606555
1025 32.009786843606555
1026 32.009786843606555
1027 32.009786843606555
1028 32.009786843606555
1029 31.999167917857555
1030 31.999167917857555
1031 31.999167917857555
1032 31.999167917857555
1033 31.999167917857555
1034 31.955263550878627
1035 31.955263550878627
1036 31.955263550878627
1037 31.955263550878627
1038 31.955263550878627
1039 31.926257420367733
1040 31.926257420367733
1041 31.926257420367733
1042 31.926257420367733
1043 31.926257420367733
1044 31.899852781990784
1045 31.899852781990784
1046 31.899852781990784
1047 31.899852781990784
1048 31.899852781990784
1049 31.878080558972076
1050 31.878080558972076
1051 31.878080558972076
1052 31.878080558972076
1053 31.878080558972076
1054 31.863099202888915
1055 31.863099202888915
1056 31.863099202888915
1057 31.863099202888915
1058 31.863099202888915
1059 31.842888187061355
1060 31.842888187061355
1061 31.842888187061355
1062 31.842888187061355
1063 31.842888187061355
1064 31.82063968271942
1065 31.82063968271942
1066 31.82063968271942
1067 31.82063968271942
1068 31.82063968271942
1069 31.797827467720882
1070 31.797827467720882
1071 31.797827467720882
1072 31.797827467720882
1073 31.797827467720882
1074 31.783918946504777
1075 31.783918946504777
1076 31.783918946504777
1077 31.783918946504777
1078 31.783918946504777
1079 31.768145277280052
1080 31.768145277280052
1081 31.768145277280052
1082 31.768145277280052
1083 31.768145277280052
1084 31.746137991864245
1085 31.746137991864245
1086 31.746137991864245
1087 31.746137991864245
1088 31.746137991864245
1089 31.717165018419923
1090 31.717165018419923
1091 31.717165018419923
1092 31.717165018419923
1093 31.717165018419923
1094 31.687717342341255
1095 31.687717342341255
1096 31.687717342341255
1097 31.687717342341255
1098 31.687717342341255
1099 31.671168455340187
1100 31.671168455340187
1101 31.671168455340187
1102 31.671168455340187
1103 31.671168455340187
1104 31.655017140855534
1105 31.655017140855534
1106 31.655017140855534
1107 31.655017140855534
1108 31.655017140855534
1109 31.617096378026954
1110 31.617096378026954
1111 31.617096378026954
1112 31.617096378026954
1113 31.617096378026954
1114 31.59248992021222
1115 31.59248992021222
1116 31.59248992021222
1117 31.59248992021222
1118 31.59248992021222
1119 31.5688529406524
1120 31.5688529406524
1121 31.5688529406524
1122 31.5688529406524
1123 31.5688529406524
1124 31.56269144763431
1125 31.56269144763431
1126 31.56269144763431
1127 31.56269144763431
1128 31.56269144763431
1129 31.550273101276392
1130 31.550273101276392
1131 31.550273101276392
1132 31.550273101276392
1133 31.550273101276392
1134 31.532412691264938
1135 31.532412691264938
1136 31.532412691264938
1137 31.532412691264938
1138 31.532412691264938
1139 31.5158264640578
1140 31.5158264640578
1141 31.5158264640578
1142 31.5158264640578
1143 31.5158264640578
1144 31.493184248330166
1145 31.493184248330166
1146 31.493184248330166
1147 31.493184248330166
1148 31.493184248330166
1149 31.46089989696525
1150 31.46089989696525
1151 31.46089989696525
1152 31.46089989696525
1153 31.46089989696525
1154 31.43694292619773
1155 31.43694292619773
1156 31.43694292619773
1157 31.43694292619773
1158 31.43694292619773
1159 31.418637723241673
1160 31.418637723241673
1161 31.418637723241673
1162 31.418637723241673
1163 31.418637723241673
1164 31.39934079335767
1165 31.39934079335767
1166 31.39934079335767
1167 31.39934079335767
1168 31.39934079335767
1169 31.385851762947343
1170 31.385851762947343
1171 31.385851762947343
1172 31.385851762947343
1173 31.385851762947343
1174 31.37256470650879
1175 31.37256470650879
1176 31.37256470650879
1177 31.37256470650879
1178 31.37256470650879
1179 31.359233198872563
1180 31.359233198872563
1181 31.359233198872563
1182 31.359233198872563
1183 31.359233198872563
1184 31.34134220166249
1185 31.34134220166249
1186 31.34134220166249
1187 31.34134220166249
1188 31.34134220166249
1189 31.32752571998652
1190 31.32752571998652
1191 31.32752571998652
1192 31.32752571998652
1193 31.32752571998652
1194 31.314833342712628
1195 31.314833342712628
1196 31.314833342712628
1197 31.314833342712628
1198 31.314833342712628
1199 31.310599693294858
1200 31.310599693294858
1201 31.310599693294858
1202 31.310599693294858
1203 31.310599693294858
1204 31.28818365858289
1205 31.28818365858289
1206 31.28818365858289
1207 31.28818365858289
1208 31.286667733572283
1209 31.26759846664739
1210 31.26759846664739
1211 31.26759846664739
1212 31.26759846664739
1213 31.26759846664739
1214 31.256874659713436
1215 31.256874659713436
1216 31.256874659713436
1217 31.256874659713436
1218 31.256874659713436
1219 31.248491541106286
1220 31.248491541106286
1221 31.248491541106286
1222 31.248491541106286
1223 31.248491541106286
1224 31.239283495498245
1225 31.239283495498245
1226 31.239283495498245
1227 31.239283495498245
1228 31.239283495498245
1229 31.23020424777204
1230 31.23020424777204
1231 31.23020424777204
1232 31.23020424777204
1233 31.23020424777204
1234 31.22587196106715
1235 31.22587196106715
1236 31.22587196106715
1237 31.22587196106715
1238 31.22587196106715
1239 31.215365985313444
1240 31.215365985313444
1241 31.215365985313444
1242 31.215365985313444
1243 31.215365985313444
1244 31.19481750797961
1245 31.19481750797961
1246 31.19481750797961
1247 31.19481750797961
1248 31.19481750797961
1249 31.187469475889404
1250 31.187469475889404
1251 31.187469475889404
1252 31.187469475889404
1253 31.187469475889404
1254 31.1774846809736
1255 31.1774846809736
1256 31.1774846809736
1257 31.1774846809736
1258 31.1774846809736
1259 31.165808909417922
1260 31.165808909417922
1261 31.165808909417922
1262 31.165808909417922
1263 31.165808909417922
1264 31.158070626241212
1265 31.158070626241212
1266 31.158070626241212
1267 31.158070626241212
1268 31.158070626241212
1269 31.151201028039885
1270 31.151201028039885
1271 31.151201028039885
1272 31.151201028039885
1273 31.151201028039885
1274 31.143669335256863
1275 31.143669335256863
1276 31.143669335256863
1277 31.143669335256863
1278 31.143669335256863
1279 31.133530932242582
1280 31.133530932242582
1281 31.133530932242582
1282 31.133530932242582
1283 31.133530932242582
1284 31.127398628436456
1285 31.127398628436456
1286 31.127398628436456
1287 31.127398628436456
1288 31.127398628436456
1289 31.118630341265245
1290 31.118630341265245
1291 31.118630341265245
1292 31.118630341265245
1293 31.118630341265245
1294 31.10820089037967
1295 31.10820089037967
1296 31.10820089037967
1297 31.10820089037967
1298 31.10820089037967
1299 31.102551891950508
1300 31.102551891950508
1301 31.102551891950508
1302 31.102551891950508
1303 31.10223578998409
1304 31.09370563690448
1305 31.09370563690448
1306 31.09370563690448
1307 31.09370563690448
1308 31.09370563690448
1309 31.09168396500583
1310 31.09168396500583
1311 31.09168396500583
1312 31.09168396500583
1313 31.09168396500583
1314 31.083616186969714
1315 31.083616186969714
1316 31.083616186969714
1317 31.083616186969714
1318 31.083616186969714
1319 31.075825743994656
1320 31.075825743994656
1321 31.075825743994656
1322 31.075825743994656
1323 31.075825743994656
1324 31.07061403970732
1325 31.07061403970732
1326 31.07061403970732
1327 31.07061403970732
1328 31.07061403970732
1329 31.064331129952862
1330 31.064331129952862
1331 31.064331129952862
1332 31.064331129952862
1333 31.064331129952862
1334 31.057433377911778
1335 31.057433377911778
1336 31.057433377911778
1337 31.057433377911778
1338 31.057433377911778
1339 31.05429002248112
1340 31.05429002248112
1341 31.05429002248112
1342 31.05429002248112
1343 31.05429002248112
1344 31.048038369240036
1345 31.048038369240036
1346 31.048038369240036
1347 31.048038369240036
1348 31.048038369240036
1349 31.045230404734692
1350 31.045230404734692
1351 31.045230404734692
1352 31.045230404734692
1353 31.045230404734692
1354 31.043973707347543
1355 31.043973707347543
1356 31.043973707347543
1357 31.043973707347543
1358 31.043973707347543
1359 31.039942205734118
1360 31.039942205734118
1361 31.039942205734118
1362 31.039942205734118
1363 31.039942205734118
1364 31.035495728385246
1365 31.035495728385246
1366 31.035495728385246
1367 31.035495728385246
1368 31.035495728385246
1369 31.032387421059948
1370 31.032387421059948
1371 31.032387421059948
1372 31.032387421059948
1373 31.032387421059948
1374 31.029077072645496
1375 31.029077072645496
1376 31.029077072645496
1377 31.029077072645496
1378 31.029077072645496
1379 31.025307502353463
1380 31.025307502353463
1381 31.025307502353463
1382 31.025307502353463
1383 31.025307502353463
1384 31.020802088289027
1385 31.020802088289027
1386 31.020802088289027
1387 31.020802088289027
1388 31.020802088289027
1389 31.015714251229166
1390 31.015714251229166
1391 31.015714251229166
1392 31.015714251229166
1393 31.015714251229166
1394 31.010232941386782
1395 31.010232941386782
1396 31.010232941386782
1397 31.010232941386782
1398 31.010232941386782
1399 31.003179227201706
1400 31.003179227201706
1401 31.003179227201706
1402 31.003179227201706
1403 31.003179227201706
1404 30.998122996087638
1405 30.998122996087638
1406 30.998122996087638
1407 30.998122996087638
1408 30.998122996087638
1409 30.993892340159345
1410 30.993892340159345
1411 30.993892340159345
1412 30.993892340159345
1413 30.993680834837484
1414 30.98882580395447
1415 30.98882580395447
1416 30.98882580395447
1417 30.98882580395447
1418 30.98882580395447
1419 30.985895030306242
1420 30.985895030306242
1421 30.985895030306242
1422 30.985895030306242
1423 30.985895030306242
1424 30.983468181377436
1425 30.983468181377436
1426 30.983468181377436
1427 30.983468181377436
1428 30.983468181377436
1429 30.97830769388677
1430 30.97830769388677
1431 30.97830769388677
1432 30.97830769388677
1433 30.97830769388677
1434 30.977139635114114
1435 30.977139635114114
1436 30.977139635114114
1437 30.977139635114114
1438 30.977139635114114
1439 30.97386287385468
1440 30.97386287385468
1441 30.97386287385468
1442 30.97386287385468
1443 30.97386287385468
1444 30.9718309958542
1445 30.9718309958542
1446 30.9718309958542
1447 30.9718309958542
1448 30.9718309958542
1449 30.969963707416543
1450 30.969963707416543
1451 30.969963707416543
1452 30.969963707416543
1453 30.968765731715916
1454 30.96733885885825
1455 30.96733885885825
1456 30.96733885885825
1457 30.96733885885825
1458 30.96733885885825
1459 30.964527143472694
1460 30.964527143472694
1461 30.964527143472694
1462 30.964527143472694
1463 30.964527143472694
1464 30.96189380080489
1465 30.96189380080489
1466 30.96189380080489
1467 30.96189380080489
1468 30.96169402175923
1469 30.958248935027424
1470 30.958248935027424
1471 30.958248935027424
1472 30.958248935027424
1473 30.958248935027424
1474 30.954738262240305
1475 30.954738262240305
1476 30.954738262240305
1477 30.954738262240305
1478 30.954738262240305
1479 30.953468145630882
1480 30.953468145630882
1481 30.953468145630882
1482 30.953468145630882
1483 30.953468145630882
1484 30.951721866978012
1485 30.951721866978012
1486 30.951721866978012
1487 30.951721866978012
1488 30.951721866978012
1489 30.949264468142466
1490 30.949264468142466
1491 30.949264468142466
1492 30.949264468142466
1493 30.949264468142466
1494 30.947122987008502
1495 30.947122987008502
1496 30.947122987008502
1497 30.947122987008502
1498 30.947122987008502
1499 30.94579842875527
1500 30.94579842875527
1501 30.94579842875527
1502 30.94579842875527
1503 30.94579842875527
1504 30.94359894189051
1505 30.94359894189051
1506 30.94359894189051
1507 30.94359894189051
1508 30.94359894189051
1509 30.943018732136583
1510 30.943018732136583
1511 30.943018732136583
1512 30.943018732136583
1513 30.943018732136583
1514 30.939178306716688
1515 30.939178306716688
1516 30.939178306716688
1517 30.939178306716688
1518 30.939178306716688
1519 30.93772383707625
1520 30.93772383707625
1521 30.93772383707625
1522 30.93772383707625
1523 30.93772383707625
1524 30.936139900877247
1525 30.936139900877247
1526 30.936139900877247
1527 30.936139900877247
1528 30.936139900877247
1529 30.934319785546865
1530 30.934319785546865
1531 30.934319785546865
1532 30.934319785546865
1533 30.934319785546865
1534 30.93363123921212
1535 30.93363123921212
1536 30.93363123921212
1537 30.93363123921212
1538 30.933173067106395
1539 30.930874606048338
1540 30.930874606048338
1541 30.930874606048338
1542 30.930874606048338
1543 30.930874606048338
1544 30.92935395432797
1545 30.92935395432797
1546 30.92935395432797
1547 30.92935395432797
1548 30.92935395432797
1549 30.92794007983021
1550 30.92794007983021
1551 30.92794007983021
1552 30.92794007983021
1553 30.92794007983021
1554 30.92606362591184
1555 30.92606362591184
1556 30.92606362591184
1557 30.92606362591184
1558 30.92606362591184
1559 30.925360985788345
1560 30.925360985788345
1561 30.925360985788345
1562 30.925360985788345
1563 30.925360985788345
1564 30.924195556348163
1565 30.924195556348163
1566 30.924195556348163
1567 30.924195556348163
1568 30.924195556348163
1569 30.922832006751506
1570 30.922832006751506
1571 30.922832006751506
1572 30.922832006751506
1573 30.922832006751506
1574 30.92100925662428
1575 30.92100925662428
1576 30.92100925662428
1577 30.92100925662428
1578 30.92100925662428
1579 30.919789775823535
1580 30.919789775823535
1581 30.919789775823535
1582 30.919789775823535
1583 30.919694901510788
1584 30.918821370709832
1585 30.918821370709832
1586 30.918821370709832
1587 30.918821370709832
1588 30.918563646906964
1589 30.91747131178879
1590 30.91747131178879
1591 30.91747131178879
1592 30.91747131178879
1593 30.91747131178879
1594 30.915786305204964
1595 30.915786305204964
1596 30.915786305204964
1597 30.915786305204964
1598 30.915786305204964
1599 30.914658715198723
1600 30.914658715198723
1601 30.914658715198723
1602 30.914658715198723
1603 30.914658715198723
1604 30.914137578525224
1605 30.914137578525224
1606 30.914137578525224
1607 30.914137578525224
1608 30.914137578525224
1609 30.911849234932568
1610 30.911849234932568
1611 30.911849234932568
1612 30.911849234932568
1613 30.911849234932568
1614 30.911258740221342
1615 30.911258740221342
1616 30.911258740221342
1617 30.911258740221342
1618 30.911258740221342
1619 30.910610728960286
1620 30.910610728960286
1621 30.910610728960286
1622 30.910610728960286
1623 30.910610728960286
1624 30.90937929214783
1625 30.90937929214783
1626 30.90937929214783
1627 30.90937929214783
1628 30.9093283673487
1629 30.908739305943406
1630 30.908739305943406
1631 30.908739305943406
1632 30.908739305943406
1633 30.908739305943406
1634 30.90762441421676
1635 30.90762441421676
1636 30.90762441421676
1637 30.90762441421676
1638 30.90762441421676
1639 30.907077634339142
1640 30.907077634339142
1641 30.907077634339142
1642 30.907077634339142
1643 30.907077634339142
1644 30.90649756692269
1645 30.90649756692269
1646 30.90649756692269
1647 30.90649756692269
1648 30.90649756692269
1649 30.906043674766146
1650 30.906043674766146
1651 30.906043674766146
1652 30.906043674766146
1653 30.906043674766146
1654 30.905176063913125
1655 30.905176063913125
1656 30.905176063913125
1657 30.905176063913125
1658 30.905176063913125
1659 30.904676904280358
1660 30.904676904280358
1661 30.904676904280358
1662 30.904676904280358
1663 30.904676904280358
1664 30.90389997749945
1665 30.90389997749945
1666 30.90389997749945
1667 30.90389997749945
1668 30.90389997749945
1669 30.903305941371173
1670 30.903305941371173
1671 30.903305941371173
1672 30.903305941371173
1673 30.903305941371173
1674 30.902835976484962
1675 30.902835976484962
1676 30.902835976484962
1677 30.902835976484962
1678 30.902788570208447
1679 30.902233687474883
1680 30.902233687474883
1681 30.902233687474883
1682 30.902233687474883
1683 30.902233687474883
1684 30.901629934789874
1685 30.901629934789874
1686 30.901629934789874
1687 30.901629934789874
1688 30.901629934789874
1689 30.901241399785167
1690 30.901241399785167
1691 30.901241399785167
1692 30.901241399785167
1693 30.901241399785167
1694 30.900447105507304
1695 30.900447105507304
1696 30.900447105507304
1697 30.900447105507304
1698 30.900447105507304
1699 30.899831818016825
1700 30.899831818016825
1701 30.899831818016825
1702 30.899831818016825
1703 30.89968154436461
1704 30.898660295650657
1705 30.898660295650657
1706 30.898660295650657
1707 30.898660295650657
1708 30.898660295650657
1709 30.897602306908205
1710 30.897602306908205
1711 30.897602306908205
1712 30.897602306908205
1713 30.897602306908205
1714 30.896804644794216
1715 30.896804644794216
1716 30.896804644794216
1717 30.896804644794216
1718 30.896804644794216
1719 30.896377179157557
1720 30.896377179157557
1721 30.896377179157557
1722 30.896377179157557
1723 30.896377179157557
1724 30.896151145565902
1725 30.896151145565902
1726 30.896151145565902
1727 30.896151145565902
1728 30.896151145565902
1729 30.895490272233534
1730 30.895490272233534
1731 30.895490272233534
1732 30.895490272233534
1733 30.895450393930854
1734 30.895081059581724
1735 30.895081059581724
1736 30.895081059581724
1737 30.895081059581724
1738 30.895081059581724
1739 30.894551236984217
1740 30.894551236984217
1741 30.894551236984217
1742 30.894551236984217
1743 30.894551236984217
1744 30.89387191934105
1745 30.89387191934105
1746 30.89387191934105
1747 30.89387191934105
1748 30.89387191934105
1749 30.893146165235585
1750 30.893146165235585
1751 30.893146165235585
1752 30.893146165235585
1753 30.893146165235585
1754 30.892463239977243
1755 30.892463239977243
1756 30.892463239977243
1757 30.892463239977243
1758 30.892463239977243
1759 30.892100760747397
1760 30.892100760747397
1761 30.892100760747397
1762 30.892100760747397
1763 30.892100760747397
1764 30.891718381513392
1765 30.891718381513392
1766 30.891718381513392
1767 30.891718381513392
1768 30.891718381513392
1769 30.891428064225998
1770 30.891428064225998
1771 30.891428064225998
1772 30.891428064225998
1773 30.891428064225998
1774 30.891180020033328
1775 30.891180020033328
1776 30.891180020033328
1777 30.891180020033328
1778 30.891180020033328
1779 30.89062570493402
1780 30.89062570493402
1781 30.89062570493402
1782 30.89062570493402
1783 30.89062570493402
1784 30.890149510377526
1785 30.890149510377526
1786 30.890149510377526
1787 30.890149510377526
1788 30.890149510377526
1789 30.88995706664439
1790 30.88995706664439
1791 30.88995706664439
1792 30.88995706664439
1793 30.88995706664439
1794 30.88963248842527
1795 30.88963248842527
1796 30.88963248842527
1797 30.88963248842527
1798 30.88963248842527
1799 30.889235570567635
1800 30.889235570567635
1801 30.889235570567635
1802 30.889235570567635
1803 30.889235570567635
1804 30.888849511927592
1805 30.888849511927592
1806 30.888849511927592
1807 30.888849511927592
1808 30.888849511927592
1809 30.888478093838042
1810 30.888478093838042
1811 30.888478093838042
1812 30.888478093838042
1813 30.888478093838042
1814 30.88821143939168
1815 30.88821143939168
1816 30.88821143939168
1817 30.88821143939168
1818 30.88821143939168
1819 30.887843866049714
1820 30.887843866049714
1821 30.887843866049714
1822 30.887843866049714
1823 30.887843866049714
1824 30.887601001117574
1825 30.887601001117574
1826 30.887601001117574
1827 30.887601001117574
1828 30.887601001117574
1829 30.887041954323514
1830 30.887041954323514
1831 30.887041954323514
1832 30.887041954323514
1833 30.887041954323514
1834 30.88673750122974
1835 30.88673750122974
1836 30.88673750122974
1837 30.88673750122974
1838 30.88673750122974
1839 30.88657128023845
1840 30.88657128023845
1841 30.88657128023845
1842 30.88657128023845
1843 30.88657128023845
1844 30.886168816682392
1845 30.886168816682392
1846 30.886168816682392
1847 30.886168816682392
1848 30.886168816682392
1849 30.885896546500526
1850 30.885896546500526
1851 30.885896546500526
1852 30.885896546500526
1853 30.885896546500526
1854 30.885671487426002
1855 30.885671487426002
1856 30.885671487426002
1857 30.885671487426002
1858 30.885671487426002
1859 30.885588018003418
1860 30.885588018003418
1861 30.885588018003418
1862 30.885588018003418
1863 30.885588018003418
1864 30.885249861832808
1865 30.885249861832808
1866 30.885249861832808
1867 30.885249861832808
1868 30.885249861832808
1869 30.884893294146135
1870 30.884893294146135
1871 30.884893294146135
1872 30.884893294146135
1873 30.884893294146135
1874 30.884666366145606
1875 30.884666366145606
1876 30.884666366145606
1877 30.884666366145606
1878 30.884666366145606
1879 30.884531987510975
1880 30.884531987510975
1881 30.884531987510975
1882 30.884531987510975
1883 30.88451284162095
1884 30.884346197324113
1885 30.884346197324113
1886 30.884346197324113
1887 30.884346197324113
1888 30.884346197324113
1889 30.88420193854525
1890 30.88420193854525
1891 30.88420193854525
1892 30.88420193854525
1893 30.88420193854525
1894 30.88386199791972
1895 30.88386199791972
1896 30.88386199791972
1897 30.88386199791972
1898 30.88386199791972
1899 30.883567606204952
1900 30.883567606204952
1901 30.883567606204952
1902 30.883567606204952
1903 30.883567606204952
1904 30.88344767706231
1905 30.88344767706231
1906 30.88344767706231
1907 30.88344767706231
1908 30.88344767706231
1909 30.883330764114003
1910 30.883330764114003
1911 30.883330764114003
1912 30.883330764114003
1913 30.883330764114003
1914 30.88314197058041
1915 30.88314197058041
1916 30.88314197058041
1917 30.88314197058041
1918 30.88314197058041
1919 30.882898988717518
1920 30.882898988717518
1921 30.882898988717518
1922 30.882898988717518
1923 30.882898988717518
1924 30.88260367922553
1925 30.88260367922553
1926 30.88260367922553
1927 30.88260367922553
1928 30.88260367922553
1929 30.882456263163682
1930 30.882456263163682
1931 30.882456263163682
1932 30.882456263163682
1933 30.882456263163682
1934 30.882302996504393
1935 30.882302996504393
1936 30.882302996504393
1937 30.882302996504393
1938 30.882302996504393
1939 30.88208662697953
1940 30.88208662697953
1941 30.88208662697953
1942 30.88208662697953
1943 30.88208662697953
1944 30.88191804645886
1945 30.88191804645886
1946 30.88191804645886
1947 30.88191804645886
1948 30.88191804645886
1949 30.881797602529502
1950 30.881797602529502
1951 30.881797602529502
1952 30.881797602529502
1953 30.881797602529502
1954 30.881639532977594
1955 30.881639532977594
1956 30.881639532977594
1957 30.881639532977594
1958 30.881639532977594
1959 30.881534618430003
1960 30.881534618430003
1961 30.881534618430003
1962 30.881534618430003
1963 30.881534618430003
1964 30.88129228926388
1965 30.88129228926388
1966 30.88129228926388
1967 30.88129228926388
1968 30.88129228926388
1969 30.881220584875376
1970 30.881220584875376
1971 30.881220584875376
1972 30.881220584875376
1973 30.881220584875376
1974 30.88113177989346
1975 30.88113177989346
1976 30.88113177989346
1977 30.88113177989346
1978 30.88113177989346
1979 30.881027899037683
1980 30.881027899037683
1981 30.881027899037683
1982 30.881027899037683
1983 30.881027899037683
1984 30.880895644698132
1985 30.880895644698132
1986 30.880895644698132
1987 30.880895644698132
1988 30.880895644698132
1989 30.880841808077825
1990 30.880841808077825
1991 30.880841808077825
1992 30.880841808077825
1993 30.880841808077825
1994 30.880761637399363
1995 30.880761637399363
1996 30.880761637399363
1997 30.880761637399363
1998 30.880761637399363
1999 30.880625686922823
2000 30.880625686922823
2001 30.880625686922823
2002 30.880625686922823
2003 30.880625686922823
2004 30.880516138316132
2005 30.880516138316132
2006 30.880516138316132
2007 30.880516138316132
2008 30.880516138316132
2009 30.880492210459177
2010 30.880492210459177
2011 30.880492210459177
2012 30.880492210459177
2013 30.880492210459177
2014 30.8803687053242
2015 30.8803687053242
2016 30.8803687053242
2017 30.8803687053242
2018 30.8803687053242
2019 30.88028856021319
2020 30.88028856021319
2021 30.88028856021319
2022 30.88028856021319
2023 30.88028856021319
2024 30.880230823791056
2025 30.880230823791056
2026 30.880230823791056
2027 30.880230823791056
2028 30.880230823791056
2029 30.880110290184316
2030 30.880110290184316
2031 30.880110290184316
2032 30.880110290184316
2033 30.880110290184316
2034 30.880024804343915
2035 30.880024804343915
2036 30.880024804343915
2037 30.880024804343915
2038 30.880024804343915
2039 30.879897303847176
2040 30.879897303847176
2041 30.879897303847176
2042 30.879897303847176
2043 30.879897303847176
2044 30.879796372984888
2045 30.879796372984888
2046 30.879796372984888
2047 30.879796372984888
2048 30.879796372984888
2049 30.879722578291997
2050 30.879722578291997
2051 30.879722578291997
2052 30.879722578291997
2053 30.879722578291997
2054 30.879604424970584
2055 30.879604424970584
2056 30.879604424970584
2057 30.879604424970584
2058 30.879604424970584
2059 30.8795534336842
2060 30.8795534336842
2061 30.8795534336842
2062 30.8795534336842
2063 30.879539107877807
2064 30.87940370434458
2065 30.87940370434458
2066 30.87940370434458
2067 30.87940370434458
2068 30.87940370434458
2069 30.879324370455016
2070 30.879324370455016
2071 30.879324370455016
2072 30.879324370455016
2073 30.879324370455016
2074 30.87924481288176
2075 30.87924481288176
2076 30.87924481288176
2077 30.87924481288176
2078 30.87924481288176
2079 30.87919492563471
2080 30.87919492563471
2081 30.87919492563471
2082 30.87919492563471
2083 30.87919492563471
2084 30.87913138803778
2085 30.87913138803778
2086 30.87913138803778
2087 30.87913138803778
2088 30.87913138803778
2089 30.879035313608828
2090 30.879035313608828
2091 30.879035313608828
2092 30.879035313608828
2093 30.879035313608828
2094 30.878974888481043
2095 30.878974888481043
2096 30.878974888481043
2097 30.878974888481043
2098 30.878974888481043
2099 30.878917397455325
2100 30.878917397455325
2101 30.878917397455325
2102 30.878917397455325
2103 30.878917397455325
2104 30.878871814041872
2105 30.878871814041872
2106 30.878871814041872
2107 30.878871814041872
2108 30.878871814041872
2109 30.878835893902018
2110 30.878835893902018
2111 30.878835893902018
2112 30.878835893902018
2113 30.87881090119422
2114 30.87876568263716
2115 30.87876568263716
2116 30.87876568263716
2117 30.87876568263716
2118 30.87876568263716
2119 30.878725433765908
2120 30.878725433765908
2121 30.878725433765908
2122 30.878725433765908
2123 30.878725433765908
2124 30.87868223910555
2125 30.87868223910555
2126 30.87868223910555
2127 30.87868223910555
2128 30.87868223910555
2129 30.878654614372145
2130 30.878654614372145
2131 30.878654614372145
2132 30.878654614372145
2133 30.878654614372145
2134 30.878609826889445
2135 30.878609826889445
2136 30.878609826889445
2137 30.878609826889445
2138 30.878609826889445
2139 30.87855681116656
2140 30.87855681116656
2141 30.87855681116656
2142 30.87855681116656
2143 30.87855681116656
2144 30.878512937692356
2145 30.878512937692356
2146 30.878512937692356
2147 30.878512937692356
2148 30.878512937692356
2149 30.878454535645247
2150 30.878454535645247
2151 30.878454535645247
2152 30.878454535645247
2153 30.878454535645247
2154 30.878391693852315
2155 30.878391693852315
2156 30.878391693852315
2157 30.878391693852315
2158 30.878391693852315
2159 30.878355640536498
2160 30.878355640536498
2161 30.878355640536498
2162 30.878355640536498
2163 30.878355640536498
2164 30.878292800803443
2165 30.878292800803443
2166 30.878292800803443
2167 30.878292800803443
2168 30.878292800803443
2169 30.878276436341757
2170 30.878276436341757
2171 30.878276436341757
2172 30.878276436341757
2173 30.878276436341757
2174 30.878253328121883
2175 30.878253328121883
2176 30.878253328121883
2177 30.878253328121883
2178 30.878253328121883
2179 30.878220639942942
2180 30.878220639942942
2181 30.878220639942942
2182 30.878220639942942
2183 30.87820913487597
2184 30.878160054252753
2185 30.878160054252753
2186 30.878160054252753
2187 30.878160054252753
2188 30.878154938526922
2189 30.878114138152345
2190 30.878114138152345
2191 30.878114138152345
2192 30.878114138152345
2193 30.878114138152345
2194 30.87808108577941
2195 30.87808108577941
2196 30.87808108577941
2197 30.87808108577941
2198 30.87808108577941
2199 30.878060148646284
2200 30.878060148646284
2201 30.878060148646284
2202 30.878060148646284
2203 30.878060148646284
2204 30.87800786400556
2205 30.87800786400556
2206 30.87800786400556
2207 30.87800786400556
2208 30.87800786400556
2209 30.877966493833263
2210 30.877966493833263
2211 30.877966493833263
2212 30.877966493833263
2213 30.877966493833263
2214 30.877916138575475
2215 30.877916138575475
2216 30.877916138575475
2217 30.877916138575475
2218 30.877916138575475
2219 30.877895567159673
2220 30.877895567159673
2221 30.877895567159673
2222 30.877895567159673
2223 30.877895567159673
2224 30.877857246182717
2225 30.877857246182717
2226 30.877857246182717
2227 30.877857246182717
2228 30.87785355404748
2229 30.87780838613433
2230 30.87780838613433
2231 30.87780838613433
2232 30.87780838613433
2233 30.877804399051886
2234 30.877778238246044
2235 30.877778238246044
2236 30.877778238246044
2237 30.877778238246044
2238 30.877778238246044
2239 30.877724214398615
2240 30.877724214398615
2241 30.877724214398615
2242 30.877724214398615
2243 30.877720281058355
2244 30.877709977871895
2245 30.877709977871895
2246 30.877709977871895
2247 30.877709977871895
2248 30.877709977871895
2249 30.877700005372365
2250 30.877700005372365
2251 30.877700005372365
2252 30.877700005372365
2253 30.877700005372365
2254 30.877682680141042
2255 30.877682680141042
2256 30.877682680141042
2257 30.877682680141042
2258 30.877682680141042
2259 30.877666657863372
2260 30.877666657863372
2261 30.877666657863372
2262 30.877666657863372
2263 30.877666657863372
2264 30.877651876820007
2265 30.877651876820007
2266 30.877651876820007
2267 30.877651876820007
2268 30.877651876820007
2269 30.877622871385395
2270 30.877622871385395
2271 30.877622871385395
2272 30.877622871385395
2273 30.877622871385395
2274 30.87760509448025
2275 30.87760509448025
2276 30.87760509448025
2277 30.87760509448025
2278 30.87760509448025
2279 30.87758938915248
2280 30.87758938915248
2281 30.87758938915248
2282 30.87758938915248
2283 30.87758938915248
2284 30.877574589260373
2285 30.877574589260373
2286 30.877574589260373
2287 30.877574589260373
2288 30.877574589260373
2289 30.877554171451255
2290 30.877554171451255
2291 30.877554171451255
2292 30.877554171451255
2293 30.877554171451255
2294 30.877536179158426
2295 30.877536179158426
2296 30.877536179158426
2297 30.877536179158426
2298 30.877536179158426
2299 30.877510610250276
2300 30.877510610250276
2301 30.877510610250276
2302 30.877510610250276
2303 30.877510610250276
2304 30.877506384830674
2305 30.877506384830674
2306 30.877506384830674
2307 30.877506384830674
2308 30.877506384830674
2309 30.877501706440164
2310 30.877501706440164
2311 30.877501706440164
2312 30.877501706440164
2313 30.877501706440164
2314 30.87747979031118
2315 30.87747979031118
2316 30.87747979031118
2317 30.87747979031118
2318 30.87747979031118
2319 30.87746262220822
2320 30.87746262220822
2321 30.87746262220822
2322 30.87746262220822
2323 30.87746262220822
2324 30.877441022318983
2325 30.877441022318983
2326 30.877441022318983
2327 30.877441022318983
2328 30.877441022318983
2329 30.877413238696544
2330 30.877413238696544
2331 30.877413238696544
2332 30.877413238696544
2333 30.877413238696544
2334 30.87740277055569
2335 30.87740277055569
2336 30.87740277055569
2337 30.87740277055569
2338 30.87740277055569
2339 30.87738884118468
2340 30.87738884118468
2341 30.87738884118468
2342 30.87738884118468
2343 30.87738884118468
2344 30.877367939334114
2345 30.877367939334114
2346 30.877367939334114
2347 30.877367939334114
2348 30.877367939334114
2349 30.87735271711836
2350 30.87735271711836
2351 30.87735271711836
2352 30.87735271711836
2353 30.87735271711836
2354 30.877333013404446
2355 30.877333013404446
2356 30.877333013404446
2357 30.877333013404446
2358 30.877333013404446
2359 30.877323632018644
2360 30.877323632018644
2361 30.877323632018644
2362 30.877323632018644
2363 30.877323632018644
2364 30.877307024701338
2365 30.877307024701338
2366 30.877307024701338
2367 30.877307024701338
2368 30.877307024701338
2369 30.877299482791823
2370 30.877299482791823
2371 30.877299482791823
2372 30.877299482791823
2373 30.877299482791823
2374 30.87728027654362
2375 30.87728027654362
2376 30.87728027654362
2377 30.87728027654362
2378 30.87728027654362
2379 30.877267336004902
2380 30.877267336004902
2381 30.877267336004902
2382 30.877267336004902
2383 30.877267336004902
2384 30.877261419907335
2385 30.877261419907335
2386 30.877261419907335
2387 30.877261419907335
2388 30.877261419907335
2389 30.877252219944292
2390 30.877252219944292
2391 30.877252219944292
2392 30.877252219944292
2393 30.877252219944292
2394 30.877246854176324
2395 30.877246854176324
2396 30.877246854176324
2397 30.877246854176324
2398 30.87724613886071
2399 30.877235425750634
2400 30.877235425750634
2401 30.877235425750634
2402 30.877235425750634
2403 30.877235425750634
2404 30.8772180104142
2405 30.8772180104142
2406 30.8772180104142
2407 30.8772180104142
2408 30.8772180104142
2409 30.877207235942876
2410 30.877207235942876
2411 30.877207235942876
2412 30.877207235942876
2413 30.877207235942876
2414 30.87719288057304
2415 30.87719288057304
2416 30.87719288057304
2417 30.87719288057304
2418 30.87719288057304
2419 30.87719125288094
2420 30.87719125288094
2421 30.87719125288094
2422 30.87719125288094
2423 30.877190305197587
2424 30.877183998568544
2425 30.877183998568544
2426 30.877183998568544
2427 30.877183998568544
2428 30.877183998568544
2429 30.877173284413256
2430 30.877173284413256
2431 30.877173284413256
2432 30.877173284413256
2433 30.877173284413256
2434 30.8771694935055
2435 30.8771694935055
2436 30.8771694935055
2437 30.8771694935055
2438 30.8771694935055
2439 30.877157666933964
2440 30.877157666933964
2441 30.877157666933964
2442 30.877157666933964
2443 30.877157666933964
2444 30.87714671952899
2445 30.87714671952899
2446 30.87714671952899
2447 30.87714671952899
2448 30.87714671952899
2449 30.877140517473503
2450 30.877140517473503
2451 30.877140517473503
2452 30.877140517473503
2453 30.877140517473503
2454 30.877132300686647
2455 30.877132300686647
2456 30.877132300686647
2457 30.877132300686647
2458 30.877132300686647
2459 30.877126755551792
2460 30.877126755551792
2461 30.877126755551792
2462 30.877126755551792
2463 30.877126755551792
2464 30.877119327962152
2465 30.877119327962152
2466 30.877119327962152
2467 30.877119327962152
2468 30.877119327962152
2469 30.877110461260365
2470 30.877110461260365
2471 30.877110461260365
2472 30.877110461260365
2473 30.877110461260365
2474 30.87709785629807
2475 30.87709785629807
2476 30.87709785629807
2477 30.87709785629807
2478 30.87709785629807
2479 30.877093625138333
2480 30.877093625138333
2481 30.877093625138333
2482 30.877093625138333
2483 30.877093625138333
2484 30.877089159535785
2485 30.877089159535785
2486 30.877089159535785
2487 30.877089159535785
2488 30.877089159535785
2489 30.877085219224234
2490 30.877085219224234
2491 30.877085219224234
2492 30.877085219224234
2493 30.877085219224234
2494 30.877077094309172
2495 30.877077094309172
2496 30.877077094309172
2497 30.877077094309172
2498 30.877077094309172
2499 30.87707134725012
2500 30.87707134725012
2501 30.87707134725012
2502 30.87707134725012
2503 30.87707134725012
2504 30.877064961471525
2505 30.877064961471525
2506 30.877064961471525
2507 30.877064961471525
2508 30.877064961471525
2509 30.8770586761201
2510 30.8770586761201
2511 30.8770586761201
2512 30.8770586761201
2513 30.8770586761201
2514 30.877054574775062
2515 30.877054574775062
2516 30.877054574775062
2517 30.877054574775062
2518 30.877054574775062
2519 30.877049295143298
2520 30.877049295143298
2521 30.877049295143298
2522 30.877049295143298
2523 30.877049295143298
2524 30.87704165319469
2525 30.87704165319469
2526 30.87704165319469
2527 30.87704165319469
2528 30.87704165319469
2529 30.877035908335007
2530 30.877035908335007
2531 30.877035908335007
2532 30.877035908335007
2533 30.877035908335007
2534 30.877032085187967
2535 30.877032085187967
2536 30.877032085187967
2537 30.877032085187967
2538 30.877032085187967
2539 30.877026250707186
2540 30.877026250707186
2541 30.877026250707186
2542 30.877026250707186
2543 30.877026250707186
2544 30.877019831422512
2545 30.877019831422512
2546 30.877019831422512
2547 30.877019831422512
2548 30.877019831422512
2549 30.87701340055816
2550 30.87701340055816
2551 30.87701340055816
2552 30.87701340055816
2553 30.87701340055816
2554 30.877008432390504
2555 30.877008432390504
2556 30.877008432390504
2557 30.877008432390504
2558 30.877008432390504
2559 30.87700509963412
2560 30.87700509963412
2561 30.87700509963412
2562 30.87700509963412
2563 30.87700509963412
2564 30.877003585322367
2565 30.877003585322367
2566 30.877003585322367
2567 30.877003585322367
2568 30.877003585322367
2569 30.876999283961553
2570 30.876999283961553
2571 30.876999283961553
2572 30.876999283961553
2573 30.876999283961553
2574 30.876996113734926
2575 30.876996113734926
2576 30.876996113734926
2577 30.876996113734926
2578 30.876996113734926
2579 30.876993741269896
2580 30.876993741269896
2581 30.876993741269896
2582 30.876993741269896
2583 30.876993741269896
2584 30.87699076990798
2585 30.87699076990798
2586 30.87699076990798
2587 30.87699076990798
2588 30.87699076990798
2589 30.8769870159195
2590 30.8769870159195
2591 30.8769870159195
2592 30.8769870159195
2593 30.8769870159195
2594 30.876982940935758
2595 30.876982940935758
2596 30.876982940935758
2597 30.876982940935758
2598 30.876982940935758
2599 30.876979980231567
2600 30.876979980231567
2601 30.876979980231567
2602 30.876979980231567
2603 30.876979980231567
2604 30.87697674990459
2605 30.87697674990459
2606 30.87697674990459
2607 30.87697674990459
2608 30.87697674990459
2609 30.8769740168185
2610 30.8769740168185
2611 30.8769740168185
2612 30.8769740168185
2613 30.8769740168185
2614 30.87697206909128
2615 30.87697206909128
2616 30.87697206909128
2617 30.87697206909128
2618 30.87697206909128
2619 30.876968979887206
2620 30.876968979887206
2621 30.876968979887206
2622 30.876968979887206
2623 30.876968784180743
2624 30.87696543436432
2625 30.87696543436432
2626 30.87696543436432
2627 30.87696543436432
2628 30.87696543436432
2629 30.876962777385348
2630 30.876962777385348
2631 30.876962777385348
2632 30.876962777385348
2633 30.876962777385348
2634 30.876960695392714
2635 30.876960695392714
2636 30.876960695392714
2637 30.876960695392714
2638 30.876960695392714
2639 30.8769567082121
2640 30.8769567082121
2641 30.8769567082121
2642 30.8769567082121
2643 30.8769567082121
2644 30.876954674148873
2645 30.876954674148873
2646 30.876954674148873
2647 30.876954674148873
2648 30.876954674148873
2649 30.87695193631943
2650 30.87695193631943
2651 30.87695193631943
2652 30.87695193631943
2653 30.87695193631943
2654 30.87694976351431
2655 30.87694976351431
2656 30.87694976351431
2657 30.87694976351431
2658 30.87694976351431
2659 30.876946973002024
2660 30.876946973002024
2661 30.876946973002024
2662 30.876946973002024
2663 30.876946973002024
2664 30.87694432264158
2665 30.87694432264158
2666 30.87694432264158
2667 30.87694432264158
2668 30.87694432264158
2669 30.876942720299066
2670 30.876942720299066
2671 30.876942720299066
2672 30.876942720299066
2673 30.876942720299066
2674 30.876940465455437
2675 30.876940465455437
2676 30.876940465455437
2677 30.876940465455437
2678 30.876940465455437
2679 30.876937637238672
2680 30.876937637238672
2681 30.876937637238672
2682 30.876937637238672
2683 30.876937637238672
2684 30.876937151333973
2685 30.876937151333973
2686 30.876937151333973
2687 30.876937151333973
2688 30.876937151333973
2689 30.876934541845472
2690 30.876934541845472
2691 30.876934541845472
2692 30.876934541845472
2693 30.876934541845472
2694 30.876933327721584
2695 30.876933327721584
2696 30.876933327721584
2697 30.876933327721584
2698 30.876933327721584
2699 30.87693147694654
2700 30.87693147694654
2701 30.87693147694654
2702 30.87693147694654
2703 30.87693147694654
2704 30.876928404909073
2705 30.876928404909073
2706 30.876928404909073
2707 30.876928404909073
2708 30.876928404909073
2709 30.876928038894928
2710 30.876928038894928
2711 30.876928038894928
2712 30.876928038894928
2713 30.876928038894928
2714 30.87692701414612
2715 30.87692701414612
2716 30.87692701414612
2717 30.87692701414612
2718 30.87692701414612
2719 30.876925580942693
2720 30.876925580942693
2721 30.876925580942693
2722 30.876925580942693
2723 30.876925580942693
2724 30.876923098303905
2725 30.876923098303905
2726 30.876923098303905
2727 30.876923098303905
2728 30.876923098303905
2729 30.876921858463234
2730 30.876921858463234
2731 30.876921858463234
2732 30.876921858463234
2733 30.876921858463234
2734 30.876920787252804
2735 30.876920787252804
2736 30.876920787252804
2737 30.876920787252804
2738 30.876920787252804
2739 30.87691958456446
2740 30.87691958456446
2741 30.87691958456446
2742 30.87691958456446
2743 30.87691958456446
2744 30.876918363186537
2745 30.876918363186537
2746 30.876918363186537
2747 30.876918363186537
2748 30.876918363186537
2749 30.876917097051535
2750 30.876917097051535
2751 30.876917097051535
2752 30.876917097051535
2753 30.876917097051535
2754 30.87691559387653
2755 30.87691559387653
2756 30.87691559387653
2757 30.87691559387653
2758 30.87691514487783
2759 30.876913812811402
2760 30.876913812811402
2761 30.876913812811402
2762 30.876913812811402
2763 30.876913812811402
2764 30.876912998283032
2765 30.876912998283032
2766 30.876912998283032
2767 30.876912998283032
2768 30.876912998283032
2769 30.876912172475503
2770 30.876912172475503
2771 30.876912172475503
2772 30.876912172475503
2773 30.87691199355931
2774 30.876910623553663
2775 30.876910623553663
2776 30.876910623553663
2777 30.876910623553663
2778 30.876910623553663
2779 30.87691018430485
2780 30.87691018430485
2781 30.87691018430485
2782 30.87691018430485
2783 30.87691018430485
2784 30.876909074794494
2785 30.876909074794494
2786 30.876909074794494
2787 30.876909074794494
2788 30.876909074794494
2789 30.876907069152644
2790 30.876907069152644
2791 30.876907069152644
2792 30.876907069152644
2793 30.876907069152644
2794 30.87690563638227
2795 30.87690563638227
2796 30.87690563638227
2797 30.87690563638227
2798 30.87690563638227
2799 30.87690485617971
2800 30.87690485617971
2801 30.87690485617971
2802 30.87690485617971
2803 30.87690485617971
2804 30.876904161043377
2805 30.876904161043377
2806 30.876904161043377
2807 30.876904161043377
2808 30.876904161043377
2809 30.87690318778046
2810 30.87690318778046
2811 30.87690318778046
2812 30.87690318778046
2813 30.87690318778046
2814 30.87690266272441
2815 30.87690266272441
2816 30.87690266272441
2817 30.87690266272441
2818 30.87690266272441
2819 30.876901366642908
2820 30.876901366642908
2821 30.876901366642908
2822 30.876901366642908
2823 30.876901366642908
2824 30.87689988900387
2825 30.87689988900387
2826 30.87689988900387
2827 30.87689988900387
2828 30.87689988900387
2829 30.87689938068988
2830 30.87689938068988
2831 30.87689938068988
2832 30.87689938068988
2833 30.87689938068988
2834 30.87689896509894
2835 30.87689896509894
2836 30.87689896509894
2837 30.87689896509894
2838 30.87689896509894
2839 30.876898629542477
2840 30.876898629542477
2841 30.876898629542477
2842 30.876898629542477
2843 30.876898622265852
2844 30.876897633109614
2845 30.876897633109614
2846 30.876897633109614
2847 30.876897633109614
2848 30.876897633109614
2849 30.876896758058106
2850 30.876896758058106
2851 30.876896758058106
2852 30.876896758058106
2853 30.876896758058106
2854 30.87689542221097
2855 30.87689542221097
2856 30.87689542221097
2857 30.87689542221097
2858 30.87689542221097
2859 30.876895126365074
2860 30.876895126365074
2861 30.876895126365074
2862 30.876895126365074
2863 30.876895126365074
2864 30.87689466073913
2865 30.87689466073913
2866 30.87689466073913
2867 30.87689466073913
2868 30.87689466073913
2869 30.876894349790568
2870 30.876894349790568
2871 30.876894349790568
2872 30.876894349790568
2873 30.876894349790568
2874 30.87689371159179
2875 30.87689371159179
2876 30.87689371159179
2877 30.87689371159179
2878 30.87689371159179
2879 30.876893127016615
2880 30.876893127016615
2881 30.876893127016615
2882 30.876893127016615
2883 30.876893127016615
2884 30.876892427600456
2885 30.876892427600456
2886 30.876892427600456
2887 30.876892427600456
2888 30.876892427600456
2889 30.876891814617995
2890 30.876891814617995
2891 30.876891814617995
2892 30.876891814617995
2893 30.876891814617995
2894 30.876891546842256
2895 30.876891546842256
2896 30.876891546842256
2897 30.876891546842256
2898 30.876891546842256
2899 30.876890924927434
2900 30.876890924927434
2901 30.876890924927434
2902 30.876890924927434
2903 30.876890924927434
2904 30.87689048901075
2905 30.87689048901075
2906 30.87689048901075
2907 30.87689048901075
2908 30.87689048901075
2909 30.876890024080513
2910 30.876890024080513
2911 30.876890024080513
2912 30.876890024080513
2913 30.876890024080513
2914 30.876889443907775
2915 30.876889443907775
2916 30.876889443907775
2917 30.876889443907775
2918 30.876889443907775
2919 30.876888651767523
2920 30.876888651767523
2921 30.876888651767523
2922 30.876888651767523
2923 30.876888651767523
2924 30.876887710125704
2925 30.876887710125704
2926 30.876887710125704
2927 30.876887710125704
2928 30.87688765985753
2929 30.876887161346826
2930 30.876887161346826
2931 30.876887161346826
2932 30.876887161346826
2933 30.876887046457327
2934 30.876886416764084
2935 30.876886416764084
2936 30.876886416764084
2937 30.876886416764084
2938 30.876886416764084
2939 30.876885893798512
2940 30.876885893798512
2941 30.876885893798512
2942 30.876885893798512
2943 30.876885893798512
2944 30.876885702630876
2945 30.876885702630876
2946 30.876885702630876
2947 30.876885702630876
2948 30.876885702630876
2949 30.876885300911415
2950 30.876885300911415
2951 30.876885300911415
2952 30.876885300911415
2953 30.876885300911415
2954 30.87688475095054
2955 30.87688475095054
2956 30.87688475095054
2957 30.87688475095054
2958 30.87688475095054
2959 30.876884643972737
2960 30.876884643972737
2961 30.876884643972737
2962 30.876884643972737
2963 30.876884643972737
2964 30.876884384573607
2965 30.876884384573607
2966 30.876884384573607
2967 30.876884384573607
2968 30.876884384573607
2969 30.876883762145408
2970 30.876883762145408
2971 30.876883762145408
2972 30.876883762145408
2973 30.876883762145408
2974 30.876883385259507
2975 30.876883385259507
2976 30.876883385259507
2977 30.876883385259507
2978 30.876883385259507
2979 30.876882928803305
2980 30.876882928803305
2981 30.876882928803305
2982 30.876882928803305
2983 30.876882928803305
2984 30.876882784516116
2985 30.876882784516116
2986 30.876882784516116
2987 30.876882784516116
2988 30.876882784516116
2989 30.876882580294357
2990 30.876882580294357
2991 30.876882580294357
2992 30.876882580294357
2993 30.876882580294357
2994 30.876882385069475
2995 30.876882385069475
2996 30.876882385069475
2997 30.876882385069475
2998 30.876882385069475
2999 30.87688195165346
3000 30.87688195165346
3001 30.87688195165346
3002 30.87688195165346
3003 30.87688195165346
3004 30.87688177971912
3005 30.87688177971912
3006 30.87688177971912
3007 30.87688177971912
3008 30.87688177971912
3009 30.876881241074162
3010 30.876881241074162
3011 30.876881241074162
3012 30.876881241074162
3013 30.876881241074162
3014 30.876880997771856
3015 30.876880997771856
3016 30.876880997771856
3017 30.876880997771856
3018 30.876880997771856
3019 30.8768805981509
3020 30.8768805981509
3021 30.8768805981509
3022 30.8768805981509
3023 30.8768805981509
3024 30.87688035765995
3025 30.87688035765995
3026 30.87688035765995
3027 30.87688035765995
3028 30.87688035765995
3029 30.876880081667355
3030 30.876880081667355
3031 30.876880081667355
3032 30.876880081667355
3033 30.876880081667355
3034 30.87687978560183
3035 30.87687978560183
3036 30.87687978560183
3037 30.87687978560183
3038 30.87687978560183
3039 30.87687951779096
3040 30.87687951779096
3041 30.87687951779096
3042 30.87687951779096
3043 30.87687951779096
3044 30.876879260861642
3045 30.876879260861642
3046 30.876879260861642
3047 30.876879260861642
3048 30.876879260861642
3049 30.876879058549267
3050 30.876879058549267
3051 30.876879058549267
3052 30.876879058549267
3053 30.876879058549267
3054 30.876878693554
3055 30.876878693554
3056 30.876878693554
3057 30.876878693554
3058 30.876878693554
3059 30.876878358671764
3060 30.876878358671764
3061 30.876878358671764
3062 30.876878358671764
3063 30.87687834367791
3064 30.876878136020032
3065 30.876878136020032
3066 30.876878136020032
3067 30.876878136020032
3068 30.876878136020032
3069 30.876877984136243
3070 30.876877984136243
3071 30.876877984136243
3072 30.876877984136243
3073 30.876877984136243
3074 30.87687779793187
3075 30.87687779793187
3076 30.87687779793187
3077 30.87687779793187
3078 30.87687779793187
3079 30.87687774292534
3080 30.87687774292534
3081 30.87687774292534
3082 30.87687774292534
3083 30.87687774292534
3084 30.876877678372743
3085 30.876877678372743
3086 30.876877678372743
3087 30.876877678372743
3088 30.876877678372743
3089 30.876877509382375
3090 30.876877509382375
3091 30.876877509382375
3092 30.876877509382375
3093 30.876877509382375
3094 30.87687722200403
3095 30.87687722200403
3096 30.87687722200403
3097 30.87687722200403
3098 30.876877175465342
3099 30.8768769845428
3100 30.8768769845428
3101 30.8768769845428
3102 30.8768769845428
3103 30.8768769845428
3104 30.876876744080512
3105 30.876876744080512
3106 30.876876744080512
3107 30.876876744080512
3108 30.876876744080512
3109 30.876876569818283
3110 30.876876569818283
3111 30.876876569818283
3112 30.876876569818283
3113 30.876876569818283
3114 30.876876458035433
3115 30.876876458035433
3116 30.876876458035433
3117 30.876876458035433
3118 30.876876458035433
3119 30.876876313831385
3120 30.876876313831385
3121 30.876876313831385
3122 30.876876313831385
3123 30.876876313831385
3124 30.87687621837703
3125 30.87687621837703
3126 30.87687621837703
3127 30.87687621837703
3128 30.87687621837703
3129 30.876876092103657
3130 30.876876092103657
3131 30.876876092103657
3132 30.876876092103657
3133 30.876876092103657
3134 30.87687599638598
3135 30.87687599638598
3136 30.87687599638598
3137 30.87687599638598
3138 30.87687599638598
3139 30.876875803723557
3140 30.876875803723557
3141 30.876875803723557
3142 30.876875803723557
3143 30.876875803723557
3144 30.87687566626412
3145 30.87687566626412
3146 30.87687566626412
3147 30.87687566626412
3148 30.87687566626412
3149 30.876875514390402
3150 30.876875514390402
3151 30.876875514390402
3152 30.876875514390402
3153 30.876875514390402
3154 30.876875341521227
3155 30.876875341521227
3156 30.876875341521227
3157 30.876875341521227
3158 30.876875341521227
3159 30.87687513872566
3160 30.87687513872566
3161 30.87687513872566
3162 30.87687513872566
3163 30.87687513872566
3164 30.87687497753402
3165 30.87687497753402
3166 30.87687497753402
3167 30.87687497753402
3168 30.87687497753402
3169 30.876874841463557
3170 30.876874841463557
3171 30.876874841463557
3172 30.876874841463557
3173 30.876874841463557
3174 30.87687471108699
3175 30.87687471108699
3176 30.87687471108699
3177 30.87687471108699
3178 30.876874694882947
3179 30.876874479131757
3180 30.876874479131757
3181 30.876874479131757
3182 30.876874479131757
3183 30.876874479131757
3184 30.876874380896783
3185 30.876874380896783
3186 30.876874380896783
3187 30.876874380896783
3188 30.876874380896783
3189 30.876874286544286
3190 30.876874286544286
3191 30.876874286544286
3192 30.876874286544286
3193 30.876874286544286
3194 30.876874183148622
3195 30.876874183148622
3196 30.876874183148622
3197 30.876874183148622
3198 30.876874182998517
3199 30.876874029316475
3200 30.876874029316475
3201 30.876874029316475
3202 30.876874029316475
3203 30.876874029316475
3204 30.876873952120057
3205 30.876873952120057
3206 30.876873952120057
3207 30.876873952120057
3208 30.876873952120057
3209 30.876873890062726
3210 30.876873890062726
3211 30.876873890062726
3212 30.876873890062726
3213 30.876873890062726
3214 30.876873862299416
3215 30.876873862299416
3216 30.876873862299416
3217 30.876873862299416
3218 30.876873862299416
3219 30.87687376957446
3220 30.87687376957446
3221 30.87687376957446
3222 30.87687376957446
3223 30.87687376957446
3224 30.876873657002292
3225 30.876873657002292
3226 30.876873657002292
3227 30.876873657002292
3228 30.876873657002292
3229 30.876873569044687
3230 30.876873569044687
3231 30.876873569044687
3232 30.876873569044687
3233 30.876873569044687
3234 30.876873508737376
3235 30.876873508737376
3236 30.876873508737376
3237 30.876873508737376
3238 30.876873508737376
3239 30.87687342366866
3240 30.87687342366866
3241 30.87687342366866
3242 30.87687342366866
3243 30.87687342366866
3244 30.876873341051198
3245 30.876873341051198
3246 30.876873341051198
3247 30.876873341051198
3248 30.876873341051198
3249 30.876873303743665
3250 30.876873303743665
3251 30.876873303743665
3252 30.876873303743665
3253 30.876873303743665
3254 30.87687324874545
3255 30.87687324874545
3256 30.87687324874545
3257 30.87687324874545
3258 30.87687324874545
3259 30.87687319351259
3260 30.87687319351259
3261 30.87687319351259
3262 30.87687319351259
3263 30.87687319351259
3264 30.876873117236936
3265 30.876873117236936
3266 30.876873117236936
3267 30.876873117236936
3268 30.876873117236936
3269 30.876873082733223
3270 30.876873082733223
3271 30.876873082733223
3272 30.876873082733223
3273 30.876873082733223
3274 30.876872951472926
3275 30.876872951472926
3276 30.876872951472926
3277 30.876872951472926
3278 30.876872951472926
3279 30.876872903722628
3280 30.876872903722628
3281 30.876872903722628
3282 30.876872903722628
3283 30.876872903722628
3284 30.876872831524324
3285 30.876872831524324
3286 30.876872831524324
3287 30.876872831524324
3288 30.876872831524324
3289 30.87687271499987
3290 30.87687271499987
3291 30.87687271499987
3292 30.87687271499987
3293 30.87687271499987
3294 30.876872629119475
3295 30.876872629119475
3296 30.876872629119475
3297 30.876872629119475
3298 30.876872629119475
3299 30.87687253955134
3300 30.87687253955134
3301 30.87687253955134
3302 30.87687253955134
3303 30.876872531810623
3304 30.876872502960776
3305 30.876872502960776
3306 30.876872502960776
3307 30.876872502960776
3308 30.876872502960776
3309 30.876872428099507
3310 30.876872428099507
3311 30.876872428099507
3312 30.876872428099507
3313 30.876872428099507
3314 30.876872392977862
3315 30.876872392977862
3316 30.876872392977862
3317 30.876872392977862
3318 30.876872392977862
3319 30.87687232547193
3320 30.87687232547193
3321 30.87687232547193
3322 30.87687232547193
3323 30.87687232547193
3324 30.876872278722203
3325 30.876872278722203
3326 30.876872278722203
3327 30.876872278722203
3328 30.876872278722203
3329 30.87687224025998
3330 30.87687224025998
3331 30.87687224025998
3332 30.87687224025998
3333 30.87687224025998
3334 30.876872217025586
3335 30.876872217025586
3336 30.876872217025586
3337 30.876872217025586
3338 30.876872217025586
3339 30.87687217333433
3340 30.87687217333433
3341 30.87687217333433
3342 30.87687217333433
3343 30.87687217333433
3344 30.876872163001615
3345 30.876872163001615
3346 30.876872163001615
3347 30.876872163001615
3348 30.876872163001615
3349 30.876872122365192
3350 30.876872122365192
3351 30.876872122365192
3352 30.876872122365192
3353 30.876872122365192
3354 30.87687208756866
3355 30.87687208756866
3356 30.87687208756866
3357 30.87687208756866
3358 30.87687208756866
3359 30.876872060704866
3360 30.876872060704866
3361 30.876872060704866
3362 30.876872060704866
3363 30.876872060704866
3364 30.87687201601601
3365 30.87687201601601
3366 30.87687201601601
3367 30.87687201601601
3368 30.876872012137174
3369 30.876871975782304
3370 30.876871975782304
3371 30.876871975782304
3372 30.876871975782304
3373 30.876871975782304
3374 30.87687195508964
3375 30.87687195508964
3376 30.87687195508964
3377 30.87687195508964
3378 30.87687195508964
3379 30.876871932317773
3380 30.876871932317773
3381 30.876871932317773
3382 30.876871932317773
3383 30.876871932317773
3384 30.876871887579778
3385 30.876871887579778
3386 30.876871887579778
3387 30.876871887579778
3388 30.876871887579778
3389 30.876871869759057
3390 30.876871869759057
3391 30.876871869759057
3392 30.876871869759057
3393 30.876871869759057
3394 30.876871843874124
3395 30.876871843874124
3396 30.876871843874124
3397 30.876871843874124
3398 30.876871843874124
3399 30.876871810059285
3400 30.876871810059285
3401 30.876871810059285
3402 30.876871810059285
3403 30.876871810059285
3404 30.87687178776211
3405 30.87687178776211
3406 30.87687178776211
3407 30.87687178776211
3408 30.87687178776211
3409 30.876871758999524
3410 30.876871758999524
3411 30.876871758999524
3412 30.876871758999524
3413 30.876871758999524
3414 30.8768717395049
3415 30.8768717395049
3416 30.8768717395049
3417 30.8768717395049
3418 30.8768717395049
3419 30.87687172019258
3420 30.87687172019258
3421 30.87687172019258
3422 30.87687172019258
3423 30.87687172019258
3424 30.876871706155153
3425 30.876871706155153
3426 30.876871706155153
3427 30.876871706155153
3428 30.876871706155153
3429 30.876871689763696
3430 30.876871689763696
3431 30.876871689763696
3432 30.876871689763696
3433 30.876871689763696
3434 30.876871646465727
3435 30.876871646465727
3436 30.876871646465727
3437 30.876871646465727
3438 30.876871646465727
3439 30.876871623471114
3440 30.876871623471114
3441 30.876871623471114
3442 30.876871623471114
3443 30.876871623471114
3444 30.876871563763846
3445 30.876871563763846
3446 30.876871563763846
3447 30.876871563763846
3448 30.876871563763846
3449 30.87687154099381
3450 30.87687154099381
3451 30.87687154099381
3452 30.87687154099381
3453 30.87687154099381
3454 30.876871515681678
3455 30.876871515681678
3456 30.876871515681678
3457 30.876871515681678
3458 30.876871515681678
3459 30.876871502753225
3460 30.876871502753225
3461 30.876871502753225
3462 30.876871502753225
3463 30.87687150113265
3464 30.876871479846912
3465 30.876871479846912
3466 30.876871479846912
3467 30.876871479846912
3468 30.876871479846912
3469 30.876871465361567
3470 30.876871465361567
3471 30.876871465361567
3472 30.876871465361567
3473 30.876871465023736
3474 30.87687142178579
3475 30.87687142178579
3476 30.87687142178579
3477 30.87687142178579
3478 30.876871421634565
3479 30.876871391324652
3480 30.876871391324652
3481 30.876871391324652
3482 30.876871391324652
3483 30.876871391324652
3484 30.87687135884061
3485 30.87687135884061
3486 30.87687135884061
3487 30.87687135884061
3488 30.87687135884061
3489 30.87687135213048
3490 30.87687135213048
3491 30.87687135213048
3492 30.87687135213048
3493 30.87687135213048
3494 30.8768713265682
3495 30.8768713265682
3496 30.8768713265682
3497 30.8768713265682
3498 30.8768713265682
3499 30.876871316882998
3500 30.876871316882998
3501 30.876871316882998
3502 30.876871316882998
3503 30.876871316882998
3504 30.876871302938238
3505 30.876871302938238
3506 30.876871302938238
3507 30.876871302938238
3508 30.876871302938238
3509 30.87687128617352
3510 30.87687128617352
3511 30.87687128617352
3512 30.87687128617352
3513 30.87687128617352
3514 30.876871274384367
3515 30.876871274384367
3516 30.876871274384367
3517 30.876871274384367
3518 30.876871274384367
3519 30.87687125743707
3520 30.87687125743707
3521 30.87687125743707
3522 30.87687125743707
3523 30.87687125743707
3524 30.876871237560326
3525 30.876871237560326
3526 30.876871237560326
3527 30.876871237560326
3528 30.876871237294804
3529 30.87687122294707
3530 30.87687122294707
3531 30.87687122294707
3532 30.87687122294707
3533 30.87687122294707
3534 30.876871211575722
3535 30.876871211575722
3536 30.876871211575722
3537 30.876871211575722
3538 30.87687120989374
3539 30.87687118984567
3540 30.87687118984567
3541 30.87687118984567
3542 30.87687118984567
3543 30.87687118984567
3544 30.876871180176014
3545 30.876871180176014
3546 30.876871180176014
3547 30.876871180176014
3548 30.876871180176014
3549 30.87687116057585
3550 30.87687116057585
3551 30.87687116057585
3552 30.87687116057585
3553 30.87687116057585
3554 30.876871145570433
3555 30.876871145570433
3556 30.876871145570433
3557 30.876871145570433
3558 30.876871145570433
3559 30.876871128483117
3560 30.876871128483117
3561 30.876871128483117
3562 30.876871128483117
3563 30.876871128483117
3564 30.876871108301923
3565 30.876871108301923
3566 30.876871108301923
3567 30.876871108301923
3568 30.876871108301923
3569 30.876871104258438
3570 30.876871104258438
3571 30.876871104258438
3572 30.876871104258438
3573 30.876871104258438
3574 30.876871092684546
3575 30.876871092684546
3576 30.876871092684546
3577 30.876871092684546
3578 30.876871092684546
3579 30.876871076939906
3580 30.876871076939906
3581 30.876871076939906
3582 30.876871076939906
3583 30.876871076939906
3584 30.876871061862786
3585 30.876871061862786
3586 30.876871061862786
3587 30.876871061862786
3588 30.876871061862786
3589 30.87687105788092
3590 30.87687105788092
3591 30.87687105788092
3592 30.87687105788092
3593 30.87687105788092
3594 30.876871044782046
3595 30.876871044782046
3596 30.876871044782046
3597 30.876871044782046
3598 30.876871044782046
3599 30.87687103463078
3600 30.87687103463078
3601 30.87687103463078
3602 30.87687103463078
3603 30.87687103463078
3604 30.876871028712966
3605 30.876871028712966
3606 30.876871028712966
3607 30.876871028712966
3608 30.876871028712966
3609 30.876871018039
3610 30.876871018039
3611 30.876871018039
3612 30.876871018039
3613 30.876871018039
3614 30.876871007662015
3615 30.876871007662015
3616 30.876871007662015
3617 30.876871007662015
3618 30.876871007662015
3619 30.87687100126931
3620 30.87687100126931
3621 30.87687100126931
3622 30.87687100126931
3623 30.876871000692084
3624 30.876870989618396
3625 30.876870989618396
3626 30.876870989618396
3627 30.876870989618396
3628 30.876870989618396
3629 30.876870987171895
3630 30.876870987171895
3631 30.876870987171895
3632 30.876870987171895
3633 30.876870987171895
3634 30.876870981366316
3635 30.876870981366316
3636 30.876870981366316
3637 30.876870981366316
3638 30.876870981366316
3639 30.876870975710556
3640 30.876870975710556
3641 30.876870975710556
3642 30.876870975710556
3643 30.876870975710556
3644 30.87687097341054
3645 30.87687097341054
3646 30.87687097341054
3647 30.87687097341054
3648 30.87687097341054
3649 30.876870962883675
3650 30.876870962883675
3651 30.876870962883675
3652 30.876870962883675
3653 30.876870962883675
3654 30.876870956375647
3655 30.876870956375647
3656 30.876870956375647
3657 30.876870956375647
3658 30.876870956375647
3659 30.876870951766243
3660 30.876870951766243
3661 30.876870951766243
3662 30.876870951766243
3663 30.876870951766243
3664 30.87687094565748
3665 30.87687094565748
3666 30.87687094565748
3667 30.87687094565748
3668 30.87687094565748
3669 30.87687093886433
3670 30.87687093886433
3671 30.87687093886433
3672 30.87687093886433
3673 30.87687093886433
3674 30.87687092840194
3675 30.87687092840194
3676 30.87687092840194
3677 30.87687092840194
3678 30.87687092840194
3679 30.876870924441928
3680 30.876870924441928
3681 30.876870924441928
3682 30.876870924441928
3683 30.876870924277014
3684 30.876870914581488
3685 30.876870914581488
3686 30.876870914581488
3687 30.876870914581488
3688 30.876870914581488
3689 30.87687091232377
3690 30.87687091232377
3691 30.87687091232377
3692 30.87687091232377
3693 30.87687091232377
3694 30.876870906546795
3695 30.876870906546795
3696 30.876870906546795
3697 30.876870906546795
3698 30.876870906546795
3699 30.876870903551442
3700 30.876870903551442
3701 30.876870903551442
3702 30.876870903551442
3703 30.876870903551442
3704 30.876870894911363
3705 30.876870894911363
3706 30.876870894911363
3707 30.876870894911363
3708 30.876870894911363
3709 30.87687089083635
3710 30.87687089083635
3711 30.87687089083635
3712 30.87687089083635
3713 30.87687089083635
3714 30.876870888500456
3715 30.876870888500456
3716 30.876870888500456
3717 30.876870888500456
3718 30.876870888500456
3719 30.876870884403047
3720 30.876870884403047
3721 30.876870884403047
3722 30.876870884403047
3723 30.876870884403047
3724 30.876870880038535
3725 30.876870880038535
3726 30.876870880038535
3727 30.876870880038535
3728 30.876870880038535
3729 30.87687087658808
3730 30.87687087658808
3731 30.87687087658808
3732 30.87687087658808
3733 30.87687087658808
3734 30.876870871471716
3735 30.876870871471716
3736 30.876870871471716
3737 30.876870871471716
3738 30.876870871471716
3739 30.87687086471664
3740 30.87687086471664
3741 30.87687086471664
3742 30.87687086471664
3743 30.87687086471664
3744 30.876870859772268
3745 30.876870859772268
3746 30.876870859772268
3747 30.876870859772268
3748 30.876870859772268
3749 30.876870856931628
3750 30.876870856931628
3751 30.876870856931628
3752 30.876870856931628
3753 30.876870856931628
3754 30.87687085347597
3755 30.87687085347597
3756 30.87687085347597
3757 30.87687085347597
3758 30.87687085336348
3759 30.876870845965843
3760 30.876870845965843
3761 30.876870845965843
3762 30.876870845965843
3763 30.876870845965843
3764 30.876870842440155
3765 30.876870842440155
3766 30.876870842440155
3767 30.876870842440155
3768 30.876870842440155
3769 30.87687083938671
3770 30.87687083938671
3771 30.87687083938671
3772 30.87687083938671
3773 30.87687083938671
3774 30.876870835825784
3775 30.876870835825784
3776 30.876870835825784
3777 30.876870835825784
3778 30.876870835825784
3779 30.876870833612944
3780 30.876870833612944
3781 30.876870833612944
3782 30.876870833612944
3783 30.876870833612944
3784 30.876870829034207
3785 30.876870829034207
3786 30.876870829034207
3787 30.876870829034207
3788 30.876870829034207
3789 30.876870826940287
3790 30.876870826940287
3791 30.876870826940287
3792 30.876870826940287
3793 30.876870826940287
3794 30.87687082313052
3795 30.87687082313052
3796 30.87687082313052
3797 30.87687082313052
3798 30.87687082313052
3799 30.876870820622916
3800 30.876870820622916
3801 30.876870820622916
3802 30.876870820622916
3803 30.876870820622916
3804 30.876870817510596
3805 30.876870817510596
3806 30.876870817510596
3807 30.876870817510596
3808 30.876870817510596
3809 30.876870811612147
3810 30.876870811612147
3811 30.876870811612147
3812 30.876870811612147
3813 30.876870811612147
3814 30.87687081046437
3815 30.87687081046437
3816 30.87687081046437
3817 30.87687081046437
3818 30.87687081046437
3819 30.876870808029828
3820 30.876870808029828
3821 30.876870808029828
3822 30.876870808029828
3823 30.87687080757261
3824 30.87687080332959
3825 30.87687080332959
3826 30.87687080332959
3827 30.87687080332959
3828 30.87687080309866
3829 30.876870799082234
3830 30.876870799082234
3831 30.876870799082234
3832 30.876870799082234
3833 30.876870799082234
3834 30.876870797379677
3835 30.876870797379677
3836 30.876870797379677
3837 30.876870797379677
3838 30.876870797379677
3839 30.876870795581045
3840 30.876870795581045
3841 30.876870795581045
3842 30.876870795581045
3843 30.876870795535964
3844 30.8768707918341
3845 30.8768707918341
3846 30.8768707918341
3847 30.8768707918341
3848 30.8768707918341
3849 30.876870788950168
3850 30.876870788950168
3851 30.876870788950168
3852 30.876870788950168
3853 30.876870788950168
3854 30.87687078630315
3855 30.87687078630315
3856 30.87687078630315
3857 30.87687078630315
3858 30.87687078630315
3859 30.876870783911624
3860 30.876870783911624
3861 30.876870783911624
3862 30.876870783911624
3863 30.876870783911624
3864 30.876870781526765
3865 30.876870781526765
3866 30.876870781526765
3867 30.876870781526765
3868 30.876870781526765
3869 30.876870777917677
3870 30.876870777917677
3871 30.876870777917677
3872 30.876870777917677
3873 30.876870777917677
3874 30.876870775064358
3875 30.876870775064358
3876 30.876870775064358
3877 30.876870775064358
3878 30.876870775064358
3879 30.876870773209433
3880 30.876870773209433
3881 30.876870773209433
3882 30.876870773209433
3883 30.876870773209433
3884 30.876870771865526
3885 30.876870771865526
3886 30.876870771865526
3887 30.876870771865526
3888 30.876870771865526
3889 30.876870769202238
3890 30.876870769202238
3891 30.876870769202238
3892 30.876870769202238
3893 30.876870769202238
3894 30.87687076805601
3895 30.87687076805601
3896 30.87687076805601
3897 30.87687076805601
3898 30.87687076805601
3899 30.87687076380236
3900 30.87687076380236
3901 30.87687076380236
3902 30.87687076380236
3903 30.87687076380236
3904 30.876870762450785
3905 30.876870762450785
3906 30.876870762450785
3907 30.876870762450785
3908 30.876870762450785
3909 30.876870759876503
3910 30.876870759876503
3911 30.876870759876503
3912 30.876870759876503
3913 30.876870759876503
3914 30.876870757794315
3915 30.876870757794315
3916 30.876870757794315
3917 30.876870757794315
3918 30.876870757794315
3919 30.876870757139873
3920 30.876870757139873
3921 30.876870757139873
3922 30.876870757139873
3923 30.876870757139873
3924 30.876870755923928
3925 30.876870755923928
3926 30.876870755923928
3927 30.876870755923928
3928 30.876870755923928
3929 30.876870753919228
3930 30.876870753919228
3931 30.876870753919228
3932 30.876870753919228
3933 30.876870753919228
3934 30.87687075275044
3935 30.87687075275044
3936 30.87687075275044
3937 30.87687075275044
3938 30.87687075275044
3939 30.876870750237753
3940 30.876870750237753
3941 30.876870750237753
3942 30.876870750237753
3943 30.876870750237753
3944 30.876870749560627
3945 30.876870749560627
3946 30.876870749560627
3947 30.876870749560627
3948 30.876870749560627
3949 30.876870747816135
3950 30.876870747816135
3951 30.876870747816135
3952 30.876870747816135
3953 30.876870747667454
3954 30.87687074593338
3955 30.87687074593338
3956 30.87687074593338
3957 30.87687074593338
3958 30.87687074593338
3959 30.87687074467905
3960 30.87687074467905
3961 30.87687074467905
3962 30.87687074467905
3963 30.87687074467905
3964 30.876870743468384
3965 30.876870743468384
3966 30.876870743468384
3967 30.876870743468384
3968 30.876870743468384
3969 30.876870742545574
3970 30.876870742545574
3971 30.876870742545574
3972 30.876870742545574
3973 30.876870742545574
3974 30.876870741777285
3975 30.876870741777285
3976 30.876870741777285
3977 30.876870741777285
3978 30.876870741777285
3979 30.87687074099678
3980 30.87687074099678
3981 30.87687074099678
3982 30.87687074099678
3983 30.87687074099678
3984 30.876870740587552
3985 30.876870740587552
3986 30.876870740587552
3987 30.876870740587552
3988 30.876870740587552
3989 30.87687073952668
3990 30.87687073952668
3991 30.87687073952668
3992 30.87687073952668
3993 30.87687073952668
3994 30.87687073788614
3995 30.87687073788614
3996 30.87687073788614
3997 30.87687073788614
3998 30.87687073788614
3999 30.876870737135878
