0 1821168.0994321783
1 554953.9688316536
2 237928.5664245468
3 135288.13912330742
4 95720.82535032685
5 95720.82535032685
6 95720.82535032685
7 82451.36549055536
8 40587.329315340496
9 25291.760573050433
10 25291.760573050433
11 25291.760573050433
12 25291.760573050433
13 19950.882831899973
14 11873.051608479851
15 11873.051608479851
16 11873.051608479851
17 11873.051608479851
18 10725.142207604016
19 7524.260103619495
20 7524.260103619495
21 7524.260103619495
22 7524.260103619495
23 7325.794813214312
24 5583.321988029026
25 5583.321988029026
26 5583.321988029026
27 5583.321988029026
28 5524.411061513839
29 4312.953393512031
30 4312.953393512031
31 4312.953393512031
32 4312.953393512031
33 4261.557071842195
34 3492.708855693723
35 3492.708855693723
36 3492.708855693723
37 3492.708855693723
38 3477.932511814761
39 3015.7604251863163
40 3015.7604251863163
41 3015.7604251863163
42 3015.7604251863163
43 2995.993243191418
44 2737.9120549101926
45 2737.9120549101926
46 2737.9120549101926
47 2737.9120549101926
48 2737.9120549101926
49 2328.0919436185586
50 2328.0919436185586
51 2328.0919436185586
52 2328.0919436185586
53 2302.3782995597817
54 2116.8694849704025
55 2116.8694849704025
56 2116.8694849704025
57 2116.8694849704025
58 2084.8946562930805
59 1878.6953322125746
60 1878.6953322125746
61 1878.6953322125746
62 1878.6953322125746
63 1878.6953322125746
64 1680.5106671498572
65 1680.5106671498572
66 1680.5106671498572
67 1680.5106671498572
68 1680.5106671498572
69 1586.7897268193376
70 1586.7897268193376
71 1586.7897268193376
72 1586.7897268193376
73 1586.7897268193376
74 1386.3192874628546
75 1386.3192874628546
76 1386.3192874628546
77 1386.3192874628546
78 1384.8247771217118
79 1262.7305010296961
80 1262.7305010296961
81 1262.7305010296961
82 1262.7305010296961
83 1252.6945755871648
84 1205.309264164459
85 1205.309264164459
86 1205.309264164459
87 1205.309264164459
88 1205.309264164459
89 1129.9721053681928
90 1129.9721053681928
91 1129.9721053681928
92 1129.9721053681928
93 1129.9721053681928
94 1073.1744225701566
95 1073.1744225701566
96 1073.1744225701566
97 1073.1744225701566
98 1073.1744225701566
99 1061.4988303176317
100 1061.4988303176317
101 1061.4988303176317
102 1061.4988303176317
103 1061.4988303176317
104 1026.9330287963326
105 1026.9330287963326
106 1026.9330287963326
107 1026.9330287963326
108 1026.9330287963326
109 988.0560585907023
110 988.0560585907023
111 988.0560585907023
112 988.0560585907023
113 988.0560585907023
114 964.8548232620849
115 964.8548232620849
116 964.8548232620849
117 964.8548232620849
118 964.8548232620849
119 926.1955007133772
120 926.1955007133772
121 926.1955007133772
122 926.1955007133772
123 926.1955007133772
124 866.9564665377025
125 866.9564665377025
126 866.9564665377025
127 866.9564665377025
128 866.9564665377025
129 826.5950909470271
130 826.5950909470271
131 826.5950909470271
132 826.5950909470271
133 826.5950909470271
134 780.8176338461856
135 780.8176338461856
136 780.8176338461856
137 780.8176338461856
138 780.8176338461856
139 750.9123626696805
140 750.9123626696805
141 750.9123626696805
142 750.9123626696805
143 750.9123626696805
144 712.1471893058737
145 712.1471893058737
146 712.1471893058737
147 712.1471893058737
148 712.1471893058737
149 693.9780674917039
150 693.9780674917039
151 693.9780674917039
152 693.9780674917039
153 693.9780674917039
154 670.3274284703724
155 670.3274284703724
156 670.3274284703724
157 670.3274284703724
158 670.3274284703724
159 647.2095739928886
160 647.2095739928886
161 647.2095739928886
162 647.2095739928886
163 647.2095739928886
164 623.2584678960134
165 623.2584678960134
166 623.2584678960134
167 623.2584678960134
168 623.2584678960134
169 613.5752983597793
170 613.5752983597793
171 613.5752983597793
172 613.5752983597793
173 613.5752983597793
174 590.0787606916822
175 590.0787606916822
176 590.0787606916822
177 590.0787606916822
178 588.4328464136713
179 539.839383879733
180 539.839383879733
181 539.839383879733
182 539.839383879733
183 539.839383879733
184 524.8338601437697
185 524.8338601437697
186 524.8338601437697
187 524.8338601437697
188 524.8338601437697
189 512.8553364626846
190 512.8553364626846
191 512.8553364626846
192 512.8553364626846
193 512.8553364626846
194 505.997878565818
195 505.997878565818
196 505.997878565818
197 505.997878565818
198 505.997878565818
199 491.0763542714486
200 491.0763542714486
201 491.0763542714486
202 491.0763542714486
203 491.0763542714486
204 479.77364232109187
205 479.77364232109187
206 479.77364232109187
207 479.77364232109187
208 479.77364232109187
209 464.02973791047685
210 464.02973791047685
211 464.02973791047685
212 464.02973791047685
213 464.02973791047685
214 454.5691413981241
215 454.5691413981241
216 454.5691413981241
217 454.5691413981241
218 454.5691413981241
219 442.143763075249
220 442.143763075249
221 442.143763075249
222 442.143763075249
223 442.143763075249
224 436.9627446392886
225 436.9627446392886
226 436.9627446392886
227 436.9627446392886
228 436.9627446392886
229 432.8222256121566
230 432.8222256121566
231 432.8222256121566
232 432.8222256121566
233 431.6096593497128
234 426.11288597583314
235 426.11288597583314
236 426.11288597583314
237 426.11288597583314
238 426.11288597583314
239 412.93309161451697
240 412.93309161451697
241 412.93309161451697
242 412.93309161451697
243 412.93309161451697
244 407.9978698342829
245 407.9978698342829
246 407.9978698342829
247 407.9978698342829
248 407.9978698342829
249 400.51113510652516
250 400.51113510652516
251 400.51113510652516
252 400.51113510652516
253 400.51113510652516
254 384.86503627986104
255 384.86503627986104
256 384.86503627986104
257 384.86503627986104
258 384.86503627986104
259 378.41892949363046
260 378.41892949363046
261 378.41892949363046
262 378.41892949363046
263 378.41892949363046
264 376.70689171218663
265 376.70689171218663
266 376.70689171218663
267 376.70689171218663
268 376.70689171218663
269 371.5356469274163
270 371.5356469274163
271 371.5356469274163
272 371.5356469274163
273 371.5356469274163
274 362.59549887806395
275 362.59549887806395
276 362.59549887806395
277 362.59549887806395
278 362.59549887806395
279 352.3999158215591
280 352.3999158215591
281 352.3999158215591
282 352.3999158215591
283 350.65891235880184
284 345.4063071418503
285 345.4063071418503
286 345.4063071418503
287 345.4063071418503
288 345.4063071418503
289 341.1625386226131
290 341.1625386226131
291 341.1625386226131
292 341.1625386226131
293 341.1625386226131
294 330.83067387802816
295 330.83067387802816
296 330.83067387802816
297 330.83067387802816
298 330.83067387802816
299 316.9012559400708
300 316.9012559400708
301 316.9012559400708
302 316.9012559400708
303 316.9012559400708
304 310.47905657573267
305 310.47905657573267
306 310.47905657573267
307 310.47905657573267
308 310.47905657573267
309 306.69839597373215
310 306.69839597373215
311 306.69839597373215
312 306.69839597373215
313 306.69839597373215
314 300.5466874583075
315 300.5466874583075
316 300.5466874583075
317 300.5466874583075
318 300.5466874583075
319 295.10367839446764
320 295.10367839446764
321 295.10367839446764
322 295.10367839446764
323 294.74387651611215
324 290.9301994065251
325 290.9301994065251
326 290.9301994065251
327 290.9301994065251
328 290.9301994065251
329 287.1880891167324
330 287.1880891167324
331 287.1880891167324
332 287.1880891167324
333 287.1880891167324
334 280.19495866288537
335 280.19495866288537
336 280.19495866288537
337 280.19495866288537
338 280.19495866288537
339 272.5541309431929
340 272.5541309431929
341 272.5541309431929
342 272.5541309431929
343 272.5541309431929
344 265.57739117994976
345 265.57739117994976
346 265.57739117994976
347 265.57739117994976
348 265.57739117994976
349 257.2144426278806
350 257.2144426278806
351 257.2144426278806
352 257.2144426278806
353 257.2144426278806
354 248.57444649635377
355 248.57444649635377
356 248.57444649635377
357 248.57444649635377
358 248.57444649635377
359 245.32586036115023
360 245.32586036115023
361 245.32586036115023
362 245.32586036115023
363 245.32586036115023
364 242.5197474165103
365 242.5197474165103
366 242.5197474165103
367 242.5197474165103
368 242.5197474165103
369 233.9825713998065
370 233.9825713998065
371 233.9825713998065
372 233.9825713998065
373 233.9825713998065
374 228.8167392771046
375 228.8167392771046
376 228.8167392771046
377 228.8167392771046
378 228.8167392771046
379 226.17543891411546
380 226.17543891411546
381 226.17543891411546
382 226.17543891411546
383 226.17543891411546
384 224.26179285619406
385 224.26179285619406
386 224.26179285619406
387 224.26179285619406
388 224.26179285619406
389 218.48541191424107
390 218.48541191424107
391 218.48541191424107
392 218.48541191424107
393 218.48541191424107
394 210.8799669926381
395 210.8799669926381
396 210.8799669926381
397 210.8799669926381
398 210.8799669926381
399 206.61125299512696
400 206.61125299512696
401 206.61125299512696
402 206.61125299512696
403 206.61125299512696
404 203.29541988457459
405 203.29541988457459
406 203.29541988457459
407 203.29541988457459
408 203.29541988457459
409 199.09159859787022
410 199.09159859787022
411 199.09159859787022
412 199.09159859787022
413 199.09159859787022
414 194.5145883425534
415 194.5145883425534
416 194.5145883425534
417 194.5145883425534
418 194.5145883425534
419 189.4887331044445
420 189.4887331044445
421 189.4887331044445
422 189.4887331044445
423 189.4887331044445
424 187.60872224089172
425 187.60872224089172
426 187.60872224089172
427 187.60872224089172
428 187.60872224089172
429 183.78419958963232
430 183.78419958963232
431 183.78419958963232
432 183.78419958963232
433 183.78419958963232
434 182.24345045598935
435 182.24345045598935
436 182.24345045598935
437 182.24345045598935
438 182.24345045598935
439 178.71831508565631
440 178.71831508565631
441 178.71831508565631
442 178.71831508565631
443 178.6242437715306
444 173.56331135973704
445 173.56331135973704
446 173.56331135973704
447 173.56331135973704
448 173.56331135973704
449 172.1267613237792
450 172.1267613237792
451 172.1267613237792
452 172.1267613237792
453 172.1267613237792
454 167.7708899768482
455 167.7708899768482
456 167.7708899768482
457 167.7708899768482
458 167.7708899768482
459 164.91444844019745
460 164.91444844019745
461 164.91444844019745
462 164.91444844019745
463 164.91444844019745
464 162.99133962679818
465 162.99133962679818
466 162.99133962679818
467 162.99133962679818
468 162.99133962679818
469 159.20038358058687
470 159.20038358058687
471 159.20038358058687
472 159.20038358058687
473 159.20038358058687
474 156.5225906114217
475 156.5225906114217
476 156.5225906114217
477 156.5225906114217
478 156.5225906114217
479 152.9662691989299
480 152.9662691989299
481 152.9662691989299
482 152.9662691989299
483 152.9662691989299
484 149.26138540440215
485 149.26138540440215
486 149.26138540440215
487 149.26138540440215
488 149.26138540440215
489 148.63316877335558
490 148.63316877335558
491 148.63316877335558
492 148.63316877335558
493 148.63316877335558
494 145.32755993267804
495 145.32755993267804
496 145.32755993267804
497 145.32755993267804
498 145.32755993267804
499 142.68467254024927
500 142.68467254024927
501 142.68467254024927
502 142.68467254024927
503 142.68467254024927
504 140.20722057811955
505 140.20722057811955
506 140.20722057811955
507 140.20722057811955
508 140.20722057811955
509 136.95741114732598
510 136.95741114732598
511 136.95741114732598
512 136.95741114732598
513 136.95741114732598
514 134.72843338690828
515 134.72843338690828
516 134.72843338690828
517 134.72843338690828
518 134.72843338690828
519 132.7286422455428
520 132.7286422455428
521 132.7286422455428
522 132.7286422455428
523 132.7286422455428
524 128.19096618186956
525 128.19096618186956
526 128.19096618186956
527 128.19096618186956
528 128.19096618186956
529 125.5282721119846
530 125.5282721119846
531 125.5282721119846
532 125.5282721119846
533 125.5282721119846
534 123.69364666188348
535 123.69364666188348
536 123.69364666188348
537 123.69364666188348
538 123.69364666188348
539 122.11320106217282
540 122.11320106217282
541 122.11320106217282
542 122.11320106217282
543 122.11320106217282
544 120.24419497045055
545 120.24419497045055
546 120.24419497045055
547 120.24419497045055
548 120.07935500605173
549 118.14091639897401
550 118.14091639897401
551 118.14091639897401
552 118.14091639897401
553 118.14091639897401
554 116.23649969479756
555 116.23649969479756
556 116.23649969479756
557 116.23649969479756
558 116.23649969479756
559 114.25966676334052
560 114.25966676334052
561 114.25966676334052
562 114.25966676334052
563 114.10552008321729
564 109.56719608447243
565 109.56719608447243
566 109.56719608447243
567 109.56719608447243
568 109.56719608447243
569 107.99406785535376
570 107.99406785535376
571 107.99406785535376
572 107.99406785535376
573 107.99406785535376
574 106.54834580543367
575 106.54834580543367
576 106.54834580543367
577 106.54834580543367
578 106.08849529494866
579 104.4939487045956
580 104.4939487045956
581 104.4939487045956
582 104.4939487045956
583 104.4939487045956
584 103.01837030320216
585 103.01837030320216
586 103.01837030320216
587 103.01837030320216
588 103.01837030320216
589 99.33040409181825
590 99.33040409181825
591 99.33040409181825
592 99.33040409181825
593 99.20008528247068
594 97.89395120712989
595 97.89395120712989
596 97.89395120712989
597 97.89395120712989
598 97.89395120712989
599 95.4815539049183
600 95.4815539049183
601 95.4815539049183
602 95.4815539049183
603 95.4815539049183
604 93.43357316060003
605 93.43357316060003
606 93.43357316060003
607 93.43357316060003
608 93.43357316060003
609 92.27051849931868
610 92.27051849931868
611 92.27051849931868
612 92.27051849931868
613 92.27051849931868
614 90.98553067147448
615 90.98553067147448
616 90.98553067147448
617 90.98553067147448
618 90.98553067147448
619 88.95518246218747
620 88.95518246218747
621 88.95518246218747
622 88.95518246218747
623 88.95518246218747
624 85.13368961379722
625 85.13368961379722
626 85.13368961379722
627 85.13368961379722
628 85.13368961379722
629 82.7224428960674
630 82.7224428960674
631 82.7224428960674
632 82.7224428960674
633 82.7224428960674
634 80.98549459045748
635 80.98549459045748
636 80.98549459045748
637 80.98549459045748
638 80.98549459045748
639 78.66033856180397
640 78.66033856180397
641 78.66033856180397
642 78.66033856180397
643 78.66033856180397
644 77.01670266849237
645 77.01670266849237
646 77.01670266849237
647 77.01670266849237
648 77.01670266849237
649 75.55910157390369
650 75.55910157390369
651 75.55910157390369
652 75.55910157390369
653 75.55910157390369
654 74.63209319197982
655 74.63209319197982
656 74.63209319197982
657 74.63209319197982
658 74.63209319197982
659 72.71709909230984
660 72.71709909230984
661 72.71709909230984
662 72.71709909230984
663 72.6296216416656
664 70.7353988753487
665 70.7353988753487
666 70.7353988753487
667 70.7353988753487
668 70.7353988753487
669 70.03182734121388
670 70.03182734121388
671 70.03182734121388
672 70.03182734121388
673 69.81486122010928
674 69.25811849775995
675 69.25811849775995
676 69.25811849775995
677 69.25811849775995
678 69.25811849775995
679 68.14688373848261
680 68.14688373848261
681 68.14688373848261
682 68.14688373848261
683 68.14688373848261
684 66.43524451448397
685 66.43524451448397
686 66.43524451448397
687 66.43524451448397
688 66.43524451448397
689 65.73842060597414
690 65.73842060597414
691 65.73842060597414
692 65.73842060597414
693 65.73842060597414
694 64.3049772516152
695 64.3049772516152
696 64.3049772516152
697 64.3049772516152
698 64.3049772516152
699 63.280059601300664
700 63.280059601300664
701 63.280059601300664
702 63.280059601300664
703 63.17902276319865
704 62.54007993345535
705 62.54007993345535
706 62.54007993345535
707 62.54007993345535
708 62.54007993345535
709 62.06596005786636
710 62.06596005786636
711 62.06596005786636
712 62.06596005786636
713 62.02903547289385
714 61.256851668295454
715 61.256851668295454
716 61.256851668295454
717 61.256851668295454
718 61.256851668295454
719 60.76597314616312
720 60.76597314616312
721 60.76597314616312
722 60.76597314616312
723 60.76597314616312
724 59.84397616927817
725 59.84397616927817
726 59.84397616927817
727 59.84397616927817
728 59.84397616927817
729 58.778580007423756
730 58.778580007423756
731 58.778580007423756
732 58.778580007423756
733 58.778580007423756
734 58.11190273735768
735 58.11190273735768
736 58.11190273735768
737 58.11190273735768
738 58.11190273735768
739 57.439269270757194
740 57.439269270757194
741 57.439269270757194
742 57.439269270757194
743 57.439269270757194
744 57.08411229805089
745 57.08411229805089
746 57.08411229805089
747 57.08411229805089
748 56.88022503907549
749 56.42568629375897
750 56.42568629375897
751 56.42568629375897
752 56.42568629375897
753 56.42568629375897
754 55.82388367324521
755 55.82388367324521
756 55.82388367324521
757 55.82388367324521
758 55.82388367324521
759 54.4288174322325
760 54.4288174322325
761 54.4288174322325
762 54.4288174322325
763 54.4288174322325
764 54.02714522730373
765 54.02714522730373
766 54.02714522730373
767 54.02714522730373
768 54.02714522730373
769 53.47312294760397
770 53.47312294760397
771 53.47312294760397
772 53.47312294760397
773 53.47312294760397
774 52.37300539643379
775 52.37300539643379
776 52.37300539643379
777 52.37300539643379
778 52.37300539643379
779 52.01001809549404
780 52.01001809549404
781 52.01001809549404
782 52.01001809549404
783 52.01001809549404
784 51.594142306220974
785 51.594142306220974
786 51.594142306220974
787 51.594142306220974
788 51.594142306220974
789 51.3058543497224
790 51.3058543497224
791 51.3058543497224
792 51.3058543497224
793 51.3058543497224
794 50.45052407178692
795 50.45052407178692
796 50.45052407178692
797 50.45052407178692
798 50.45052407178692
799 49.74313626858763
800 49.74313626858763
801 49.74313626858763
802 49.74313626858763
803 49.74313626858763
804 49.17703971404132
805 49.17703971404132
806 49.17703971404132
807 49.17703971404132
808 49.16638164757962
809 48.65606171299341
810 48.65606171299341
811 48.65606171299341
812 48.65606171299341
813 48.65606171299341
814 48.27818211431342
815 48.27818211431342
816 48.27818211431342
817 48.27818211431342
818 48.27818211431342
819 47.52153899589203
820 47.52153899589203
821 47.52153899589203
822 47.52153899589203
823 47.52153899589203
824 47.021820509791596
825 47.021820509791596
826 47.021820509791596
827 47.021820509791596
828 47.021820509791596
829 46.5963024080011
830 46.5963024080011
831 46.5963024080011
832 46.5963024080011
833 46.5963024080011
834 46.17474100684139
835 46.17474100684139
836 46.17474100684139
837 46.17474100684139
838 46.17474100684139
839 45.73306823428966
840 45.73306823428966
841 45.73306823428966
842 45.73306823428966
843 45.73306823428966
844 45.20385431566506
845 45.20385431566506
846 45.20385431566506
847 45.20385431566506
848 45.20385431566506
849 44.641001204575886
850 44.641001204575886
851 44.641001204575886
852 44.641001204575886
853 44.641001204575886
854 44.33356085014851
855 44.33356085014851
856 44.33356085014851
857 44.33356085014851
858 44.33356085014851
859 43.998465051821775
860 43.998465051821775
861 43.998465051821775
862 43.998465051821775
863 43.998465051821775
864 43.515407174080295
865 43.515407174080295
866 43.515407174080295
867 43.515407174080295
868 43.515407174080295
869 43.26053152666896
870 43.26053152666896
871 43.26053152666896
872 43.26053152666896
873 43.26053152666896
874 42.79248278748392
875 42.79248278748392
876 42.79248278748392
877 42.79248278748392
878 42.79248278748392
879 42.45624901913732
880 42.45624901913732
881 42.45624901913732
882 42.45624901913732
883 42.45194326584428
884 41.893416551769924
885 41.893416551769924
886 41.893416551769924
887 41.893416551769924
888 41.893416551769924
889 41.526122197937866
890 41.526122197937866
891 41.526122197937866
892 41.526122197937866
893 41.526122197937866
894 41.03398903805475
895 41.03398903805475
896 41.03398903805475
897 41.03398903805475
898 41.03398903805475
899 40.76831850934965
900 40.76831850934965
901 40.76831850934965
902 40.76831850934965
903 40.76831850934965
904 40.42801108256639
905 40.42801108256639
906 40.42801108256639
907 40.42801108256639
908 40.23534235444093
909 39.76825247889806
910 39.76825247889806
911 39.76825247889806
912 39.76825247889806
913 39.76825247889806
914 39.55012840886848
915 39.55012840886848
916 39.55012840886848
917 39.55012840886848
918 39.55012840886848
919 39.15890257477531
920 39.15890257477531
921 39.15890257477531
922 39.15890257477531
923 39.15890257477531
924 38.94115356651452
925 38.94115356651452
926 38.94115356651452
927 38.94115356651452
928 38.914141450115345
929 38.51936701661392
930 38.51936701661392
931 38.51936701661392
932 38.51936701661392
933 38.51936701661392
934 38.307615302743315
935 38.307615302743315
936 38.307615302743315
937 38.307615302743315
938 38.307615302743315
939 38.127389622003044
940 38.127389622003044
941 38.127389622003044
942 38.127389622003044
943 38.127389622003044
944 37.823862843628625
945 37.823862843628625
946 37.823862843628625
947 37.823862843628625
948 37.823862843628625
949 37.60012247287167
950 37.60012247287167
951 37.60012247287167
952 37.60012247287167
953 37.60012247287167
954 37.44367174230355
955 37.44367174230355
956 37.44367174230355
957 37.44367174230355
958 37.44367174230355
959 37.344573229541766
960 37.344573229541766
961 37.344573229541766
962 37.344573229541766
963 37.344573229541766
964 37.13444666665607
965 37.13444666665607
966 37.13444666665607
967 37.13444666665607
968 37.13444666665607
969 37.01912109748843
970 37.01912109748843
971 37.01912109748843
972 37.01912109748843
973 37.01912109748843
974 36.959494657800256
975 36.959494657800256
976 36.959494657800256
977 36.959494657800256
978 36.959494657800256
979 36.72208248550036
980 36.72208248550036
981 36.72208248550036
982 36.72208248550036
983 36.72208248550036
984 36.496045364903324
985 36.496045364903324
986 36.496045364903324
987 36.496045364903324
988 36.493255568954865
989 36.41148639458605
990 36.41148639458605
991 36.41148639458605
992 36.41148639458605
993 36.41148639458605
994 36.23171779427691
995 36.23171779427691
996 36.23171779427691
997 36.23171779427691
998 36.23171779427691
999 36.16730717911705
1000 36.16730717911705
1001 36.16730717911705
1002 36.16730717911705
1003 36.16730717911705
1004 36.082239427961106
1005 36.082239427961106
1006 36.082239427961106
1007 36.082239427961106
1008 36.08153151777067
1009 35.87961727286361
1010 35.87961727286361
1011 35.87961727286361
1012 35.87961727286361
1013 35.87961727286361
1014 35.69404493191142
1015 35.69404493191142
1016 35.69404493191142
1017 35.69404493191142
1018 35.69404493191142
1019 35.62288419660573
1020 35.62288419660573
1021 35.62288419660573
1022 35.62288419660573
1023 35.61336620379904
1024 35.56117863897712
1025 35.56117863897712
1026 35.56117863897712
1027 35.56117863897712
1028 35.558498856519186
1029 35.45015483724339
1030 35.45015483724339
1031 35.45015483724339
1032 35.45015483724339
1033 35.45015483724339
1034 35.33708388891598
1035 35.33708388891598
1036 35.33708388891598
1037 35.33708388891598
1038 35.33708388891598
1039 35.209088879777795
1040 35.209088879777795
1041 35.209088879777795
1042 35.209088879777795
1043 35.209088879777795
1044 35.12929998949991
1045 35.12929998949991
1046 35.12929998949991
1047 35.12929998949991
1048 35.12929998949991
1049 35.04830263429145
1050 35.04830263429145
1051 35.04830263429145
1052 35.04830263429145
1053 35.04830263429145
1054 34.937783254705444
1055 34.937783254705444
1056 34.937783254705444
1057 34.937783254705444
1058 34.937783254705444
1059 34.81590115220104
1060 34.81590115220104
1061 34.81590115220104
1062 34.81590115220104
1063 34.81590115220104
1064 34.76436869028092
1065 34.76436869028092
1066 34.76436869028092
1067 34.76436869028092
1068 34.76436869028092
1069 34.63252881073961
1070 34.63252881073961
1071 34.63252881073961
1072 34.63252881073961
1073 34.63252881073961
1074 34.51220396491461
1075 34.51220396491461
1076 34.51220396491461
1077 34.51220396491461
1078 34.51220396491461
1079 34.429146308138264
1080 34.429146308138264
1081 34.429146308138264
1082 34.429146308138264
1083 34.429146308138264
1084 34.29217085351363
1085 34.29217085351363
1086 34.29217085351363
1087 34.29217085351363
1088 34.29217085351363
1089 34.18168139107805
1090 34.18168139107805
1091 34.18168139107805
1092 34.18168139107805
1093 34.18168139107805
1094 34.038514097469985
1095 34.038514097469985
1096 34.038514097469985
1097 34.038514097469985
1098 34.038514097469985
1099 34.01573791109302
1100 34.01573791109302
1101 34.01573791109302
1102 34.01573791109302
1103 34.01361390901671
1104 33.85408883946727
1105 33.85408883946727
1106 33.85408883946727
1107 33.85408883946727
1108 33.85408883946727
1109 33.76840053329545
1110 33.76840053329545
1111 33.76840053329545
1112 33.76840053329545
1113 33.76840053329545
1114 33.659656226092224
1115 33.659656226092224
1116 33.659656226092224
1117 33.659656226092224
1118 33.659656226092224
1119 33.62795003996132
1120 33.62795003996132
1121 33.62795003996132
1122 33.62795003996132
1123 33.62795003996132
1124 33.551788788317054
1125 33.551788788317054
1126 33.551788788317054
1127 33.551788788317054
1128 33.551788788317054
1129 33.51619385901191
1130 33.51619385901191
1131 33.51619385901191
1132 33.51619385901191
1133 33.51619385901191
1134 33.45843326751971
1135 33.45843326751971
1136 33.45843326751971
1137 33.45843326751971
1138 33.45843326751971
1139 33.39663609175221
1140 33.39663609175221
1141 33.39663609175221
1142 33.39663609175221
1143 33.39663609175221
1144 33.338483565891075
1145 33.338483565891075
1146 33.338483565891075
1147 33.338483565891075
1148 33.338483565891075
1149 33.281515302238525
1150 33.281515302238525
1151 33.281515302238525
1152 33.281515302238525
1153 33.281515302238525
1154 33.18608604418541
1155 33.18608604418541
1156 33.18608604418541
1157 33.18608604418541
1158 33.18608604418541
1159 33.11048819718467
1160 33.11048819718467
1161 33.11048819718467
1162 33.11048819718467
1163 33.11048819718467
1164 33.09406329858504
1165 33.09406329858504
1166 33.09406329858504
1167 33.09406329858504
1168 33.09406329858504
1169 33.03227443287943
1170 33.03227443287943
1171 33.03227443287943
1172 33.03227443287943
1173 33.03227443287943
1174 32.962867362478185
1175 32.962867362478185
1176 32.962867362478185
1177 32.962867362478185
1178 32.962867362478185
1179 32.89177232113647
1180 32.89177232113647
1181 32.89177232113647
1182 32.89177232113647
1183 32.89177232113647
1184 32.853194722198495
1185 32.853194722198495
1186 32.853194722198495
1187 32.853194722198495
1188 32.853194722198495
1189 32.786797296925805
1190 32.786797296925805
1191 32.786797296925805
1192 32.786797296925805
1193 32.77665257453125
1194 32.7138894095361
1195 32.7138894095361
1196 32.7138894095361
1197 32.7138894095361
1198 32.7138894095361
1199 32.684959655874316
1200 32.684959655874316
1201 32.684959655874316
1202 32.684959655874316
1203 32.684959655874316
1204 32.62119905414717
1205 32.62119905414717
1206 32.62119905414717
1207 32.62119905414717
1208 32.62119905414717
1209 32.56957317517149
1210 32.56957317517149
1211 32.56957317517149
1212 32.56957317517149
1213 32.56957317517149
1214 32.53792894625922
1215 32.53792894625922
1216 32.53792894625922
1217 32.53792894625922
1218 32.53792894625922
1219 32.500155947847674
1220 32.500155947847674
1221 32.500155947847674
1222 32.500155947847674
1223 32.500155947847674
1224 32.455288192693104
1225 32.455288192693104
1226 32.455288192693104
1227 32.455288192693104
1228 32.455288192693104
1229 32.42077625125386
1230 32.42077625125386
1231 32.42077625125386
1232 32.42077625125386
1233 32.42077625125386
1234 32.38834620346715
1235 32.38834620346715
1236 32.38834620346715
1237 32.38834620346715
1238 32.38834620346715
1239 32.34393401360881
1240 32.34393401360881
1241 32.34393401360881
1242 32.34393401360881
1243 32.34393401360881
1244 32.31308418048566
1245 32.31308418048566
1246 32.31308418048566
1247 32.31308418048566
1248 32.31308418048566
1249 32.275025669977886
1250 32.275025669977886
1251 32.275025669977886
1252 32.275025669977886
1253 32.275025669977886
1254 32.23044938441408
1255 32.23044938441408
1256 32.23044938441408
1257 32.23044938441408
1258 32.23044938441408
1259 32.17023824032317
1260 32.17023824032317
1261 32.17023824032317
1262 32.17023824032317
1263 32.161960469951524
1264 32.11948631399524
1265 32.11948631399524
1266 32.11948631399524
1267 32.11948631399524
1268 32.11948631399524
1269 32.08464517382081
1270 32.08464517382081
1271 32.08464517382081
1272 32.08464517382081
1273 32.08464517382081
1274 32.045630411450546
1275 32.045630411450546
1276 32.045630411450546
1277 32.045630411450546
1278 32.0450021353459
1279 31.983750661679604
1280 31.983750661679604
1281 31.983750661679604
1282 31.983750661679604
1283 31.983750661679604
1284 31.932354120598706
1285 31.932354120598706
1286 31.932354120598706
1287 31.932354120598706
1288 31.932354120598706
1289 31.897922226330365
1290 31.897922226330365
1291 31.897922226330365
1292 31.897922226330365
1293 31.897922226330365
1294 31.857861471100946
1295 31.857861471100946
1296 31.857861471100946
1297 31.857861471100946
1298 31.857861471100946
1299 31.82656512744305
1300 31.82656512744305
1301 31.82656512744305
1302 31.82656512744305
1303 31.82656512744305
1304 31.787116099459663
1305 31.787116099459663
1306 31.787116099459663
1307 31.787116099459663
1308 31.787116099459663
1309 31.772806332632374
1310 31.772806332632374
1311 31.772806332632374
1312 31.772806332632374
1313 31.772806332632374
1314 31.76012546161845
1315 31.76012546161845
1316 31.76012546161845
1317 31.76012546161845
1318 31.76012546161845
1319 31.738725654095003
1320 31.738725654095003
1321 31.738725654095003
1322 31.738725654095003
1323 31.738725654095003
1324 31.695877830019786
1325 31.695877830019786
1326 31.695877830019786
1327 31.695877830019786
1328 31.695877830019786
1329 31.656734573944753
1330 31.656734573944753
1331 31.656734573944753
1332 31.656734573944753
1333 31.656734573944753
1334 31.637618832146025
1335 31.637618832146025
1336 31.637618832146025
1337 31.637618832146025
1338 31.637618832146025
1339 31.615533598930934
1340 31.615533598930934
1341 31.615533598930934
1342 31.615533598930934
1343 31.615533598930934
1344 31.5938611345679
1345 31.5938611345679
1346 31.5938611345679
1347 31.5938611345679
1348 31.5938611345679
1349 31.567539642135113
1350 31.567539642135113
1351 31.567539642135113
1352 31.567539642135113
1353 31.567539642135113
1354 31.535702869181932
1355 31.535702869181932
1356 31.535702869181932
1357 31.535702869181932
1358 31.53544315080619
1359 31.516683873742842
1360 31.516683873742842
1361 31.516683873742842
1362 31.516683873742842
1363 31.516683873742842
1364 31.508024836995833
1365 31.508024836995833
1366 31.508024836995833
1367 31.508024836995833
1368 31.508024836995833
1369 31.503609773348867
1370 31.503609773348867
1371 31.503609773348867
1372 31.503609773348867
1373 31.503609773348867
1374 31.478776695194792
1375 31.478776695194792
1376 31.478776695194792
1377 31.478776695194792
1378 31.476329031843214
1379 31.450706908531583
1380 31.450706908531583
1381 31.450706908531583
1382 31.450706908531583
1383 31.450706908531583
1384 31.425497306232216
1385 31.425497306232216
1386 31.425497306232216
1387 31.425497306232216
1388 31.425497306232216
1389 31.409830317309627
1390 31.409830317309627
1391 31.409830317309627
1392 31.409830317309627
1393 31.409830317309627
1394 31.384459126675452
1395 31.384459126675452
1396 31.384459126675452
1397 31.384459126675452
1398 31.384459126675452
1399 31.360711119758896
1400 31.360711119758896
1401 31.360711119758896
1402 31.360711119758896
1403 31.356296389129376
1404 31.328741792146594
1405 31.328741792146594
1406 31.328741792146594
1407 31.328741792146594
1408 31.328741792146594
1409 31.314113683538814
1410 31.314113683538814
1411 31.314113683538814
1412 31.314113683538814
1413 31.314113683538814
1414 31.29422568122268
1415 31.29422568122268
1416 31.29422568122268
1417 31.29422568122268
1418 31.29422568122268
1419 31.28329977611702
1420 31.28329977611702
1421 31.28329977611702
1422 31.28329977611702
1423 31.28329977611702
1424 31.26845596198157
1425 31.26845596198157
1426 31.26845596198157
1427 31.26845596198157
1428 31.26845596198157
1429 31.25665728742264
1430 31.25665728742264
1431 31.25665728742264
1432 31.25665728742264
1433 31.25665728742264
1434 31.249464581425897
1435 31.249464581425897
1436 31.249464581425897
1437 31.249464581425897
1438 31.249464581425897
1439 31.238473148414112
1440 31.238473148414112
1441 31.238473148414112
1442 31.238473148414112
1443 31.238473148414112
1444 31.229110104775465
1445 31.229110104775465
1446 31.229110104775465
1447 31.229110104775465
1448 31.229110104775465
1449 31.216787347598654
1450 31.216787347598654
1451 31.216787347598654
1452 31.216787347598654
1453 31.216787347598654
1454 31.201366300041443
1455 31.201366300041443
1456 31.201366300041443
1457 31.201366300041443
1458 31.201366300041443
1459 31.187465212967528
1460 31.187465212967528
1461 31.187465212967528
1462 31.187465212967528
1463 31.187465212967528
1464 31.169312659312315
1465 31.169312659312315
1466 31.169312659312315
1467 31.169312659312315
1468 31.169312659312315
1469 31.160756446784383
1470 31.160756446784383
1471 31.160756446784383
1472 31.160756446784383
1473 31.160756446784383
1474 31.141334414543124
1475 31.141334414543124
1476 31.141334414543124
1477 31.141334414543124
1478 31.141334414543124
1479 31.12805430430285
1480 31.12805430430285
1481 31.12805430430285
1482 31.12805430430285
1483 31.12805430430285
1484 31.11274552980056
1485 31.11274552980056
1486 31.11274552980056
1487 31.11274552980056
1488 31.11274552980056
1489 31.10088350836779
1490 31.10088350836779
1491 31.10088350836779
1492 31.10088350836779
1493 31.10088350836779
1494 31.0859051313763
1495 31.0859051313763
1496 31.0859051313763
1497 31.0859051313763
1498 31.0859051313763
1499 31.068679656065935
1500 31.068679656065935
1501 31.068679656065935
1502 31.068679656065935
1503 31.068679656065935
1504 31.05710100045385
1505 31.05710100045385
1506 31.05710100045385
1507 31.05710100045385
1508 31.05710100045385
1509 31.042932243902275
1510 31.042932243902275
1511 31.042932243902275
1512 31.042932243902275
1513 31.042932243902275
1514 31.025544773105707
1515 31.025544773105707
1516 31.025544773105707
1517 31.025544773105707
1518 31.023144677625094
1519 31.003357411680494
1520 31.003357411680494
1521 31.003357411680494
1522 31.003357411680494
1523 31.003357411680494
1524 30.986941504624035
1525 30.986941504624035
1526 30.986941504624035
1527 30.986941504624035
1528 30.986941504624035
1529 30.98064823878878
1530 30.98064823878878
1531 30.98064823878878
1532 30.98064823878878
1533 30.98064823878878
1534 30.973361976543504
1535 30.973361976543504
1536 30.973361976543504
1537 30.973361976543504
1538 30.96553807777927
1539 30.94173839490275
1540 30.94173839490275
1541 30.94173839490275
1542 30.94173839490275
1543 30.94163202121862
1544 30.92427625330041
1545 30.92427625330041
1546 30.92427625330041
1547 30.92427625330041
1548 30.923508627969927
1549 30.911351714453268
1550 30.911351714453268
1551 30.911351714453268
1552 30.911351714453268
1553 30.91111909256663
1554 30.90350854191104
1555 30.90350854191104
1556 30.90350854191104
1557 30.90350854191104
1558 30.901224188633293
1559 30.883939197232895
1560 30.883939197232895
1561 30.883939197232895
1562 30.883939197232895
1563 30.883939197232895
1564 30.867594173368825
1565 30.867594173368825
1566 30.867594173368825
1567 30.867594173368825
1568 30.867594173368825
1569 30.850151115592077
1570 30.850151115592077
1571 30.850151115592077
1572 30.850151115592077
1573 30.836350856019326
1574 30.81122973135166
1575 30.81122973135166
1576 30.81122973135166
1577 30.81122973135166
1578 30.755951107428512
1579 30.74521888752047
1580 30.74521888752047
1581 30.74521888752047
1582 30.74521888752047
1583 30.744907954509706
1584 30.724566578235184
1585 30.724566578235184
1586 30.724566578235184
1587 30.724566578235184
1588 30.700656000645495
1589 30.669347967992532
1590 30.669347967992532
1591 30.669347967992532
1592 30.669347967992532
1593 30.657996037195506
1594 30.627805414531057
1595 30.627805414531057
1596 30.627805414531057
1597 30.627805414531057
1598 30.609455400271067
1599 30.56066364921539
1600 30.56066364921539
1601 30.56066364921539
1602 30.56066364921539
1603 30.54880958399558
1604 30.5101783186534
1605 30.5101783186534
1606 30.5101783186534
1607 30.5101783186534
1608 30.47837183991476
1609 30.451394890744503
1610 30.451394890744503
1611 30.451394890744503
1612 30.451394890744503
1613 30.396788521892542
1614 30.33747701781254
1615 30.33747701781254
1616 30.33747701781254
1617 30.33747701781254
1618 30.29141771454743
1619 30.224772819601448
1620 30.224772819601448
1621 30.224772819601448
1622 30.224772819601448
1623 30.17384854083497
1624 30.089271789128418
1625 30.089271789128418
1626 30.089271789128418
1627 30.089271789128418
1628 30.074279639479574
1629 30.015902448801942
1630 30.015902448801942
1631 30.015902448801942
1632 29.88745622736896
1633 29.836717186985997
1634 29.79815937796252
1635 29.79815937796252
1636 29.79815937796252
1637 29.79815937796252
1638 29.77317665794857
1639 29.734514839974192
1640 29.734514839974192
1641 29.734514839974192
1642 29.734514839974192
1643 29.598294459917877
1644 29.575728695657848
1645 29.575728695657848
1646 29.575728695657848
1647 29.575728695657848
1648 29.51963432656365
1649 29.458575881679685
1650 29.458575881679685
1651 29.458575881679685
1652 29.458575881679685
1653 29.395513956116154
1654 29.34474139296575
1655 29.34474139296575
1656 29.34474139296575
1657 29.34474139296575
1658 29.341859136952213
1659 29.278007405179768
1660 29.278007405179768
1661 29.278007405179768
1662 29.278007405179768
1663 29.26449962359595
1664 29.18830549708843
1665 29.18830549708843
1666 29.18830549708843
1667 29.18830549708843
1668 29.167352896809803
1669 29.123908324963036
1670 29.123908324963036
1671 29.123908324963036
1672 29.123908324963036
1673 29.11700685109773
1674 29.0846347915753
1675 29.0846347915753
1676 29.0846347915753
1677 29.0846347915753
1678 29.0846347915753
1679 29.070057412261445
1680 29.070057412261445
1681 29.070057412261445
1682 29.070057412261445
1683 29.069536921687803
1684 29.055895112636613
1685 29.055895112636613
1686 29.055895112636613
1687 29.055895112636613
1688 29.055895112636613
1689 29.035323245005426
1690 29.035323245005426
1691 29.035323245005426
1692 29.035323245005426
1693 29.035323245005426
1694 29.017364880173883
1695 29.017364880173883
1696 29.017364880173883
1697 29.017364880173883
1698 29.017364880173883
1699 29.01236847166687
1700 29.01236847166687
1701 29.01236847166687
1702 29.01236847166687
1703 29.01236847166687
1704 29.00015417105625
1705 29.00015417105625
1706 29.00015417105625
1707 29.00015417105625
1708 29.00015417105625
1709 28.98796855199685
1710 28.98796855199685
1711 28.98796855199685
1712 28.98796855199685
1713 28.98796855199685
1714 28.973693764483055
1715 28.973693764483055
1716 28.973693764483055
1717 28.973693764483055
1718 28.973478397184024
1719 28.96474848089498
1720 28.96474848089498
1721 28.96474848089498
1722 28.96474848089498
1723 28.964454389065285
1724 28.95588055490997
1725 28.95588055490997
1726 28.95588055490997
1727 28.95588055490997
1728 28.955773255265253
1729 28.944199095503812
1730 28.944199095503812
1731 28.944199095503812
1732 28.944199095503812
1733 28.944199095503812
1734 28.93777773751623
1735 28.93777773751623
1736 28.93777773751623
1737 28.93777773751623
1738 28.93777773751623
1739 28.933129526285548
1740 28.933129526285548
1741 28.933129526285548
1742 28.933129526285548
1743 28.93263115832902
1744 28.921464983139213
1745 28.921464983139213
1746 28.921464983139213
1747 28.921464983139213
1748 28.921388107907163
1749 28.910907828922017
1750 28.910907828922017
1751 28.910907828922017
1752 28.910907828922017
1753 28.910226876538527
1754 28.90180180752215
1755 28.90180180752215
1756 28.90180180752215
1757 28.90180180752215
1758 28.90180180752215
1759 28.89595144812773
1760 28.89595144812773
1761 28.89595144812773
1762 28.89595144812773
1763 28.89486847828206
1764 28.883694689749085
1765 28.883694689749085
1766 28.883694689749085
1767 28.883694689749085
1768 28.883694689749085
1769 28.874264550242703
1770 28.874264550242703
1771 28.874264550242703
1772 28.874264550242703
1773 28.87408162954467
1774 28.866357256440853
1775 28.866357256440853
1776 28.866357256440853
1777 28.866357256440853
1778 28.866357256440853
1779 28.859314908183794
1780 28.859314908183794
1781 28.859314908183794
1782 28.859314908183794
1783 28.859314908183794
1784 28.85411132867622
1785 28.85411132867622
1786 28.85411132867622
1787 28.85411132867622
1788 28.85411132867622
1789 28.84645498887141
1790 28.84645498887141
1791 28.84645498887141
1792 28.84645498887141
1793 28.84645498887141
1794 28.833699360763948
1795 28.833699360763948
1796 28.833699360763948
1797 28.833699360763948
1798 28.832998511961986
1799 28.826068603661497
1800 28.826068603661497
1801 28.826068603661497
1802 28.826068603661497
1803 28.826068603661497
1804 28.82083359920597
1805 28.82083359920597
1806 28.82083359920597
1807 28.82083359920597
1808 28.820662879672216
1809 28.814074807307456
1810 28.814074807307456
1811 28.814074807307456
1812 28.814074807307456
1813 28.81344561307351
1814 28.807009535208053
1815 28.807009535208053
1816 28.807009535208053
1817 28.807009535208053
1818 28.807009535208053
1819 28.799857427689822
1820 28.799857427689822
1821 28.799857427689822
1822 28.799857427689822
1823 28.799526056858575
1824 28.796567520954667
1825 28.796567520954667
1826 28.796567520954667
1827 28.796567520954667
1828 28.796430516927195
1829 28.78655914536273
1830 28.78655914536273
1831 28.78655914536273
1832 28.78655914536273
1833 28.78655914536273
1834 28.780843282521786
1835 28.780843282521786
1836 28.780843282521786
1837 28.780843282521786
1838 28.780843282521786
1839 28.776781961220472
1840 28.776781961220472
1841 28.776781961220472
1842 28.776781961220472
1843 28.776781961220472
1844 28.771078346964597
1845 28.771078346964597
1846 28.771078346964597
1847 28.771078346964597
1848 28.771078346964597
1849 28.764000541649914
1850 28.764000541649914
1851 28.764000541649914
1852 28.764000541649914
1853 28.763259564601714
1854 28.75742805148693
1855 28.75742805148693
1856 28.75742805148693
1857 28.75742805148693
1858 28.75667151266614
1859 28.748440636993916
1860 28.748440636993916
1861 28.748440636993916
1862 28.748440636993916
1863 28.74738800828272
1864 28.741310265937607
1865 28.741310265937607
1866 28.741310265937607
1867 28.741310265937607
1868 28.741119405538832
1869 28.735461599811703
1870 28.735461599811703
1871 28.735461599811703
1872 28.735461599811703
1873 28.7325278469443
1874 28.72784014788345
1875 28.72784014788345
1876 28.72784014788345
1877 28.72784014788345
1878 28.72752098877076
1879 28.719573037648104
1880 28.719573037648104
1881 28.719573037648104
1882 28.719573037648104
1883 28.719573037648104
1884 28.71480677004451
1885 28.71480677004451
1886 28.71480677004451
1887 28.71480677004451
1888 28.714602235941687
1889 28.707099895538672
1890 28.707099895538672
1891 28.707099895538672
1892 28.707099895538672
1893 28.707099895538672
1894 28.699001642761615
1895 28.699001642761615
1896 28.699001642761615
1897 28.699001642761615
1898 28.69806215151577
1899 28.690890916691554
1900 28.690890916691554
1901 28.690890916691554
1902 28.690890916691554
1903 28.690840578857937
1904 28.683215207926676
1905 28.683215207926676
1906 28.683215207926676
1907 28.683215207926676
1908 28.68286231794195
1909 28.675665963704628
1910 28.675665963704628
1911 28.675665963704628
1912 28.675665963704628
1913 28.675502574486828
1914 28.67052593020846
1915 28.67052593020846
1916 28.67052593020846
1917 28.67052593020846
1918 28.6699063221449
1919 28.664057473658886
1920 28.664057473658886
1921 28.664057473658886
1922 28.664057473658886
1923 28.664057473658886
1924 28.658827317849205
1925 28.658827317849205
1926 28.658827317849205
1927 28.658827317849205
1928 28.658048887983842
1929 28.651162726603165
1930 28.651162726603165
1931 28.651162726603165
1932 28.651162726603165
1933 28.65026906804078
1934 28.643711831537324
1935 28.643711831537324
1936 28.643711831537324
1937 28.643711831537324
1938 28.642507964695014
1939 28.63403387910209
1940 28.63403387910209
1941 28.63403387910209
1942 28.63403387910209
1943 28.633054903982394
1944 28.626709659672436
1945 28.626709659672436
1946 28.626709659672436
1947 28.626709659672436
1948 28.626709659672436
1949 28.62148316149619
1950 28.62148316149619
1951 28.62148316149619
1952 28.62148316149619
1953 28.62148316149619
1954 28.616393974253008
1955 28.616393974253008
1956 28.616393974253008
1957 28.616393974253008
1958 28.615798784120845
1959 28.607660910634355
1960 28.607660910634355
1961 28.607660910634355
1962 28.607660910634355
1963 28.607206382477447
1964 28.60049866246281
1965 28.60049866246281
1966 28.60049866246281
1967 28.60049866246281
1968 28.60049866246281
1969 28.592853266030755
1970 28.592853266030755
1971 28.592853266030755
1972 28.592853266030755
1973 28.592853266030755
1974 28.588690031294995
1975 28.588690031294995
1976 28.588690031294995
1977 28.588690031294995
1978 28.588394128577825
1979 28.583696015068714
1980 28.583696015068714
1981 28.583696015068714
1982 28.583696015068714
1983 28.583374195264845
1984 28.57671200734811
1985 28.57671200734811
1986 28.57671200734811
1987 28.57671200734811
1988 28.57626006548012
1989 28.566784320828926
1990 28.566784320828926
1991 28.566784320828926
1992 28.566784320828926
1993 28.566616301181455
1994 28.559583607789175
1995 28.559583607789175
1996 28.559583607789175
1997 28.559583607789175
1998 28.559165657821904
1999 28.553217043747313
2000 28.553217043747313
2001 28.553217043747313
2002 28.553217043747313
2003 28.553217043747313
2004 28.544261749767376
2005 28.544261749767376
2006 28.544261749767376
2007 28.544261749767376
2008 28.543666087400954
2009 28.53642964214947
2010 28.53642964214947
2011 28.53642964214947
2012 28.53642964214947
2013 28.535650254499565
2014 28.530419073510007
2015 28.530419073510007
2016 28.530419073510007
2017 28.530419073510007
2018 28.53020690160816
2019 28.52301084843342
2020 28.52301084843342
2021 28.52301084843342
2022 28.52301084843342
2023 28.522802691203236
2024 28.5172312748041
2025 28.5172312748041
2026 28.5172312748041
2027 28.5172312748041
2028 28.51700996726021
2029 28.51079291412007
2030 28.51079291412007
2031 28.51079291412007
2032 28.51079291412007
2033 28.510412058212648
2034 28.501656248883567
2035 28.501656248883567
2036 28.501656248883567
2037 28.501656248883567
2038 28.500655721084044
2039 28.494226982875446
2040 28.494226982875446
2041 28.494226982875446
2042 28.494226982875446
2043 28.49364717419386
2044 28.48918683711575
2045 28.48918683711575
2046 28.48918683711575
2047 28.48918683711575
2048 28.48902519957788
2049 28.481877368532988
2050 28.481877368532988
2051 28.481877368532988
2052 28.481877368532988
2053 28.480394303583058
2054 28.473296833786506
2055 28.473296833786506
2056 28.473296833786506
2057 28.473296833786506
2058 28.472437725370945
2059 28.466691658339627
2060 28.466691658339627
2061 28.466691658339627
2062 28.466691658339627
2063 28.46601375365362
2064 28.45971590155761
2065 28.45971590155761
2066 28.45971590155761
2067 28.45971590155761
2068 28.45971590155761
2069 28.454076732058322
2070 28.454076732058322
2071 28.454076732058322
2072 28.454076732058322
2073 28.454076732058322
2074 28.447259457884197
2075 28.447259457884197
2076 28.447259457884197
2077 28.447259457884197
2078 28.44662330099949
2079 28.44132592760798
2080 28.44132592760798
2081 28.44132592760798
2082 28.44132592760798
2083 28.44071894956413
2084 28.43529639409989
2085 28.43529639409989
2086 28.43529639409989
2087 28.43529639409989
2088 28.43529639409989
2089 28.429333472043048
2090 28.429333472043048
2091 28.429333472043048
2092 28.429333472043048
2093 28.42782863775892
2094 28.421069262754454
2095 28.421069262754454
2096 28.421069262754454
2097 28.421069262754454
2098 28.4203458491876
2099 28.40826317625825
2100 28.40826317625825
2101 28.40826317625825
2102 28.40826317625825
2103 28.402610999633737
2104 28.39554902253568
2105 28.39554902253568
2106 28.39554902253568
2107 28.39554902253568
2108 28.395096809512907
2109 28.38564949828789
2110 28.38564949828789
2111 28.38564949828789
2112 28.38564949828789
2113 28.38413005243175
2114 28.379686807779027
2115 28.379686807779027
2116 28.379686807779027
2117 28.379686807779027
2118 28.37950681868667
2119 28.37385536418423
2120 28.37385536418423
2121 28.37385536418423
2122 28.37385536418423
2123 28.37383691360425
2124 28.36594363069437
2125 28.36594363069437
2126 28.36594363069437
2127 28.36594363069437
2128 28.3657185662075
2129 28.359546621604512
2130 28.359546621604512
2131 28.359546621604512
2132 28.359546621604512
2133 28.359100444349853
2134 28.354847716684112
2135 28.354847716684112
2136 28.354847716684112
2137 28.354847716684112
2138 28.3547145523374
2139 28.349879294894468
2140 28.349879294894468
2141 28.349879294894468
2142 28.349879294894468
2143 28.349717331560175
2144 28.34273067153777
2145 28.34273067153777
2146 28.34273067153777
2147 28.34273067153777
2148 28.34273067153777
2149 28.33602910612453
2150 28.33602910612453
2151 28.33602910612453
2152 28.33602910612453
2153 28.335830615646177
2154 28.329803054523413
2155 28.329803054523413
2156 28.329803054523413
2157 28.329803054523413
2158 28.327854906486774
2159 28.320833496807236
2160 28.320833496807236
2161 28.320833496807236
2162 28.320833496807236
2163 28.31904512682923
2164 28.311698551579425
2165 28.311698551579425
2166 28.311698551579425
2167 28.311698551579425
2168 28.31034479898069
2169 28.30254320880431
2170 28.30254320880431
2171 28.30254320880431
2172 28.30254320880431
2173 28.30185867889854
2174 28.294129636490748
2175 28.294129636490748
2176 28.294129636490748
2177 28.294129636490748
2178 28.293916177264325
2179 28.287695793777793
2180 28.287695793777793
2181 28.287695793777793
2182 28.287695793777793
2183 28.287001994569643
2184 28.28252407968109
2185 28.28252407968109
2186 28.28252407968109
2187 28.28252407968109
2188 28.28162895740315
2189 28.27491950890459
2190 28.27491950890459
2191 28.27491950890459
2192 28.27491950890459
2193 28.274406134235843
2194 28.267697434949678
2195 28.267697434949678
2196 28.267697434949678
2197 28.267697434949678
2198 28.267491497645
2199 28.260493298938872
2200 28.260493298938872
2201 28.260493298938872
2202 28.260493298938872
2203 28.259544301117376
2204 28.252665236128866
2205 28.252665236128866
2206 28.252665236128866
2207 28.252665236128866
2208 28.251429764446
2209 28.243536252297595
2210 28.243536252297595
2211 28.243536252297595
2212 28.243536252297595
2213 28.243536252297595
2214 28.238205393814674
2215 28.238205393814674
2216 28.238205393814674
2217 28.238205393814674
2218 28.238109202584
2219 28.231775984389106
2220 28.231775984389106
2221 28.231775984389106
2222 28.231775984389106
2223 28.23174905922472
2224 28.224595229643718
2225 28.224595229643718
2226 28.224595229643718
2227 28.224595229643718
2228 28.22443836779936
2229 28.2167945724432
2230 28.2167945724432
2231 28.2167945724432
2232 28.2167945724432
2233 28.216040226648094
2234 28.209006744498602
2235 28.209006744498602
2236 28.209006744498602
2237 28.209006744498602
2238 28.20774633843199
2239 28.201724189152447
2240 28.201724189152447
2241 28.201724189152447
2242 28.201724189152447
2243 28.201183708271667
2244 28.193457532815362
2245 28.193457532815362
2246 28.193457532815362
2247 28.193457532815362
2248 28.19264656710861
2249 28.18322973533587
2250 28.18322973533587
2251 28.18322973533587
2252 28.18322973533587
2253 28.18210635623606
2254 28.172834528371943
2255 28.172834528371943
2256 28.172834528371943
2257 28.172834528371943
2258 28.172733431660774
2259 28.165757142237883
2260 28.165757142237883
2261 28.165757142237883
2262 28.165757142237883
2263 28.165037713198405
2264 28.159202798210632
2265 28.159202798210632
2266 28.159202798210632
2267 28.159202798210632
2268 28.15899197752391
2269 28.151694270443137
2270 28.151694270443137
2271 28.151694270443137
2272 28.151694270443137
2273 28.151694270443137
2274 28.146245879463336
2275 28.146245879463336
2276 28.146245879463336
2277 28.146245879463336
2278 28.146081363660432
2279 28.14014501966925
2280 28.14014501966925
2281 28.14014501966925
2282 28.14014501966925
2283 28.138844068182696
2284 28.132890967934838
2285 28.132890967934838
2286 28.132890967934838
2287 28.132443232986542
2288 28.13163789151215
2289 28.125437420186987
2290 28.125437420186987
2291 28.125437420186987
2292 28.125437420186987
2293 28.124210677110582
2294 28.116935927525574
2295 28.116935927525574
2296 28.116935927525574
2297 28.116935927525574
2298 28.11536239472984
2299 28.109379484746245
2300 28.109379484746245
2301 28.109379484746245
2302 28.109379484746245
2303 28.108967875549087
2304 28.103113530335126
2305 28.103113530335126
2306 28.103113530335126
2307 28.103113530335126
2308 28.10212558426954
2309 28.09641840762581
2310 28.09641840762581
2311 28.09641840762581
2312 28.09641840762581
2313 28.096153741036744
2314 28.090174204096193
2315 28.090174204096193
2316 28.090174204096193
2317 28.090174204096193
2318 28.089568420257983
2319 28.080804994509755
2320 28.080804994509755
2321 28.080804994509755
2322 28.080804994509755
2323 28.080609600206113
2324 28.0751606944205
2325 28.0751606944205
2326 28.0751606944205
2327 28.0751606944205
2328 28.075104676121054
2329 28.06999436889307
2330 28.06999436889307
2331 28.06999436889307
2332 28.06999436889307
2333 28.068974062310588
2334 28.063291549886966
2335 28.063291549886966
2336 28.063291549886966
2337 28.063291549886966
2338 28.06295501630108
2339 28.055547591554717
2340 28.055547591554717
2341 28.055547591554717
2342 28.055547591554717
2343 28.05485124655375
2344 28.04932744211675
2345 28.04932744211675
2346 28.04932744211675
2347 28.04932744211675
2348 28.048838713068854
2349 28.042365248714876
2350 28.042365248714876
2351 28.042365248714876
2352 28.042365248714876
2353 28.040298011003973
2354 28.033382587722805
2355 28.033382587722805
2356 28.033382587722805
2357 28.033382587722805
2358 28.03295443402951
2359 28.027674034454453
2360 28.027674034454453
2361 28.027674034454453
2362 28.027674034454453
2363 28.02748379848992
2364 28.01924595639105
2365 28.01924595639105
2366 28.01924595639105
2367 28.01924595639105
2368 28.01803287685273
2369 28.013358564094865
2370 28.013358564094865
2371 28.013358564094865
2372 28.013358564094865
2373 28.013358564094865
2374 28.007468624797276
2375 28.007468624797276
2376 28.007468624797276
2377 28.007468624797276
2378 28.00737301152668
2379 28.001380772829087
2380 28.001380772829087
2381 28.001380772829087
2382 28.001380772829087
2383 28.0010815873899
2384 27.994939450887703
2385 27.994939450887703
2386 27.994939450887703
2387 27.994939450887703
2388 27.994049342494836
2389 27.985700735955955
2390 27.985700735955955
2391 27.985700735955955
2392 27.985700735955955
2393 27.984386482232868
2394 27.979332927554534
2395 27.979332927554534
2396 27.979332927554534
2397 27.979332927554534
2398 27.979015299335778
2399 27.973915386168848
2400 27.973915386168848
2401 27.973915386168848
2402 27.973915386168848
2403 27.973015410371485
2404 27.96637902491288
2405 27.96637902491288
2406 27.96637902491288
2407 27.96637902491288
2408 27.966344179816705
2409 27.960677982302204
2410 27.960677982302204
2411 27.960677982302204
2412 27.960677982302204
2413 27.96040533187302
2414 27.952732749742626
2415 27.952732749742626
2416 27.952732749742626
2417 27.952732749742626
2418 27.952266325330893
2419 27.946537055642526
2420 27.946537055642526
2421 27.946537055642526
2422 27.946537055642526
2423 27.94602066721903
2424 27.941665347509122
2425 27.941665347509122
2426 27.941665347509122
2427 27.941665347509122
2428 27.940225588374613
2429 27.93394070959381
2430 27.93394070959381
2431 27.93394070959381
2432 27.93394070959381
2433 27.93313724140395
2434 27.92741227128546
2435 27.92741227128546
2436 27.92741227128546
2437 27.92741227128546
2438 27.92532694316599
2439 27.92131271264041
2440 27.92131271264041
2441 27.92131271264041
2442 27.92131271264041
2443 27.921013663460386
2444 27.91570068222789
2445 27.91570068222789
2446 27.91570068222789
2447 27.91570068222789
2448 27.914529606190023
2449 27.90768104811226
2450 27.90768104811226
2451 27.90768104811226
2452 27.90768104811226
2453 27.9063286719166
2454 27.898979866039245
2455 27.898979866039245
2456 27.898979866039245
2457 27.898979866039245
2458 27.898919688135674
2459 27.893528933673505
2460 27.893528933673505
2461 27.893528933673505
2462 27.893528933673505
2463 27.893487009920964
2464 27.887894435919367
2465 27.887894435919367
2466 27.887894435919367
2467 27.887894435919367
2468 27.88756127391747
2469 27.882273244052655
2470 27.882273244052655
2471 27.882273244052655
2472 27.882273244052655
2473 27.881765703021372
2474 27.87365119264752
2475 27.87365119264752
2476 27.87365119264752
2477 27.87365119264752
2478 27.873446389293665
2479 27.866505240483626
2480 27.866505240483626
2481 27.866505240483626
2482 27.866505240483626
2483 27.86427904032003
2484 27.85676813313098
2485 27.85676813313098
2486 27.85676813313098
2487 27.85676813313098
2488 27.85533324314644
2489 27.848932294842946
2490 27.848932294842946
2491 27.848932294842946
2492 27.848932294842946
2493 27.848509119679115
2494 27.841354639495332
2495 27.841354639495332
2496 27.841354639495332
2497 27.841354639495332
2498 27.84117531746613
2499 27.836348732731853
2500 27.836348732731853
2501 27.836348732731853
2502 27.836348732731853
2503 27.83474253093648
2504 27.82949818970951
2505 27.82949818970951
2506 27.82949818970951
2507 27.82949818970951
2508 27.82850296483725
2509 27.82086053109524
2510 27.82086053109524
2511 27.82086053109524
2512 27.82086053109524
2513 27.820413828090288
2514 27.813922744096885
2515 27.813922744096885
2516 27.813922744096885
2517 27.813922744096885
2518 27.81291032270226
2519 27.806451797268878
2520 27.806451797268878
2521 27.806451797268878
2522 27.806451797268878
2523 27.805657791393703
2524 27.799562533688245
2525 27.799562533688245
2526 27.799562533688245
2527 27.799562533688245
2528 27.799223970111672
2529 27.793859040203134
2530 27.793859040203134
2531 27.793859040203134
2532 27.793859040203134
2533 27.793534382134442
2534 27.787815862922685
2535 27.787815862922685
2536 27.787815862922685
2537 27.787815862922685
2538 27.78738775343779
2539 27.781859498428627
2540 27.781859498428627
2541 27.781859498428627
2542 27.781859498428627
2543 27.781122842610426
2544 27.773865852773575
2545 27.773865852773575
2546 27.773865852773575
2547 27.773865852773575
2548 27.772471685681364
2549 27.765537688506853
2550 27.765537688506853
2551 27.765537688506853
2552 27.765537688506853
2553 27.76463563283075
2554 27.75810340915583
2555 27.75810340915583
2556 27.75810340915583
2557 27.75810340915583
2558 27.75708816472637
2559 27.75170590256479
2560 27.75170590256479
2561 27.75170590256479
2562 27.75170590256479
2563 27.7511591513265
2564 27.745972898932006
2565 27.745972898932006
2566 27.745972898932006
2567 27.745972898932006
2568 27.74444908488841
2569 27.738302711047357
2570 27.738302711047357
2571 27.738302711047357
2572 27.738302711047357
2573 27.73469206481948
2574 27.72847336920176
2575 27.72847336920176
2576 27.72847336920176
2577 27.72847336920176
2578 27.727956982850124
2579 27.721349487483607
2580 27.721349487483607
2581 27.721349487483607
2582 27.721349487483607
2583 27.719789648934082
2584 27.713821631916666
2585 27.713821631916666
2586 27.713821631916666
2587 27.713821631916666
2588 27.71283007318109
2589 27.707213171893056
2590 27.707213171893056
2591 27.707213171893056
2592 27.707213171893056
2593 27.705607719680156
2594 27.699693022334763
2595 27.699693022334763
2596 27.699693022334763
2597 27.699693022334763
2598 27.698129646527875
2599 27.691063205674435
2600 27.691063205674435
2601 27.691063205674435
2602 27.691063205674435
2603 27.691022406890934
2604 27.68545013339128
2605 27.68545013339128
2606 27.68545013339128
2607 27.68545013339128
2608 27.68393059620401
2609 27.67694386700152
2610 27.67694386700152
2611 27.67694386700152
2612 27.67694386700152
2613 27.676502543419527
2614 27.669270934343118
2615 27.669270934343118
2616 27.669270934343118
2617 27.669270934343118
2618 27.668460430836415
2619 27.66233013818144
2620 27.66233013818144
2621 27.66233013818144
2622 27.66233013818144
2623 27.66233013818144
2624 27.657132559201393
2625 27.657132559201393
2626 27.657132559201393
2627 27.657132559201393
2628 27.653727799187212
2629 27.646976166785144
2630 27.646976166785144
2631 27.646976166785144
2632 27.646976166785144
2633 27.64637427573678
2634 27.64028609748829
2635 27.64028609748829
2636 27.64028609748829
2637 27.64028609748829
2638 27.63955473755309
2639 27.63275287642214
2640 27.63275287642214
2641 27.63275287642214
2642 27.63275287642214
2643 27.6322305264204
2644 27.625605173023168
2645 27.625605173023168
2646 27.625605173023168
2647 27.625605173023168
2648 27.6244461675141
2649 27.618031210360794
2650 27.618031210360794
2651 27.618031210360794
2652 27.618031210360794
2653 27.617105612101543
2654 27.61046974556358
2655 27.61046974556358
2656 27.61046974556358
2657 27.61046974556358
2658 27.609074578283266
2659 27.601812766278496
2660 27.601812766278496
2661 27.601812766278496
2662 27.601812766278496
2663 27.59972235615564
2664 27.592642086416575
2665 27.592642086416575
2666 27.592642086416575
2667 27.592642086416575
2668 27.592205872898397
2669 27.586127649592413
2670 27.586127649592413
2671 27.586127649592413
2672 27.586127649592413
2673 27.5856453756515
2674 27.580990503423855
2675 27.580990503423855
2676 27.580990503423855
2677 27.580990503423855
2678 27.579022449896282
2679 27.57266785434853
2680 27.57266785434853
2681 27.57266785434853
2682 27.57266785434853
2683 27.57258736207466
2684 27.567173461776402
2685 27.567173461776402
2686 27.567173461776402
2687 27.567173461776402
2688 27.566644695850552
2689 27.560152616039947
2690 27.560152616039947
2691 27.560152616039947
2692 27.560152616039947
2693 27.559161894291385
2694 27.552470458743542
2695 27.552470458743542
2696 27.552470458743542
2697 27.552470458743542
2698 27.55178622909136
2699 27.54655320841026
2700 27.54655320841026
2701 27.54655320841026
2702 27.54655320841026
2703 27.54546092686564
2704 27.540164668380807
2705 27.540164668380807
2706 27.540164668380807
2707 27.540164668380807
2708 27.539372791089708
2709 27.532024322643316
2710 27.532024322643316
2711 27.532024322643316
2712 27.532024322643316
2713 27.5309047274048
2714 27.523211927455193
2715 27.523211927455193
2716 27.523211927455193
2717 27.523211927455193
2718 27.522645625510645
2719 27.518247889793553
2720 27.518247889793553
2721 27.518247889793553
2722 27.518247889793553
2723 27.517172718202136
2724 27.50977730429055
2725 27.50977730429055
2726 27.50977730429055
2727 27.50977730429055
2728 27.50963944757474
2729 27.50270364989299
2730 27.50270364989299
2731 27.50270364989299
2732 27.50270364989299
2733 27.5026230518376
2734 27.498988557846438
2735 27.498988557846438
2736 27.498988557846438
2737 27.498988557846438
2738 27.498988557846438
2739 27.49466779104597
2740 27.49466779104597
2741 27.49466779104597
2742 27.49466779104597
2743 27.49389525751349
2744 27.48987628495358
2745 27.48987628495358
2746 27.48987628495358
2747 27.48987628495358
2748 27.489852585052613
2749 27.483734798365578
2750 27.483734798365578
2751 27.483734798365578
2752 27.483734798365578
2753 27.483292742220744
2754 27.477088328809014
2755 27.477088328809014
2756 27.477088328809014
2757 27.477088328809014
2758 27.476633440253288
2759 27.469790581858756
2760 27.469790581858756
2761 27.469790581858756
2762 27.469790581858756
2763 27.468384965560723
2764 27.460567067421305
2765 27.460567067421305
2766 27.460567067421305
2767 27.460567067421305
2768 27.459576753930598
2769 27.454355592714148
2770 27.454355592714148
2771 27.454355592714148
2772 27.454355592714148
2773 27.454199182013387
2774 27.44925747803393
2775 27.44925747803393
2776 27.44925747803393
2777 27.44925747803393
2778 27.44868431244749
2779 27.442649666345243
2780 27.442649666345243
2781 27.442649666345243
2782 27.442649666345243
2783 27.44124556444996
2784 27.43571068120365
2785 27.43571068120365
2786 27.43571068120365
2787 27.43571068120365
2788 27.43428778270844
2789 27.42885921484138
2790 27.42885921484138
2791 27.42885921484138
2792 27.42885921484138
2793 27.428063849188316
2794 27.42204365629634
2795 27.42204365629634
2796 27.42204365629634
2797 27.420431960549326
2798 27.420148626024957
2799 27.414706041519768
2800 27.414706041519768
2801 27.414706041519768
2802 27.414706041519768
2803 27.41363569968409
2804 27.408589032513124
2805 27.408589032513124
2806 27.408589032513124
2807 27.408589032513124
2808 27.408111278347384
2809 27.401463379008494
2810 27.401463379008494
2811 27.401463379008494
2812 27.401463379008494
2813 27.401236868868413
2814 27.39542725353638
2815 27.39542725353638
2816 27.39542725353638
2817 27.39542725353638
2818 27.39513521326405
2819 27.38895461272704
2820 27.38895461272704
2821 27.38895461272704
2822 27.38895461272704
2823 27.387711318395255
2824 27.382037361532376
2825 27.382037361532376
2826 27.382037361532376
2827 27.382037361532376
2828 27.38171793302862
2829 27.3761753345449
2830 27.3761753345449
2831 27.3761753345449
2832 27.3761753345449
2833 27.37599684479699
2834 27.37137113096633
2835 27.37137113096633
2836 27.37137113096633
2837 27.37137113096633
2838 27.370914268819213
2839 27.36475446178553
2840 27.36475446178553
2841 27.36475446178553
2842 27.36475446178553
2843 27.36411487511178
2844 27.358026636529576
2845 27.358026636529576
2846 27.358026636529576
2847 27.358026636529576
2848 27.357528151783104
2849 27.352147412740404
2850 27.352147412740404
2851 27.352147412740404
2852 27.352147412740404
2853 27.351536002217035
2854 27.344725128174268
2855 27.344725128174268
2856 27.344725128174268
2857 27.344725128174268
2858 27.344051473399393
2859 27.338482231054737
2860 27.338482231054737
2861 27.338482231054737
2862 27.338482231054737
2863 27.33640985806379
2864 27.329964065403864
2865 27.329964065403864
2866 27.329964065403864
2867 27.329964065403864
2868 27.32944684147125
2869 27.3246368801089
2870 27.3246368801089
2871 27.3246368801089
2872 27.3246368801089
2873 27.32413673810691
2874 27.318959288201892
2875 27.318959288201892
2876 27.318959288201892
2877 27.318959288201892
2878 27.318785294987432
2879 27.314113278178795
2880 27.314113278178795
2881 27.314113278178795
2882 27.314113278178795
2883 27.31361411943287
2884 27.30925214442376
2885 27.30925214442376
2886 27.30925214442376
2887 27.30925214442376
2888 27.30806507125408
2889 27.30123668011588
2890 27.30123668011588
2891 27.30123668011588
2892 27.30123668011588
2893 27.300149832608618
2894 27.29395666576732
2895 27.29395666576732
2896 27.29395666576732
2897 27.29395666576732
2898 27.2934936961648
2899 27.287208535400843
2900 27.287208535400843
2901 27.287208535400843
2902 27.287208535400843
2903 27.28684923923036
2904 27.280879471654593
2905 27.280879471654593
2906 27.280879471654593
2907 27.280879471654593
2908 27.280490468767272
2909 27.27285475218253
2910 27.27285475218253
2911 27.27285475218253
2912 27.27285475218253
2913 27.272117633518967
2914 27.26606710576307
2915 27.26606710576307
2916 27.26606710576307
2917 27.26595342068491
2918 27.26552648974417
2919 27.25978044976778
2920 27.25978044976778
2921 27.25978044976778
2922 27.25978044976778
2923 27.258340133173522
2924 27.252085185467447
2925 27.252085185467447
2926 27.252085185467447
2927 27.252085185467447
2928 27.250614572840025
2929 27.243087731967975
2930 27.243087731967975
2931 27.243087731967975
2932 27.243087731967975
2933 27.240848653152693
2934 27.233235479225673
2935 27.233235479225673
2936 27.233235479225673
2937 27.233235479225673
2938 27.232790897725394
2939 27.226792621844552
2940 27.226792621844552
2941 27.226792621844552
2942 27.226792621844552
2943 27.226349894250724
2944 27.21994880523578
2945 27.21994880523578
2946 27.21994880523578
2947 27.21994880523578
2948 27.219037457831984
2949 27.211871183322987
2950 27.211871183322987
2951 27.211871183322987
2952 27.211871183322987
2953 27.211501556102682
2954 27.2052533152031
2955 27.2052533152031
2956 27.2052533152031
2957 27.2052533152031
2958 27.205142018360238
2959 27.199999392572302
2960 27.199999392572302
2961 27.199999392572302
2962 27.199999392572302
2963 27.198628779663252
2964 27.192606256713287
2965 27.192606256713287
2966 27.192606256713287
2967 27.192606256713287
2968 27.191585026586658
2969 27.185482591297287
2970 27.185482591297287
2971 27.185482591297287
2972 27.185482591297287
2973 27.18476034462879
2974 27.179140360669283
2975 27.179140360669283
2976 27.179140360669283
2977 27.179140360669283
2978 27.17873716924148
2979 27.173933894585264
2980 27.173933894585264
2981 27.173933894585264
2982 27.173933894585264
2983 27.173313471958068
2984 27.166502094057137
2985 27.166502094057137
2986 27.166502094057137
2987 27.166502094057137
2988 27.165850387790627
2989 27.16043995793009
2990 27.16043995793009
2991 27.16043995793009
2992 27.16043995793009
2993 27.15991430773702
2994 27.154299615087208
2995 27.154299615087208
2996 27.154299615087208
2997 27.154299615087208
2998 27.153979533873255
2999 27.14790507124264
3000 27.14790507124264
3001 27.14790507124264
3002 27.14790507124264
3003 27.14786513683841
3004 27.142907804571646
3005 27.142907804571646
3006 27.142907804571646
3007 27.142907804571646
3008 27.14172936243982
3009 27.136334766260656
3010 27.136334766260656
3011 27.136334766260656
3012 27.136334766260656
3013 27.13478371740943
3014 27.129465546293115
3015 27.129465546293115
3016 27.129465546293115
3017 27.129465546293115
3018 27.12945523668782
3019 27.123506582871393
3020 27.123506582871393
3021 27.123506582871393
3022 27.123506582871393
3023 27.12292194872164
3024 27.11729283869609
3025 27.11729283869609
3026 27.11729283869609
3027 27.11729283869609
3028 27.116923954470046
3029 27.11202140700091
3030 27.11202140700091
3031 27.11202140700091
3032 27.11202140700091
3033 27.111221246975468
3034 27.10537859801481
3035 27.10537859801481
3036 27.10537859801481
3037 27.10537859801481
3038 27.104687921683823
3039 27.100001489749065
3040 27.100001489749065
3041 27.100001489749065
3042 27.100001489749065
3043 27.099461626259274
3044 27.094331225128894
3045 27.094331225128894
3046 27.094331225128894
3047 27.094331225128894
3048 27.093723512321397
3049 27.087428209602727
3050 27.087428209602727
3051 27.087428209602727
3052 27.087428209602727
3053 27.08711448712046
3054 27.081334623846825
3055 27.081334623846825
3056 27.081334623846825
3057 27.081334623846825
3058 27.080889942294995
3059 27.074907517721932
3060 27.074907517721932
3061 27.074907517721932
3062 27.074907517721932
3063 27.074570228717718
3064 27.068150216553647
3065 27.068150216553647
3066 27.068150216553647
3067 27.068150216553647
3068 27.0675629095664
3069 27.059776130917257
3070 27.059776130917257
3071 27.059776130917257
3072 27.059776130917257
3073 27.059005693266204
3074 27.052580056634646
3075 27.052580056634646
3076 27.052580056634646
3077 27.052580056634646
3078 27.051897841970206
3079 27.04494950543533
3080 27.04494950543533
3081 27.04494950543533
3082 27.04494950543533
3083 27.044221821059683
3084 27.038621298049414
3085 27.038621298049414
3086 27.038621298049414
3087 27.038621298049414
3088 27.03742979745268
3089 27.02965190444487
3090 27.02965190444487
3091 27.02965190444487
3092 27.02965190444487
3093 27.0291481780638
3094 27.022707955723025
3095 27.022707955723025
3096 27.022707955723025
3097 27.022232357225285
3098 27.018748806286258
3099 27.011369185515584
3100 27.011369185515584
3101 27.011369185515584
3102 27.011369185515584
3103 27.00995784594153
3104 27.004630467306413
3105 27.004630467306413
3106 27.004630467306413
3107 27.004630467306413
3108 27.00399710995078
3109 26.998153842886502
3110 26.998153842886502
3111 26.998153842886502
3112 26.998153842886502
3113 26.996995526893947
3114 26.991864827113975
3115 26.991864827113975
3116 26.991864827113975
3117 26.991864827113975
3118 26.9915641164179
3119 26.985266848952786
3120 26.985266848952786
3121 26.985266848952786
3122 26.985266848952786
3123 26.98454148145536
3124 26.9786802115175
3125 26.9786802115175
3126 26.9786802115175
3127 26.9786802115175
3128 26.977037345458886
3129 26.971508072239203
3130 26.971508072239203
3131 26.971508072239203
3132 26.971508072239203
3133 26.971468801420155
3134 26.96608469512083
3135 26.96608469512083
3136 26.96608469512083
3137 26.96608469512083
3138 26.965421258130732
3139 26.95952699596665
3140 26.95952699596665
3141 26.95952699596665
3142 26.95952699596665
3143 26.95921461626898
3144 26.953992911815643
3145 26.953992911815643
3146 26.953992911815643
3147 26.953992911815643
3148 26.953672036538265
3149 26.94785336442413
3150 26.94785336442413
3151 26.94785336442413
3152 26.94785336442413
3153 26.947587083378835
3154 26.943056149800125
3155 26.943056149800125
3156 26.943056149800125
3157 26.943056149800125
3158 26.9425461299719
3159 26.937274953159374
3160 26.937274953159374
3161 26.937274953159374
3162 26.937274953159374
3163 26.93659951523622
3164 26.93161561666871
3165 26.93161561666871
3166 26.93161561666871
3167 26.93161561666871
3168 26.9307875726883
3169 26.92597611246726
3170 26.92597611246726
3171 26.92597611246726
3172 26.92597611246726
3173 26.92568670466358
3174 26.921782243876144
3175 26.921782243876144
3176 26.921782243876144
3177 26.921782243876144
3178 26.920068863637777
3179 26.91339057626052
3180 26.91339057626052
3181 26.91339057626052
3182 26.91339057626052
3183 26.912752104806593
3184 26.907425631244863
3185 26.907425631244863
3186 26.907425631244863
3187 26.907425631244863
3188 26.906655659292362
3189 26.901202386610564
3190 26.901202386610564
3191 26.901202386610564
3192 26.901202386610564
3193 26.900810323203665
3194 26.896232440876442
3195 26.896232440876442
3196 26.896232440876442
3197 26.896232440876442
3198 26.89590083493854
3199 26.889138297905838
3200 26.889138297905838
3201 26.889138297905838
3202 26.889138297905838
3203 26.88873392306623
3204 26.881580114391543
3205 26.881580114391543
3206 26.881580114391543
3207 26.881580114391543
3208 26.87959686726467
3209 26.87407859742894
3210 26.87407859742894
3211 26.87407859742894
3212 26.87407859742894
3213 26.873778138252337
3214 26.86883667842395
3215 26.86883667842395
3216 26.86883667842395
3217 26.86883667842395
3218 26.868173920373717
3219 26.86235612432659
3220 26.86235612432659
3221 26.86235612432659
3222 26.86235612432659
3223 26.860868867097327
3224 26.855081225254743
3225 26.855081225254743
3226 26.855081225254743
3227 26.855081225254743
3228 26.853862168057155
3229 26.848269498873385
3230 26.848269498873385
3231 26.848269498873385
3232 26.848269498873385
3233 26.84775455193928
3234 26.84207863682964
3235 26.84207863682964
3236 26.84207863682964
3237 26.84207863682964
3238 26.840863386067635
3239 26.834834519114626
3240 26.834834519114626
3241 26.834834519114626
3242 26.834834519114626
3243 26.83416059465976
3244 26.828522197804368
3245 26.828522197804368
3246 26.828522197804368
3247 26.828522197804368
3248 26.826407608720658
3249 26.82202456897541
3250 26.82202456897541
3251 26.82202456897541
3252 26.82202456897541
3253 26.821221211969362
3254 26.815518298733068
3255 26.815518298733068
3256 26.815518298733068
3257 26.815518298733068
3258 26.815263469490695
3259 26.80987328365753
3260 26.80987328365753
3261 26.80987328365753
3262 26.80987328365753
3263 26.80874006339941
3264 26.802275957824232
3265 26.802275957824232
3266 26.802275957824232
3267 26.802275957824232
3268 26.80169759855942
3269 26.795831028533623
3270 26.795831028533623
3271 26.795831028533623
3272 26.795394407253717
3273 26.794617990277352
3274 26.787597004441203
3275 26.787597004441203
3276 26.787597004441203
3277 26.787597004441203
3278 26.7868031385511
3279 26.78022190257351
3280 26.78022190257351
3281 26.78022190257351
3282 26.78022190257351
3283 26.779202613190495
3284 26.772299123150294
3285 26.772299123150294
3286 26.772299123150294
3287 26.772299123150294
3288 26.772050871762033
3289 26.766290456364352
3290 26.766290456364352
3291 26.766290456364352
3292 26.766290456364352
3293 26.765394991034665
3294 26.757143868383956
3295 26.757143868383956
3296 26.757143868383956
3297 26.757143868383956
3298 26.756487654918473
3299 26.749453278622887
3300 26.749453278622887
3301 26.749453278622887
3302 26.749453278622887
3303 26.749342552406787
3304 26.74195918589337
3305 26.74195918589337
3306 26.74195918589337
3307 26.74195918589337
3308 26.74084925548883
3309 26.734671244593763
3310 26.734671244593763
3311 26.734671244593763
3312 26.734671244593763
3313 26.733899914499116
3314 26.728335721629225
3315 26.728335721629225
3316 26.728335721629225
3317 26.728335721629225
3318 26.728069064244476
3319 26.721972551239155
3320 26.721972551239155
3321 26.721972551239155
3322 26.721972551239155
3323 26.721074410728818
3324 26.715485000240157
3325 26.715485000240157
3326 26.715485000240157
3327 26.715485000240157
3328 26.714631466609188
3329 26.70904601582871
3330 26.70904601582871
3331 26.70904601582871
3332 26.70904601582871
3333 26.708195005635893
3334 26.70212247559617
3335 26.70212247559617
3336 26.70212247559617
3337 26.70212247559617
3338 26.70177305112901
3339 26.69625120985586
3340 26.69625120985586
3341 26.69625120985586
3342 26.69625120985586
3343 26.695592756393637
3344 26.690465777920295
3345 26.690465777920295
3346 26.690465777920295
3347 26.690465777920295
3348 26.69014792933093
3349 26.685152160097008
3350 26.685152160097008
3351 26.685152160097008
3352 26.685152160097008
3353 26.68422390934753
3354 26.6791280451219
3355 26.6791280451219
3356 26.6791280451219
3357 26.6791280451219
3358 26.677820376200753
3359 26.67118357184027
3360 26.67118357184027
3361 26.67118357184027
3362 26.67118357184027
3363 26.669867318644606
3364 26.66440115416158
3365 26.66440115416158
3366 26.66440115416158
3367 26.66440115416158
3368 26.66381779671037
3369 26.657158060746248
3370 26.657158060746248
3371 26.657158060746248
3372 26.657158060746248
3373 26.656654257767293
3374 26.651124539998303
3375 26.651124539998303
3376 26.651124539998303
3377 26.651124539998303
3378 26.64972152251419
3379 26.642927529826338
3380 26.642927529826338
3381 26.642927529826338
3382 26.642927529826338
3383 26.6414388637313
3384 26.637216811821006
3385 26.637216811821006
3386 26.637216811821006
3387 26.637216811821006
3388 26.636754792565036
3389 26.6313746111004
3390 26.6313746111004
3391 26.6313746111004
3392 26.6313746111004
3393 26.630124876262563
3394 26.624811683921575
3395 26.624811683921575
3396 26.624811683921575
3397 26.624811683921575
3398 26.623913048497
3399 26.61861214124248
3400 26.61861214124248
3401 26.61861214124248
3402 26.61861214124248
3403 26.618147256201663
3404 26.611356076575515
3405 26.611356076575515
3406 26.611356076575515
3407 26.611356076575515
3408 26.609450329598904
3409 26.60313700754277
3410 26.60313700754277
3411 26.60313700754277
3412 26.60313700754277
3413 26.60136675407814
3414 26.595017637549088
3415 26.595017637549088
3416 26.595017637549088
3417 26.595017637549088
3418 26.594170946019084
3419 26.58888532450318
3420 26.58888532450318
3421 26.58888532450318
3422 26.58888532450318
3423 26.588842009508163
3424 26.5838163534208
3425 26.5838163534208
3426 26.5838163534208
3427 26.5838163534208
3428 26.58278163521428
3429 26.57450046911399
3430 26.57450046911399
3431 26.57450046911399
3432 26.57450046911399
3433 26.57231247048434
3434 26.565665635078663
3435 26.565665635078663
3436 26.565665635078663
3437 26.565539986049714
3438 26.563239504786395
3439 26.557727955449487
3440 26.557727955449487
3441 26.557727955449487
3442 26.557727955449487
3443 26.557148179888646
3444 26.549914523571648
3445 26.549914523571648
3446 26.549914523571648
3447 26.549914523571648
3448 26.54844803644592
3449 26.543652980721973
3450 26.543652980721973
3451 26.543652980721973
3452 26.543652980721973
3453 26.543448106212587
3454 26.539063291676083
3455 26.539063291676083
3456 26.539063291676083
3457 26.539063291676083
3458 26.538004579522635
3459 26.5316248933923
3460 26.5316248933923
3461 26.5316248933923
3462 26.5316248933923
3463 26.52985331036296
3464 26.523678213422833
3465 26.523678213422833
3466 26.523678213422833
3467 26.523678213422833
3468 26.52305523921513
3469 26.51744683781692
3470 26.51744683781692
3471 26.51744683781692
3472 26.51744683781692
3473 26.516659157223344
3474 26.511436875949624
3475 26.511436875949624
3476 26.511436875949624
3477 26.511436875949624
3478 26.51097911894152
3479 26.505501249724368
3480 26.505501249724368
3481 26.505501249724368
3482 26.505501249724368
3483 26.504570687259754
3484 26.498885419432845
3485 26.498885419432845
3486 26.498885419432845
3487 26.498885419432845
3488 26.498127912863126
3489 26.493170973199838
3490 26.493170973199838
3491 26.493170973199838
3492 26.493170973199838
3493 26.490317066499475
3494 26.485541285951474
3495 26.485541285951474
3496 26.485541285951474
3497 26.485541285951474
3498 26.484708577018317
3499 26.47911466751619
3500 26.47911466751619
3501 26.47911466751619
3502 26.47911466751619
3503 26.477395221774444
3504 26.47055888468874
3505 26.47055888468874
3506 26.47055888468874
3507 26.47055888468874
3508 26.470267364240883
3509 26.4642749933334
3510 26.4642749933334
3511 26.4642749933334
3512 26.4642749933334
3513 26.462624406819113
3514 26.456112608763664
3515 26.456112608763664
3516 26.456112608763664
3517 26.456112608763664
3518 26.454229397586616
3519 26.447733097648076
3520 26.447733097648076
3521 26.447733097648076
3522 26.447733097648076
3523 26.445320675540852
3524 26.43898035697182
3525 26.43898035697182
3526 26.43898035697182
3527 26.43898035697182
3528 26.438108795924318
3529 26.43339661124527
3530 26.43339661124527
3531 26.43339661124527
3532 26.43339661124527
3533 26.432210392714637
3534 26.425297124444153
3535 26.425297124444153
3536 26.425297124444153
3537 26.425297124444153
3538 26.424767406702777
3539 26.419499415097853
3540 26.419499415097853
3541 26.419499415097853
3542 26.419499415097853
3543 26.418863399155732
3544 26.412536227685255
3545 26.412536227685255
3546 26.412536227685255
3547 26.412536227685255
3548 26.41104711382811
3549 26.405287006615403
3550 26.405287006615403
3551 26.405287006615403
3552 26.405287006615403
3553 26.404025278908723
3554 26.3979212102026
3555 26.3979212102026
3556 26.3979212102026
3557 26.3979212102026
3558 26.397126821050104
3559 26.390452953520324
3560 26.390452953520324
3561 26.390452953520324
3562 26.389848984617238
3563 26.388356314859234
3564 26.382624656877397
3565 26.382624656877397
3566 26.382624656877397
3567 26.382624656877397
3568 26.38157462678183
3569 26.374074924881363
3570 26.374074924881363
3571 26.374074924881363
3572 26.374074924881363
3573 26.37337392824474
3574 26.3667355874686
3575 26.3667355874686
3576 26.3667355874686
3577 26.3667355874686
3578 26.36594739952876
3579 26.3597402953607
3580 26.3597402953607
3581 26.3597402953607
3582 26.3597402953607
3583 26.359609781842195
3584 26.352934552688076
3585 26.352934552688076
3586 26.352934552688076
3587 26.352934552688076
3588 26.35082693299226
3589 26.344397431490975
3590 26.344397431490975
3591 26.344397431490975
3592 26.344397431490975
3593 26.343793974240125
3594 26.3374216519613
3595 26.3374216519613
3596 26.3374216519613
3597 26.3374216519613
3598 26.336374328252496
3599 26.331710406932483
3600 26.331710406932483
3601 26.331710406932483
3602 26.331710406932483
3603 26.33085549502854
3604 26.32396841741622
3605 26.32396841741622
3606 26.32396841741622
3607 26.32396841741622
3608 26.322668566726907
3609 26.315944239542535
3610 26.315944239542535
3611 26.315944239542535
3612 26.315944239542535
3613 26.31523638042062
3614 26.309368472583493
3615 26.309368472583493
3616 26.309368472583493
3617 26.309368472583493
3618 26.308858280175105
3619 26.3031288218723
3620 26.3031288218723
3621 26.3031288218723
3622 26.3031288218723
3623 26.301694846818656
3624 26.293882460839125
3625 26.293882460839125
3626 26.293882460839125
3627 26.293882460839125
3628 26.293252361772897
3629 26.286863381054115
3630 26.286863381054115
3631 26.286863381054115
3632 26.286863381054115
3633 26.285919787617512
3634 26.279764681294424
3635 26.279764681294424
3636 26.279764681294424
3637 26.279764681294424
3638 26.27887516403426
3639 26.272854077840126
3640 26.272854077840126
3641 26.272854077840126
3642 26.272854077840126
3643 26.272709043715697
3644 26.26651269638845
3645 26.26651269638845
3646 26.26651269638845
3647 26.26651269638845
3648 26.266007136601207
3649 26.259214925751102
3650 26.259214925751102
3651 26.259214925751102
3652 26.259214925751102
3653 26.258319130661327
3654 26.25265902951011
3655 26.25265902951011
3656 26.25265902951011
3657 26.25265902951011
3658 26.25127029065634
3659 26.244921264934153
3660 26.244921264934153
3661 26.244921264934153
3662 26.244921264934153
3663 26.24352866569242
3664 26.23694186409216
3665 26.23694186409216
3666 26.23694186409216
3667 26.23694186409216
3668 26.235735578025366
3669 26.22933223353247
3670 26.22933223353247
3671 26.22933223353247
3672 26.22933223353247
3673 26.22812208065972
3674 26.22146281223753
3675 26.22146281223753
3676 26.22146281223753
3677 26.22146281223753
3678 26.22088851464169
3679 26.215282712809863
3680 26.215282712809863
3681 26.215282712809863
3682 26.215282712809863
3683 26.213472295594855
3684 26.208749359189696
3685 26.208749359189696
3686 26.208749359189696
3687 26.208749359189696
3688 26.207533895600122
3689 26.200780505732777
3690 26.200780505732777
3691 26.200780505732777
3692 26.200780505732777
3693 26.19907737820106
3694 26.19326252037595
3695 26.19326252037595
3696 26.19326252037595
3697 26.19326252037595
3698 26.19317419494302
3699 26.18808789590566
3700 26.18808789590566
3701 26.18808789590566
3702 26.18808789590566
3703 26.187839873132454
3704 26.183369770483704
3705 26.183369770483704
3706 26.183369770483704
3707 26.183369770483704
3708 26.183230479231593
3709 26.178223418014056
3710 26.178223418014056
3711 26.178223418014056
3712 26.178223418014056
3713 26.176749262085075
3714 26.172479296169676
3715 26.172479296169676
3716 26.172479296169676
3717 26.172479296169676
3718 26.172323981097367
3719 26.168184849128796
3720 26.168184849128796
3721 26.168184849128796
3722 26.168184849128796
3723 26.167561339619184
3724 26.162046220000644
3725 26.162046220000644
3726 26.162046220000644
3727 26.162046220000644
3728 26.16128118799066
3729 26.156489491787656
3730 26.156489491787656
3731 26.156489491787656
3732 26.156489491787656
3733 26.155631656219455
3734 26.150508672696866
3735 26.150508672696866
3736 26.150508672696866
3737 26.150508672696866
3738 26.148957971768564
3739 26.143515847028773
3740 26.143515847028773
3741 26.143515847028773
3742 26.143515847028773
3743 26.1430001640437
3744 26.13905871516941
3745 26.13905871516941
3746 26.13905871516941
3747 26.13905871516941
3748 26.138987456333176
3749 26.13437651927209
3750 26.13437651927209
3751 26.13437651927209
3752 26.13437651927209
3753 26.133731410793473
3754 26.12892628899722
3755 26.12892628899722
3756 26.12892628899722
3757 26.12892628899722
3758 26.12817614395732
3759 26.12312799992372
3760 26.12312799992372
3761 26.12312799992372
3762 26.12312799992372
3763 26.12242579599507
3764 26.117654166412482
3765 26.117654166412482
3766 26.117654166412482
3767 26.117654166412482
3768 26.116821725216777
3769 26.111339572992833
3770 26.111339572992833
3771 26.111339572992833
3772 26.111339572992833
3773 26.11053514342573
3774 26.105205240844853
3775 26.105205240844853
3776 26.105205240844853
3777 26.105205240844853
3778 26.104903339533248
3779 26.100580401073827
3780 26.100580401073827
3781 26.100580401073827
3782 26.100580401073827
3783 26.0993046930855
3784 26.093043607315977
3785 26.093043607315977
3786 26.093043607315977
3787 26.093043607315977
3788 26.091937694853108
3789 26.085906524268655
3790 26.085906524268655
3791 26.085906524268655
3792 26.085906524268655
3793 26.08502634219495
3794 26.08024675628119
3795 26.08024675628119
3796 26.08024675628119
3797 26.08024675628119
3798 26.079073348243583
3799 26.07297899038942
3800 26.07297899038942
3801 26.07297899038942
3802 26.07297899038942
3803 26.072201970862242
3804 26.066728536089038
3805 26.066728536089038
3806 26.066728536089038
3807 26.066728536089038
3808 26.065258184693427
3809 26.05946513119235
3810 26.05946513119235
3811 26.05946513119235
3812 26.05946513119235
3813 26.057970354342476
3814 26.052146701490212
3815 26.052146701490212
3816 26.052146701490212
3817 26.052134082636535
3818 26.050960955897505
3819 26.045068765380424
3820 26.045068765380424
3821 26.045068765380424
3822 26.045068765380424
3823 26.044068168129034
3824 26.038216907283093
3825 26.038216907283093
3826 26.038216907283093
3827 26.038216907283093
3828 26.03668358352678
3829 26.030204123028355
3830 26.030204123028355
3831 26.030204123028355
3832 26.029752505886425
3833 26.02844060621755
3834 26.02173427757981
3835 26.02173427757981
3836 26.02173427757981
3837 26.02173427757981
3838 26.021221889933635
3839 26.015458713898592
3840 26.015458713898592
3841 26.015458713898592
3842 26.015458713898592
3843 26.01481049454254
3844 26.00976455871965
3845 26.00976455871965
3846 26.00976455871965
3847 26.009174302484617
3848 26.00891063293812
3849 26.002548277784015
3850 26.002548277784015
3851 26.002548277784015
3852 26.002548277784015
3853 26.00169227589553
3854 25.994643545422797
3855 25.994643545422797
3856 25.994643545422797
3857 25.994643545422797
3858 25.992781082277514
3859 25.988012682459473
3860 25.988012682459473
3861 25.988012682459473
3862 25.988012682459473
3863 25.986273851812044
3864 25.978389652721223
3865 25.978389652721223
3866 25.978389652721223
3867 25.978389652721223
3868 25.976861192383055
3869 25.972193566055502
3870 25.972193566055502
3871 25.972193566055502
3872 25.972193566055502
3873 25.971219040534912
3874 25.96550225901878
3875 25.96550225901878
3876 25.96550225901878
3877 25.96550225901878
3878 25.964398291528365
3879 25.95896150129243
3880 25.95896150129243
3881 25.95896150129243
3882 25.95865162824541
3883 25.958380578882252
3884 25.95173085573686
3885 25.95173085573686
3886 25.95173085573686
3887 25.95173085573686
3888 25.95135761975386
3889 25.94450707137292
3890 25.94450707137292
3891 25.94450707137292
3892 25.94450707137292
3893 25.943775027441585
3894 25.93732381786583
3895 25.93732381786583
3896 25.93732381786583
3897 25.93732381786583
3898 25.93547874855112
3899 25.92933871906651
3900 25.92933871906651
3901 25.92933871906651
3902 25.92933871906651
3903 25.92897547874688
3904 25.923065010244503
3905 25.923065010244503
3906 25.923065010244503
3907 25.923065010244503
3908 25.92130242679227
3909 25.915420968614185
3910 25.915420968614185
3911 25.915420968614185
3912 25.915420968614185
3913 25.914686660109734
3914 25.910056339368037
3915 25.910056339368037
3916 25.910056339368037
3917 25.910056339368037
3918 25.90977137820353
3919 25.903737378968795
3920 25.903737378968795
3921 25.903737378968795
3922 25.903737378968795
3923 25.902947411028887
3924 25.897408312573887
3925 25.897408312573887
3926 25.897408312573887
3927 25.897408312573887
3928 25.896653622326376
3929 25.890997526107192
3930 25.890997526107192
3931 25.890997526107192
3932 25.890997526107192
3933 25.890385264786246
3934 25.88556090439338
3935 25.88556090439338
3936 25.88556090439338
3937 25.88556090439338
3938 25.885252281911075
3939 25.880539603704683
3940 25.880539603704683
3941 25.880539603704683
3942 25.880539603704683
3943 25.87973126330885
3944 25.87521784675567
3945 25.87521784675567
3946 25.87521784675567
3947 25.87521784675567
3948 25.87473236478725
3949 25.86942684113025
3950 25.86942684113025
3951 25.86942684113025
3952 25.86942684113025
3953 25.86835825507178
3954 25.8624062194795
3955 25.8624062194795
3956 25.8624062194795
3957 25.862196059042084
3958 25.860451238084487
3959 25.85463145155641
3960 25.85463145155641
3961 25.85463145155641
3962 25.85463145155641
3963 25.853905591469506
3964 25.848000785476597
3965 25.848000785476597
3966 25.848000785476597
3967 25.848000785476597
3968 25.846870394175685
3969 25.841521918971257
3970 25.841521918971257
3971 25.841521918971257
3972 25.841521918971257
3973 25.840026345151884
3974 25.834950518749324
3975 25.834950518749324
3976 25.834950518749324
3977 25.834786632284086
3978 25.83318752581386
3979 25.827120513932872
3980 25.827120513932872
3981 25.827120513932872
3982 25.827120513932872
3983 25.8260757445643
3984 25.820919696564527
3985 25.820919696564527
3986 25.820919696564527
3987 25.820919696564527
3988 25.82056476479206
3989 25.81571915041295
3990 25.81571915041295
3991 25.81571915041295
3992 25.81571915041295
3993 25.81520241502741
3994 25.810534049929952
3995 25.810534049929952
3996 25.810534049929952
3997 25.810534049929952
3998 25.80898620202999
3999 25.802922296015684
